1000
3
62 69 269 
390 151 214 
389 419 401 
215 300 68 
420 354 408 
234 393 347 
474 90 426 
113 193 43 
480 296 408 
122 290 115 
388 355 0 
491 47 22 
300 463 309 
260 337 98 
249 97 116 
327 90 222 
68 340 116 
28 307 67 
38 340 55 
180 389 174 
327 123 398 
466 25 495 
459 442 262 
362 431 310 
190 205 277 
53 79 371 
94 409 137 
105 166 67 
386 499 354 
60 116 115 
240 120 376 
456 374 322 
127 410 60 
448 420 337 
4 74 489 
56 275 497 
151 265 222 
307 297 18 
244 366 404 
206 475 324 
461 403 451 
308 96 96 
10 438 202 
292 50 318 
91 282 210 
59 277 182 
383 186 101 
253 76 218 
111 429 489 
154 409 49 
112 328 121 
113 470 90 
12 397 140 
118 168 484 
19 466 215 
327 278 250 
298 288 119 
402 408 371 
438 28 451 
84 433 252 
317 175 197 
147 433 476 
250 153 9 
58 90 271 
339 251 376 
281 56 74 
9 226 241 
22 0 442 
294 303 326 
29 46 44 
161 26 412 
144 54 269 
243 349 114 
455 69 398 
298 140 10 
397 275 56 
141 446 341 
183 345 403 
61 422 293 
314 174 428 
70 28 380 
9 69 444 
135 31 121 
296 123 278 
292 64 290 
166 158 233 
68 493 396 
408 12 66 
258 196 111 
110 206 38 
168 157 165 
9 487 445 
309 427 496 
336 219 232 
441 80 64 
109 220 56 
470 352 395 
225 11 46 
212 302 384 
309 245 378 
109 409 226 
285 179 183 
170 482 352 
26 393 372 
247 250 15 
255 87 318 
303 154 426 
301 462 88 
474 258 23 
40 128 229 
369 157 258 
198 319 303 
482 369 284 
256 370 352 
154 408 167 
150 58 8 
446 368 362 
149 46 342 
308 73 283 
22 143 135 
1 321 403 
297 204 321 
486 315 332 
276 46 379 
2 260 79 
399 430 151 
373 327 493 
253 7 484 
318 180 99 
78 252 20 
250 455 87 
29 104 253 
488 430 21 
82 40 172 
311 394 386 
60 24 474 
492 202 60 
264 95 327 
277 372 423 
178 271 326 
14 79 467 
269 411 144 
231 328 118 
414 499 96 
135 364 60 
303 220 127 
197 208 66 
135 49 379 
362 337 276 
192 432 270 
245 256 169 
75 201 356 
251 463 421 
363 458 275 
116 83 92 
497 320 72 
312 370 343 
353 307 361 
353 192 36 
131 352 308 
234 289 493 
366 473 405 
134 317 438 
62 30 63 
404 479 168 
102 203 211 
464 367 164 
155 452 98 
187 213 371 
131 374 126 
444 161 447 
222 426 122 
478 223 237 
231 13 16 
293 214 375 
321 462 74 
312 209 367 
206 266 215 
289 167 451 
175 156 395 
151 8 370 
219 289 483 
376 241 151 
499 298 71 
234 446 254 
69 96 265 
396 197 96 
192 146 454 
56 147 314 
26 402 202 
219 134 117 
191 89 280 
20 225 268 
315 209 219 
104 280 216 
40 10 96 
375 159 165 
495 450 48 
480 71 376 
162 12 213 
184 103 410 
458 278 273 
261 418 78 
363 66 228 
76 285 61 
438 431 309 
277 95 99 
120 121 146 
422 56 290 
9 38 84 
5 376 41 
189 477 440 
23 460 230 
121 381 71 
413 108 443 
297 148 150 
355 234 14 
298 214 126 
228 24 68 
113 351 112 
156 173 210 
378 50 341 
161 245 96 
100 36 388 
320 214 458 
363 128 321 
405 15 149 
210 374 72 
298 455 366 
333 185 299 
228 420 160 
266 236 383 
18 195 25 
479 329 211 
171 67 499 
3 72 421 
25 114 132 
325 452 427 
20 203 224 
26 363 160 
168 429 329 
69 447 353 
393 388 77 
447 386 203 
397 194 363 
143 175 203 
236 181 287 
469 297 253 
8 115 105 
145 412 215 
7 245 361 
248 389 186 
413 332 459 
84 499 372 
220 489 185 
378 140 171 
355 54 77 
489 26 13 
68 391 462 
230 172 192 
294 46 359 
457 365 104 
376 461 58 
134 228 431 
317 19 54 
193 5 393 
331 463 383 
127 96 316 
477 137 293 
357 369 325 
422 258 25 
403 5 224 
387 264 471 
480 185 287 
490 6 146 
319 320 279 
93 337 398 
12 220 87 
264 1 138 
379 216 445 
381 88 494 
452 238 363 
266 376 19 
365 206 96 
171 43 475 
149 482 58 
120 410 108 
369 250 182 
352 198 14 
169 175 279 
85 479 167 
279 429 395 
321 340 138 
211 389 54 
164 26 476 
398 137 499 
350 425 127 
484 244 486 
51 471 165 
291 177 292 
145 487 292 
82 481 165 
70 21 402 
472 445 53 
498 8 450 
268 224 272 
163 128 105 
27 323 335 
411 342 337 
197 419 167 
90 338 391 
356 313 382 
477 339 18 
47 140 458 
416 384 465 
347 143 151 
27 342 92 
152 55 210 
196 93 370 
286 193 264 
316 454 149 
307 455 331 
32 292 479 
12 469 212 
464 378 429 
23 186 387 
468 47 432 
215 194 108 
441 423 397 
92 492 111 
193 387 258 
271 141 55 
255 115 198 
371 381 229 
398 186 94 
232 133 431 
234 123 428 
84 4 223 
384 492 469 
25 299 345 
115 140 38 
150 181 483 
474 414 192 
440 133 64 
317 134 41 
488 254 397 
289 114 311 
200 48 305 
491 58 405 
266 361 273 
149 368 81 
353 213 386 
63 402 477 
340 114 370 
322 222 498 
98 107 297 
336 7 311 
448 328 425 
39 32 13 
4 499 185 
357 131 56 
321 467 346 
184 330 282 
99 206 301 
256 93 341 
1 289 90 
488 411 195 
464 121 144 
390 307 390 
76 337 293 
89 186 435 
383 292 44 
293 419 189 
435 1 59 
212 64 348 
10 387 490 
28 218 19 
80 496 47 
373 450 143 
306 436 452 
48 390 107 
147 185 128 
331 313 138 
353 478 32 
260 86 467 
59 36 103 
18 412 402 
14 369 78 
387 468 144 
391 470 381 
38 154 466 
193 281 116 
290 190 236 
492 172 310 
341 281 400 
403 417 484 
185 406 75 
120 112 133 
177 159 96 
387 111 38 
335 370 56 
304 387 488 
59 487 279 
447 189 349 
285 192 100 
139 179 11 
15 404 438 
6 51 49 
83 203 492 
68 470 140 
365 211 398 
210 21 283 
167 494 405 
79 370 361 
174 379 458 
298 205 349 
32 290 104 
127 153 239 
280 371 192 
386 381 349 
103 212 41 
83 304 244 
461 347 421 
423 83 285 
197 461 0 
184 210 52 
54 400 360 
451 173 289 
244 425 444 
111 206 376 
361 290 493 
101 233 246 
356 414 69 
140 422 140 
293 287 272 
410 327 146 
303 426 433 
319 233 35 
209 298 368 
141 89 456 
110 85 91 
359 257 233 
43 478 218 
485 317 18 
110 415 463 
397 269 57 
42 94 355 
93 425 174 
158 273 329 
94 349 385 
409 127 282 
211 184 51 
246 279 97 
297 187 128 
436 25 209 
346 245 338 
26 358 105 
132 67 459 
301 118 251 
331 100 85 
50 435 391 
495 380 308 
39 268 362 
391 190 239 
210 96 214 
457 346 216 
55 78 386 
460 278 157 
27 286 99 
22 9 354 
492 471 89 
90 74 21 
256 36 237 
341 311 481 
134 127 107 
397 232 189 
130 316 225 
298 465 200 
38 119 154 
149 186 179 
98 481 329 
3 248 106 
184 419 168 
97 310 405 
434 2 4 
77 243 238 
358 151 285 
217 495 57 
268 186 315 
102 122 316 
146 332 257 
130 460 99 
124 23 307 
316 318 17 
13 165 307 
196 118 394 
360 476 275 
297 243 336 
413 79 126 
273 53 296 
133 175 358 
162 371 402 
21 421 177 
325 9 309 
241 24 182 
410 317 189 
227 237 317 
331 180 289 
36 118 40 
425 379 242 
71 332 272 
334 156 119 
410 432 447 
467 474 53 
45 492 137 
288 498 10 
169 228 239 
387 159 458 
248 169 255 
160 150 498 
436 252 134 
78 303 70 
323 70 129 
330 150 323 
416 189 139 
473 211 35 
73 378 212 
61 46 39 
419 142 144 
486 257 44 
40 147 368 
205 14 93 
241 389 59 
148 236 477 
91 42 431 
3 438 51 
442 25 298 
202 283 24 
488 85 458 
491 372 232 
286 376 478 
267 499 343 
21 131 83 
93 344 207 
335 180 498 
168 75 366 
68 50 74 
419 165 398 
205 410 129 
334 407 104 
334 259 434 
55 221 71 
213 94 390 
58 305 61 
26 387 11 
413 350 433 
476 26 212 
451 424 17 
199 138 321 
397 205 9 
371 282 389 
479 189 29 
267 138 459 
7 303 123 
463 333 105 
83 415 453 
216 221 365 
8 294 29 
219 135 120 
425 386 63 
88 135 373 
484 195 224 
446 327 126 
260 232 126 
92 346 65 
157 369 267 
180 391 371 
235 455 406 
486 297 499 
0 155 29 
309 211 34 
15 173 52 
320 298 130 
303 168 218 
200 223 30 
139 154 146 
358 316 276 
212 48 493 
182 278 480 
61 196 157 
233 144 494 
113 335 337 
163 436 181 
448 313 135 
162 479 103 
209 25 166 
55 230 420 
113 73 144 
282 314 86 
162 308 304 
183 53 285 
8 184 241 
403 318 188 
248 458 456 
91 118 321 
87 90 441 
136 135 124 
191 371 126 
226 350 426 
45 267 144 
150 212 146 
122 172 259 
152 443 18 
25 406 321 
474 68 239 
324 432 255 
200 74 475 
14 181 40 
344 112 8 
119 75 380 
196 67 42 
13 380 465 
126 290 295 
428 452 59 
268 27 257 
146 326 193 
26 87 413 
370 131 235 
226 197 141 
31 434 59 
106 253 458 
119 144 207 
450 209 201 
345 15 226 
406 427 319 
54 269 280 
144 1 149 
41 346 358 
124 433 2 
154 155 145 
124 86 70 
41 253 277 
188 171 286 
248 160 309 
480 115 78 
205 353 53 
159 107 133 
413 235 459 
326 297 497 
214 142 467 
458 189 166 
215 52 432 
273 227 374 
141 383 51 
205 151 0 
330 293 134 
109 97 53 
223 124 91 
38 193 61 
333 35 300 
398 237 7 
208 101 350 
88 206 193 
431 95 327 
445 381 96 
50 381 479 
203 293 331 
245 43 144 
135 417 401 
22 224 271 
149 268 9 
267 412 424 
168 25 45 
283 38 32 
105 8 481 
348 326 181 
116 194 65 
383 439 70 
372 186 308 
298 191 214 
145 34 376 
407 273 360 
270 324 231 
486 419 67 
12 202 489 
93 34 301 
167 368 121 
388 37 451 
70 404 133 
17 280 494 
30 426 170 
23 411 175 
76 58 130 
9 390 33 
127 190 147 
373 495 288 
76 43 226 
374 135 155 
333 357 123 
487 242 36 
490 185 229 
153 211 262 
311 365 43 
136 202 146 
402 111 233 
123 327 217 
332 357 387 
24 283 141 
68 413 19 
370 103 486 
277 337 452 
495 416 300 
34 86 399 
233 146 419 
140 452 26 
92 356 192 
15 311 242 
198 188 321 
487 107 34 
497 412 294 
316 418 421 
286 168 169 
483 226 125 
477 376 219 
276 445 110 
338 458 112 
425 379 232 
341 318 166 
110 401 14 
206 102 51 
161 395 128 
198 28 285 
383 202 365 
95 295 96 
78 398 27 
44 198 400 
323 302 311 
54 158 149 
57 354 33 
105 403 104 
288 359 436 
347 367 223 
414 200 53 
217 240 296 
73 290 400 
320 393 130 
434 55 192 
187 142 359 
449 218 1 
24 38 273 
359 250 255 
373 207 430 
79 305 188 
180 53 60 
107 88 265 
473 114 404 
335 337 324 
422 497 103 
76 263 328 
0 280 200 
444 232 409 
56 396 2 
117 135 446 
227 418 441 
169 223 142 
156 81 165 
109 117 92 
276 90 302 
138 41 314 
274 300 431 
320 248 355 
251 402 418 
191 368 353 
498 299 398 
275 375 19 
488 141 71 
461 160 409 
472 26 96 
158 418 168 
130 19 128 
265 131 275 
439 495 126 
341 360 244 
297 421 72 
130 382 291 
394 304 320 
212 442 203 
348 469 114 
267 411 227 
30 394 165 
145 161 479 
465 103 234 
141 492 319 
325 283 64 
492 124 228 
175 295 94 
488 116 227 
415 89 369 
273 245 376 
123 264 75 
392 392 208 
45 158 412 
34 195 456 
386 344 467 
3 169 69 
238 392 416 
127 395 170 
439 375 497 
14 237 222 
370 13 310 
243 376 31 
389 317 223 
313 448 70 
342 368 360 
446 488 414 
44 142 123 
462 29 70 
409 27 177 
6 237 118 
258 44 337 
282 34 107 
126 126 300 
255 325 161 
369 433 214 
294 401 4 
298 430 354 
478 43 58 
468 157 227 
291 146 49 
241 266 344 
294 490 218 
286 20 492 
145 206 223 
441 242 435 
250 487 12 
466 20 15 
175 249 225 
345 409 215 
447 51 410 
334 104 193 
477 85 177 
237 414 402 
345 403 340 
115 57 493 
352 274 216 
46 189 407 
438 305 423 
367 338 261 
38 266 441 
123 136 21 
11 380 323 
383 8 205 
434 499 316 
141 188 339 
288 351 114 
219 121 54 
134 67 11 
266 496 19 
75 99 118 
203 298 360 
52 76 399 
114 241 66 
388 280 106 
87 228 177 
52 413 128 
176 458 324 
484 483 421 
71 195 467 
259 441 127 
228 251 88 
395 138 271 
330 406 240 
286 155 276 
429 13 32 
325 264 452 
238 462 217 
450 399 5 
254 405 74 
249 164 420 
217 134 80 
127 221 447 
125 273 279 
333 333 270 
118 277 335 
420 92 7 
356 465 445 
150 228 431 
195 240 310 
114 230 70 
385 123 372 
268 353 269 
459 211 125 
378 363 372 
397 489 323 
327 11 487 
85 134 305 
317 79 339 
190 40 368 
268 420 272 
481 429 477 
151 44 137 
298 250 294 
454 2 378 
126 60 289 
220 125 33 
138 362 94 
358 426 27 
376 90 458 
23 250 55 
115 40 147 
334 190 217 
167 465 280 
184 94 5 
136 432 344 
51 101 418 
357 123 234 
381 60 123 
191 116 483 
62 158 150 
94 300 244 
17 285 355 
11 213 336 
128 493 5 
102 220 439 
421 498 435 
327 95 7 
46 412 383 
453 177 133 
194 485 16 
65 366 70 
407 70 187 
279 321 75 
215 331 282 
485 221 63 
322 70 189 
246 366 218 
175 94 178 
276 230 479 
140 487 351 
386 115 174 
346 40 188 
281 71 209 
331 208 171 
220 383 342 
486 493 331 
455 319 214 
130 331 491 
71 182 382 
155 120 324 
49 14 321 
100 151 428 
39 51 158 
0 302 383 
120 100 483 
264 3 74 
463 492 348 
193 313 317 
428 166 253 
478 437 401 
10 370 456 
388 140 466 
386 210 423 
424 128 418 
331 169 76 
351 165 43 
393 300 314 
49 355 313 
43 305 252 
176 201 363 
103 403 88 
336 84 123 
172 106 273 
121 288 331 
392 158 107 
150 496 440 
468 281 258 
53 209 373 
494 436 108 
236 256 298 
427 385 139 
144 251 499 
483 50 4 
419 234 305 
398 296 45 
182 239 369 
356 207 70 
154 42 371 
362 385 126 
118 29 44 
311 47 275 
427 116 461 
361 455 420 
485 450 162 
230 230 74 
196 307 48 
451 319 176 
55 2 331 
320 36 174 
232 19 42 
364 496 382 
