1000
3
399 218 461 
83 45 419 
183 134 306 
146 339 82 
138 39 225 
328 146 122 
422 35 395 
327 167 416 
360 246 167 
270 460 169 
238 368 395 
134 111 163 
169 220 134 
439 118 363 
211 330 429 
364 314 496 
218 192 60 
485 370 164 
6 163 7 
401 70 164 
457 82 199 
248 438 338 
174 111 253 
370 315 361 
313 325 257 
420 385 110 
387 160 187 
475 440 458 
232 187 258 
350 27 222 
259 86 250 
114 237 440 
338 314 49 
69 357 87 
487 405 311 
347 40 387 
198 421 272 
474 384 300 
222 26 399 
388 99 260 
220 459 436 
172 17 245 
413 65 112 
370 239 272 
238 353 193 
75 247 486 
88 317 425 
334 260 330 
384 411 243 
340 98 35 
12 258 281 
98 228 474 
108 64 71 
174 28 289 
74 224 463 
183 51 18 
23 230 361 
252 201 484 
128 9 96 
340 145 378 
391 277 282 
27 124 432 
148 480 259 
382 490 440 
105 324 494 
452 424 186 
206 466 41 
467 327 78 
43 327 72 
267 45 214 
478 311 414 
493 369 444 
467 180 30 
51 273 443 
183 226 41 
183 233 230 
294 164 281 
220 343 404 
251 410 38 
439 31 107 
249 87 337 
255 75 220 
376 332 491 
72 452 277 
262 104 138 
1 359 42 
40 305 80 
299 70 0 
371 471 403 
456 491 293 
282 213 357 
177 490 218 
415 448 236 
72 188 426 
220 39 479 
307 390 260 
450 52 120 
41 183 191 
82 249 78 
482 137 331 
420 388 28 
454 57 213 
309 148 470 
55 321 203 
126 195 492 
113 279 294 
212 52 252 
431 164 106 
346 422 448 
419 276 473 
472 253 332 
324 207 194 
297 74 259 
217 54 12 
490 290 337 
210 131 68 
234 437 367 
456 83 5 
372 384 109 
230 1 187 
305 210 248 
333 1 433 
289 344 45 
478 446 113 
406 320 476 
112 341 93 
173 194 341 
418 133 369 
348 62 244 
379 453 98 
189 409 81 
151 441 195 
163 444 38 
445 336 427 
216 68 275 
277 407 82 
238 402 387 
97 447 247 
440 3 195 
476 416 491 
146 310 100 
176 328 302 
248 399 110 
204 435 60 
32 38 396 
338 143 69 
166 228 176 
322 47 75 
113 444 44 
113 312 33 
29 136 134 
487 121 73 
449 165 35 
241 335 290 
144 146 359 
355 418 215 
294 40 394 
13 202 309 
459 277 262 
319 390 371 
167 231 377 
238 291 204 
320 459 198 
80 396 157 
377 24 297 
270 295 313 
22 11 282 
392 358 317 
30 199 170 
276 323 250 
370 150 216 
236 42 121 
53 413 203 
363 369 113 
438 391 241 
384 117 177 
158 162 16 
54 494 471 
396 49 146 
371 304 374 
419 168 132 
98 351 200 
207 310 299 
3 388 120 
0 282 65 
83 290 257 
269 386 377 
324 268 156 
31 112 442 
177 320 58 
293 45 290 
193 59 90 
280 97 68 
135 1 44 
111 143 385 
292 145 473 
269 440 248 
138 377 220 
15 22 439 
132 152 188 
174 284 297 
188 265 6 
284 419 386 
69 413 161 
240 478 58 
288 101 83 
371 5 173 
100 183 132 
76 381 288 
382 314 33 
263 267 489 
77 452 110 
423 246 442 
392 467 177 
290 248 451 
301 363 442 
460 67 117 
215 262 457 
142 465 71 
173 123 57 
95 261 223 
249 221 425 
343 1 441 
245 222 337 
169 233 16 
249 191 131 
283 361 206 
315 69 20 
93 395 293 
137 73 102 
128 483 454 
208 140 351 
378 3 449 
416 238 159 
416 168 290 
177 157 490 
75 26 109 
134 183 320 
66 322 245 
291 127 183 
180 145 127 
313 252 116 
277 120 464 
240 282 386 
362 117 392 
382 308 320 
155 280 87 
429 434 41 
227 226 160 
430 311 363 
425 267 455 
218 332 277 
200 207 479 
365 171 208 
386 381 418 
358 385 6 
376 411 177 
460 472 17 
254 281 306 
337 487 404 
318 98 190 
46 321 29 
424 180 334 
436 437 341 
378 203 25 
12 81 466 
211 293 6 
454 111 268 
85 181 348 
118 179 225 
459 193 46 
37 383 48 
312 117 362 
119 251 419 
148 85 87 
244 439 39 
160 166 96 
318 62 497 
478 374 71 
257 221 373 
272 429 160 
347 148 410 
216 212 378 
255 366 140 
150 105 248 
412 380 172 
345 438 298 
137 418 159 
84 120 496 
196 276 337 
280 238 211 
202 379 215 
67 460 132 
375 433 35 
164 265 144 
349 36 171 
99 311 481 
208 463 467 
374 228 79 
150 19 300 
419 382 135 
200 82 400 
267 210 284 
163 336 168 
415 465 316 
0 168 499 
346 202 414 
377 277 43 
340 440 259 
278 409 192 
301 248 338 
62 164 68 
379 215 416 
238 430 4 
224 404 493 
12 10 327 
158 328 187 
48 2 250 
152 494 448 
369 74 189 
361 46 272 
46 113 148 
319 177 495 
294 302 9 
341 393 159 
410 147 158 
175 125 91 
415 394 245 
415 101 86 
389 112 129 
195 328 130 
424 359 264 
68 45 441 
328 406 223 
421 217 186 
337 342 443 
253 169 61 
493 27 344 
37 234 310 
479 124 304 
119 280 345 
303 70 93 
371 404 229 
403 358 424 
128 480 277 
352 28 89 
333 162 439 
74 110 109 
16 91 192 
255 20 340 
344 487 81 
371 325 287 
79 262 10 
33 13 241 
354 434 81 
149 303 156 
356 471 427 
220 480 428 
117 456 221 
281 337 51 
292 260 440 
170 59 9 
111 268 322 
115 405 214 
54 83 216 
33 221 276 
166 451 305 
470 97 228 
486 485 498 
313 35 21 
30 58 1 
166 275 170 
312 306 118 
337 235 400 
497 365 175 
122 97 258 
135 3 121 
279 51 202 
283 487 380 
267 301 474 
280 423 492 
14 347 216 
13 481 317 
106 191 463 
394 5 345 
397 105 324 
268 413 57 
271 310 470 
491 403 488 
424 433 139 
295 178 399 
295 58 284 
113 300 398 
92 37 254 
254 165 103 
121 313 382 
259 336 227 
97 374 0 
77 447 33 
186 377 168 
282 76 342 
221 369 166 
177 178 473 
418 82 383 
481 441 130 
68 266 433 
417 227 89 
319 451 230 
21 14 104 
417 195 122 
46 71 400 
284 336 78 
117 183 137 
420 97 260 
105 334 47 
335 84 279 
146 469 9 
446 320 131 
199 253 227 
65 316 130 
155 148 274 
456 253 273 
192 55 448 
494 445 453 
406 32 332 
341 34 217 
232 443 301 
217 350 398 
487 103 469 
286 285 152 
278 225 301 
146 454 339 
14 380 90 
355 89 356 
274 174 144 
60 334 117 
147 57 153 
139 398 236 
219 331 71 
43 450 332 
5 480 249 
470 492 186 
258 57 307 
41 18 214 
188 220 464 
471 220 74 
138 364 53 
129 8 400 
376 260 283 
229 339 199 
469 75 280 
209 349 0 
368 195 277 
70 60 356 
392 364 322 
346 146 211 
484 122 258 
279 73 261 
424 257 68 
139 344 328 
264 144 203 
497 270 10 
490 277 66 
458 348 377 
137 320 149 
205 118 42 
409 370 184 
82 250 87 
53 155 299 
19 327 354 
369 180 112 
269 20 247 
378 401 232 
248 445 326 
311 203 185 
143 208 13 
393 393 64 
481 78 264 
144 230 416 
177 330 41 
19 388 55 
33 318 351 
488 87 470 
432 388 101 
149 455 489 
199 6 467 
205 60 30 
150 269 347 
197 205 413 
122 343 31 
396 300 457 
427 324 259 
259 280 462 
229 429 420 
216 240 495 
165 255 362 
134 496 447 
46 245 169 
469 489 221 
29 362 137 
369 459 379 
424 9 193 
354 246 326 
402 154 204 
198 273 146 
17 7 121 
240 375 355 
268 197 371 
187 307 207 
115 169 196 
382 317 251 
215 228 136 
403 279 351 
154 148 388 
262 269 111 
446 105 152 
239 486 241 
259 371 25 
408 256 419 
63 425 4 
407 289 65 
312 232 6 
471 85 342 
4 193 116 
59 495 128 
204 122 21 
229 221 182 
344 198 93 
463 336 301 
459 150 37 
304 329 221 
169 363 336 
356 344 215 
306 224 266 
111 206 462 
378 137 331 
353 496 162 
372 497 151 
71 10 191 
425 357 33 
323 225 436 
33 272 220 
288 375 220 
114 237 51 
128 139 313 
417 446 233 
8 49 146 
96 104 385 
418 100 363 
446 492 244 
375 82 474 
332 392 260 
44 426 497 
187 247 131 
480 69 241 
488 80 233 
50 124 194 
312 250 256 
432 165 204 
422 323 216 
171 37 55 
315 396 477 
265 472 329 
23 40 259 
297 239 477 
396 265 349 
494 79 163 
232 327 188 
201 122 380 
130 252 29 
122 56 151 
479 253 490 
8 160 62 
366 383 386 
243 70 167 
82 180 431 
450 114 377 
461 444 100 
414 370 123 
168 302 189 
193 78 417 
339 47 143 
461 308 447 
178 224 52 
22 108 25 
102 273 469 
120 159 473 
434 16 80 
469 156 384 
286 288 131 
317 406 128 
496 0 437 
387 277 147 
250 156 294 
87 374 370 
85 274 46 
246 319 482 
315 386 390 
119 133 291 
160 173 303 
351 175 205 
397 476 343 
402 225 450 
168 228 58 
48 160 227 
464 455 313 
222 26 194 
0 94 480 
401 266 326 
302 33 145 
180 457 90 
159 139 239 
313 488 21 
87 18 290 
159 121 257 
252 195 472 
68 83 481 
205 429 433 
184 302 310 
238 365 464 
496 42 250 
13 404 388 
5 82 144 
241 134 300 
1 301 491 
144 138 331 
44 177 159 
0 472 313 
268 249 111 
440 33 486 
436 100 499 
415 426 87 
136 423 221 
43 80 56 
280 472 485 
242 310 65 
324 400 369 
241 42 284 
10 405 187 
72 307 218 
154 49 388 
120 326 9 
30 62 255 
462 225 243 
34 289 389 
362 332 48 
280 182 154 
171 127 336 
146 451 287 
193 49 446 
250 13 325 
108 64 238 
374 67 8 
443 202 293 
283 80 149 
42 225 203 
483 33 479 
197 449 269 
98 495 280 
77 327 261 
6 124 286 
164 325 435 
352 9 82 
469 276 293 
39 222 410 
404 302 25 
478 10 94 
3 184 292 
307 12 361 
170 318 493 
258 401 359 
21 384 88 
232 286 144 
472 331 119 
55 409 183 
447 199 153 
247 41 462 
284 421 51 
400 10 11 
422 497 100 
29 272 80 
373 31 329 
403 281 184 
372 404 117 
472 318 361 
430 286 129 
472 417 467 
438 425 404 
104 17 390 
422 482 63 
390 201 169 
66 489 249 
62 481 232 
302 318 238 
352 271 213 
237 494 481 
84 164 451 
498 27 193 
409 267 286 
121 238 206 
263 253 291 
338 249 219 
402 33 181 
436 39 484 
262 13 237 
41 307 416 
273 417 104 
31 282 454 
497 61 112 
320 489 290 
428 493 43 
66 249 171 
135 418 90 
401 19 62 
499 26 220 
98 446 221 
217 328 87 
323 452 4 
231 140 153 
438 170 80 
223 285 304 
246 361 189 
352 107 422 
120 441 421 
317 43 233 
464 28 152 
446 146 112 
52 112 43 
395 389 345 
23 494 477 
329 195 250 
222 179 99 
53 95 76 
147 477 457 
371 61 474 
380 421 176 
318 109 159 
168 223 316 
11 440 156 
227 372 65 
132 425 427 
8 132 265 
395 415 124 
499 356 350 
26 177 80 
102 386 120 
70 455 226 
330 269 266 
234 408 69 
454 497 466 
65 249 448 
242 192 447 
83 30 486 
426 113 33 
4 361 391 
420 16 242 
482 367 21 
228 376 499 
114 202 390 
101 373 498 
88 349 414 
350 489 384 
126 229 309 
84 59 280 
244 321 406 
75 25 321 
296 78 97 
338 305 496 
204 104 115 
343 130 242 
452 460 398 
377 37 450 
139 12 171 
238 207 12 
206 273 254 
100 463 329 
421 489 163 
162 32 191 
280 350 1 
357 241 273 
483 155 110 
235 411 238 
157 216 123 
421 199 145 
333 350 439 
437 371 409 
310 134 173 
384 17 79 
114 4 224 
432 300 341 
339 96 356 
173 102 163 
187 404 197 
156 184 491 
487 338 183 
106 238 256 
250 456 285 
235 98 402 
186 251 148 
369 213 298 
146 121 273 
204 30 66 
182 10 350 
143 108 178 
195 414 79 
331 124 95 
220 202 287 
425 473 43 
260 67 394 
232 145 428 
52 353 333 
57 387 445 
175 0 219 
441 288 10 
235 413 347 
383 11 157 
302 66 492 
343 126 401 
138 375 178 
130 253 312 
369 359 477 
464 242 488 
141 219 414 
255 496 70 
205 406 119 
315 69 77 
90 278 156 
435 53 271 
228 67 51 
495 358 20 
284 116 201 
470 32 308 
305 332 95 
102 172 358 
271 309 405 
91 265 459 
320 221 129 
470 173 254 
349 490 61 
451 201 198 
403 365 197 
53 404 299 
364 301 490 
431 178 250 
380 488 77 
489 167 81 
400 65 20 
385 139 345 
443 347 216 
144 36 278 
428 204 396 
345 46 377 
178 284 266 
238 237 286 
373 407 183 
348 441 371 
265 412 475 
21 154 83 
278 85 400 
141 460 1 
217 419 423 
182 315 231 
38 190 116 
32 377 99 
206 73 304 
173 335 331 
16 455 457 
115 268 51 
5 14 140 
53 117 389 
470 109 384 
250 83 44 
462 52 405 
98 182 403 
59 246 33 
207 203 265 
195 487 158 
103 92 27 
163 107 217 
103 381 251 
490 159 175 
80 406 311 
131 317 234 
92 123 427 
354 54 17 
480 285 181 
254 201 180 
427 410 30 
222 288 310 
258 43 189 
466 71 59 
455 346 287 
375 371 96 
178 111 127 
73 332 335 
340 386 359 
336 407 173 
42 345 259 
125 238 84 
454 107 22 
7 64 203 
234 452 52 
459 480 458 
89 206 282 
217 32 33 
404 374 277 
272 107 284 
277 481 440 
491 328 191 
327 444 76 
44 36 312 
496 55 487 
33 427 378 
288 143 289 
397 498 404 
425 81 1 
373 213 372 
91 38 379 
44 480 289 
85 415 370 
146 155 43 
404 18 26 
76 463 82 
84 115 468 
459 332 220 
417 92 396 
248 150 232 
353 169 444 
207 392 316 
204 23 454 
294 479 304 
207 199 398 
349 264 243 
166 143 347 
6 494 457 
240 384 196 
481 206 26 
219 485 12 
324 353 293 
270 396 174 
282 143 288 
409 257 148 
48 51 438 
453 259 375 
87 124 260 
207 189 228 
432 470 95 
238 375 91 
439 2 57 
91 353 59 
140 208 221 
337 0 244 
237 110 78 
109 33 294 
482 50 404 
450 88 36 
412 437 57 
432 161 302 
484 492 283 
452 36 9 
251 363 485 
103 321 131 
347 173 467 
256 38 277 
401 309 49 
285 496 118 
429 143 337 
417 107 445 
341 396 439 
1 271 365 
332 32 135 
40 73 296 
489 18 389 
456 153 87 
230 40 198 
465 263 233 
468 8 429 
138 409 71 
262 322 365 
233 282 330 
411 413 49 
412 456 84 
454 145 305 
148 241 408 
493 39 440 
380 384 418 
277 208 161 
116 172 259 
71 247 129 
83 323 261 
136 367 213 
208 225 480 
156 348 318 
112 282 55 
356 246 312 
388 159 494 
344 497 399 
194 169 490 
276 332 264 
229 488 79 
