1000
3
435 153 240 
388 150 304 
326 306 476 
348 265 288 
64 292 189 
462 195 302 
78 135 446 
166 246 458 
169 394 477 
211 112 440 
265 273 239 
309 206 451 
391 470 62 
251 420 34 
58 248 98 
430 377 340 
293 450 5 
86 93 29 
53 483 294 
496 246 260 
105 284 51 
252 112 365 
420 46 237 
115 41 217 
239 373 240 
310 56 162 
57 68 443 
311 163 20 
498 226 125 
467 208 229 
99 240 354 
36 450 382 
63 377 306 
476 287 358 
403 357 48 
132 304 74 
305 66 181 
275 52 322 
246 181 278 
14 226 451 
139 412 374 
296 6 490 
423 470 441 
276 240 98 
329 484 460 
306 97 288 
476 196 130 
124 92 260 
498 11 60 
225 168 92 
307 322 234 
26 300 113 
246 221 182 
234 48 80 
34 273 292 
347 175 317 
253 97 198 
284 61 52 
75 460 488 
226 456 368 
328 180 385 
401 495 347 
166 421 173 
322 246 446 
481 479 445 
61 47 357 
492 137 379 
287 120 122 
477 268 381 
450 409 215 
486 114 371 
131 63 332 
281 243 115 
398 392 43 
40 71 7 
182 176 230 
314 153 265 
427 389 118 
128 250 475 
214 287 255 
226 401 39 
480 124 84 
387 310 95 
361 427 326 
374 447 75 
125 484 377 
146 468 10 
232 288 50 
165 265 417 
168 398 133 
389 322 268 
421 333 408 
492 211 247 
472 114 350 
218 3 439 
346 344 315 
35 35 73 
51 195 304 
178 219 33 
73 131 488 
103 426 315 
324 321 299 
438 295 178 
136 247 117 
43 358 124 
148 492 197 
187 50 175 
121 53 383 
463 400 446 
309 299 258 
43 322 445 
172 232 12 
46 475 481 
353 470 148 
440 1 12 
157 406 464 
484 355 368 
357 482 64 
252 269 201 
104 381 325 
216 112 303 
414 56 427 
125 455 67 
140 489 7 
93 306 166 
410 290 66 
90 61 44 
128 330 449 
162 425 367 
279 458 405 
423 387 236 
250 409 452 
197 99 309 
33 380 463 
301 407 6 
326 209 33 
125 39 74 
350 367 356 
458 437 285 
475 187 186 
104 398 491 
162 111 341 
328 181 283 
133 477 201 
124 325 446 
74 218 341 
316 393 9 
486 133 234 
181 436 275 
66 429 320 
307 287 302 
23 162 82 
121 489 452 
191 139 327 
313 275 433 
291 349 45 
472 378 220 
471 169 140 
19 111 363 
167 334 447 
123 146 363 
272 205 153 
240 152 293 
118 157 459 
352 24 305 
132 346 256 
411 458 224 
497 188 486 
299 432 24 
452 440 45 
247 89 147 
387 471 251 
328 98 84 
76 69 28 
371 174 166 
253 276 20 
302 162 286 
394 495 14 
317 404 82 
76 93 17 
100 231 425 
39 401 191 
15 334 232 
196 187 441 
344 470 123 
194 54 184 
298 454 386 
134 76 58 
325 142 207 
321 329 458 
380 186 161 
256 389 286 
473 356 72 
338 256 87 
392 280 13 
45 243 8 
119 456 49 
3 111 420 
96 244 288 
32 377 274 
418 367 327 
178 20 168 
395 457 455 
324 252 180 
336 329 217 
256 489 413 
89 469 218 
13 467 378 
155 104 446 
270 286 160 
309 166 219 
423 473 487 
59 303 279 
221 238 52 
445 439 489 
420 332 362 
69 382 176 
283 430 404 
437 100 387 
414 183 386 
463 430 148 
282 241 58 
26 456 77 
346 268 358 
96 64 86 
470 22 235 
73 277 383 
347 184 28 
431 91 250 
468 191 221 
489 46 474 
119 117 98 
356 147 490 
405 175 480 
66 215 331 
264 307 391 
212 283 373 
126 92 277 
265 210 330 
497 499 423 
427 10 322 
5 183 482 
486 49 52 
119 397 218 
120 457 203 
484 89 455 
24 404 318 
270 272 176 
12 344 184 
171 86 363 
400 340 403 
425 37 330 
39 260 255 
247 457 398 
319 383 472 
222 205 474 
304 27 218 
447 248 446 
446 156 483 
284 407 365 
416 187 452 
32 15 81 
322 47 249 
231 18 485 
443 416 173 
216 472 302 
316 349 333 
454 75 491 
323 347 74 
125 468 73 
216 450 19 
380 272 478 
214 128 317 
239 377 337 
349 299 2 
220 486 57 
407 53 230 
344 76 209 
385 291 186 
315 1 372 
213 478 486 
44 235 438 
352 355 90 
48 446 177 
388 385 149 
376 53 263 
86 411 430 
207 429 84 
109 283 311 
169 114 488 
366 252 313 
464 321 37 
433 457 327 
259 421 122 
269 23 110 
380 305 117 
26 5 201 
36 56 145 
105 204 276 
173 397 120 
266 289 363 
406 47 491 
213 88 177 
338 374 317 
349 334 215 
140 202 437 
10 333 107 
422 439 337 
21 174 96 
261 233 184 
455 52 355 
355 461 122 
481 351 422 
300 69 96 
301 145 220 
435 367 132 
248 264 48 
157 30 330 
89 462 154 
198 479 486 
64 486 293 
133 31 96 
471 427 413 
307 141 59 
231 68 359 
192 199 143 
449 367 184 
489 30 496 
285 92 113 
199 31 26 
201 400 328 
443 272 371 
193 418 155 
217 472 69 
472 88 247 
460 85 334 
294 212 493 
89 111 440 
217 31 445 
165 153 177 
458 64 56 
66 147 101 
438 494 430 
164 406 133 
482 267 325 
99 208 150 
230 358 369 
183 279 130 
497 442 265 
369 82 469 
128 358 433 
435 201 21 
159 82 365 
189 232 255 
495 99 379 
270 303 387 
62 178 464 
328 56 3 
291 230 116 
487 281 187 
108 40 382 
251 52 396 
324 492 282 
451 248 498 
459 130 103 
222 367 389 
402 18 466 
394 308 117 
151 470 38 
177 163 349 
142 493 27 
270 155 5 
42 229 392 
32 226 244 
207 28 254 
453 370 63 
102 442 426 
287 51 440 
317 57 465 
10 18 315 
311 62 115 
150 423 166 
483 474 475 
316 454 201 
112 200 54 
303 325 144 
316 297 284 
443 300 34 
417 151 257 
239 276 24 
481 188 310 
181 414 46 
288 461 315 
68 468 112 
33 254 68 
169 410 104 
381 172 100 
65 53 101 
174 347 469 
71 497 420 
299 308 326 
384 304 226 
181 318 397 
331 369 265 
228 282 207 
383 346 265 
397 473 65 
356 334 454 
368 352 26 
94 419 453 
17 495 281 
201 205 311 
399 398 224 
310 84 111 
11 119 444 
240 90 277 
242 205 169 
479 197 340 
348 317 343 
487 379 51 
373 268 244 
137 31 265 
31 193 158 
75 128 497 
223 147 68 
132 110 317 
302 360 420 
337 417 382 
346 484 240 
129 220 439 
445 470 1 
96 279 318 
77 270 454 
34 286 244 
349 239 360 
1 52 102 
405 209 232 
463 299 400 
121 222 112 
73 95 479 
460 432 372 
39 279 285 
441 64 396 
333 368 302 
497 142 63 
461 249 174 
179 207 495 
217 148 179 
349 432 25 
239 445 330 
244 98 487 
458 113 22 
54 284 3 
330 66 305 
340 286 423 
399 477 343 
371 34 310 
361 192 216 
146 87 32 
451 109 86 
240 456 316 
375 246 325 
102 144 66 
96 5 126 
32 252 345 
224 339 94 
360 404 86 
140 463 491 
452 258 241 
71 366 238 
418 165 134 
229 411 58 
235 212 61 
115 412 2 
51 124 493 
148 198 297 
5 339 123 
137 294 434 
16 248 308 
15 261 253 
481 4 163 
245 241 135 
336 178 130 
209 457 148 
315 12 168 
341 15 258 
120 150 461 
310 215 289 
351 334 472 
246 352 408 
68 118 298 
487 71 183 
220 181 436 
391 109 206 
217 203 12 
184 132 209 
153 326 372 
121 237 220 
144 401 469 
333 359 476 
94 56 92 
365 353 193 
344 341 288 
168 479 278 
439 275 148 
36 330 165 
189 195 446 
464 171 163 
66 316 234 
472 391 258 
165 182 197 
379 334 231 
382 331 430 
32 76 483 
80 483 480 
146 311 224 
121 304 325 
15 248 335 
43 465 62 
359 420 255 
147 235 83 
47 458 170 
85 11 61 
465 295 301 
409 254 392 
205 155 473 
119 337 354 
343 261 134 
41 296 2 
497 116 475 
391 269 19 
498 255 317 
363 312 130 
143 114 334 
428 134 298 
177 327 457 
278 9 261 
152 260 124 
288 468 323 
331 243 293 
493 494 246 
91 357 280 
19 287 76 
121 337 223 
261 179 314 
409 355 144 
488 78 251 
46 256 398 
476 315 211 
412 248 296 
254 475 432 
100 466 161 
247 289 462 
433 412 37 
245 268 90 
433 304 20 
297 364 48 
109 15 480 
20 385 53 
462 102 427 
157 346 8 
281 425 391 
343 122 326 
292 420 95 
207 177 11 
278 416 173 
373 45 251 
260 330 385 
130 2 205 
351 55 227 
8 464 366 
83 263 481 
301 173 72 
34 102 467 
329 21 33 
52 363 316 
181 342 200 
383 102 181 
376 83 248 
338 231 306 
27 265 162 
24 371 45 
161 241 200 
129 14 394 
319 108 497 
151 403 38 
488 278 311 
475 82 485 
341 274 343 
374 225 330 
114 8 156 
257 104 18 
488 236 405 
136 192 375 
57 306 485 
272 249 409 
209 456 83 
325 291 343 
40 421 12 
79 302 163 
65 315 339 
491 143 141 
397 23 236 
22 51 401 
423 84 92 
53 88 3 
247 143 410 
121 460 281 
290 303 315 
114 16 492 
191 301 412 
196 245 113 
263 387 170 
411 237 422 
35 142 449 
39 117 304 
364 452 157 
129 366 341 
2 305 230 
271 17 271 
336 129 319 
441 78 11 
387 416 65 
318 487 296 
366 239 305 
62 61 80 
421 438 32 
252 110 203 
102 272 346 
258 296 202 
300 398 389 
175 458 90 
98 434 415 
302 128 31 
99 257 442 
406 193 381 
475 52 319 
451 158 151 
382 421 417 
55 316 39 
268 126 287 
30 258 481 
47 377 142 
334 397 22 
364 257 291 
304 290 326 
336 494 44 
9 161 373 
180 13 357 
52 395 29 
363 453 85 
161 94 223 
440 96 239 
18 0 118 
387 31 49 
336 27 445 
51 9 37 
283 107 377 
187 273 92 
450 164 130 
93 378 168 
307 97 276 
338 301 9 
486 49 180 
470 332 282 
355 173 468 
210 41 31 
217 384 71 
277 104 115 
330 116 485 
393 312 326 
191 23 298 
295 30 469 
152 468 65 
54 195 110 
26 207 121 
421 74 305 
244 15 95 
457 158 65 
488 107 70 
329 259 234 
178 399 54 
23 461 270 
205 453 99 
210 37 286 
61 413 105 
465 405 99 
305 140 345 
203 71 84 
192 423 379 
451 97 191 
152 58 37 
227 330 229 
465 420 415 
121 472 213 
44 172 319 
443 37 396 
247 366 237 
350 153 199 
493 189 129 
56 116 432 
132 482 96 
49 439 439 
384 301 173 
15 485 108 
226 105 312 
402 31 420 
426 408 271 
315 271 192 
219 151 468 
245 441 31 
84 150 174 
426 214 103 
233 482 374 
490 50 468 
119 437 137 
133 472 141 
385 388 119 
117 68 17 
433 141 447 
178 458 314 
136 405 305 
461 96 275 
152 156 236 
376 190 165 
336 167 349 
261 493 97 
236 204 280 
383 65 107 
468 1 169 
179 315 490 
69 386 190 
53 261 364 
358 193 320 
433 178 82 
31 41 449 
60 98 325 
95 454 405 
29 317 276 
408 3 138 
126 123 191 
356 417 289 
224 311 127 
136 272 391 
487 391 345 
241 495 294 
40 336 403 
243 270 217 
495 218 333 
199 65 388 
104 130 348 
37 472 177 
213 36 136 
319 348 284 
225 311 199 
60 87 359 
299 125 347 
423 404 48 
159 384 108 
191 95 303 
148 164 242 
260 312 429 
276 20 412 
396 467 394 
31 451 78 
3 479 1 
185 98 39 
487 221 79 
143 413 11 
232 130 465 
304 436 239 
410 497 336 
329 430 496 
305 295 114 
355 53 361 
36 436 179 
237 84 10 
316 419 472 
84 183 424 
329 480 257 
225 206 300 
43 168 324 
77 370 463 
53 320 249 
227 142 130 
434 377 316 
130 310 219 
202 119 199 
41 89 13 
287 366 298 
218 451 223 
197 410 340 
176 363 374 
379 431 329 
115 223 498 
376 206 262 
319 121 110 
129 398 7 
174 318 344 
245 19 449 
263 118 15 
451 291 115 
447 21 191 
334 369 73 
141 18 5 
312 313 200 
361 433 392 
361 449 19 
74 134 301 
224 485 156 
72 202 285 
178 80 203 
474 453 87 
37 405 79 
264 85 251 
340 60 312 
479 177 142 
164 475 20 
70 400 499 
461 206 59 
246 338 173 
452 126 117 
106 220 358 
188 73 170 
470 440 473 
399 116 388 
190 18 278 
52 226 469 
461 216 111 
174 277 342 
235 150 310 
100 13 3 
392 397 8 
19 10 20 
490 20 398 
434 183 91 
201 337 236 
458 481 81 
115 1 129 
471 329 7 
212 330 395 
128 498 41 
374 114 68 
480 106 142 
383 483 62 
168 193 321 
126 2 396 
7 133 265 
475 283 47 
69 112 28 
243 367 335 
76 131 19 
365 73 81 
90 342 387 
144 150 304 
111 336 30 
482 0 115 
398 129 130 
118 455 170 
436 32 123 
396 216 10 
363 72 362 
493 474 496 
485 93 187 
366 194 378 
176 70 131 
413 137 11 
73 296 164 
238 39 291 
419 0 110 
404 357 140 
125 342 122 
265 14 114 
313 66 172 
283 424 292 
364 413 126 
36 67 301 
18 206 370 
475 317 498 
285 88 289 
479 326 294 
285 409 89 
299 425 140 
193 191 100 
472 138 419 
493 463 31 
67 346 14 
452 127 204 
405 116 94 
355 198 272 
112 127 197 
83 282 145 
365 159 92 
283 87 31 
63 99 80 
87 180 479 
105 85 66 
90 241 273 
92 320 38 
130 27 55 
332 173 411 
458 351 323 
17 107 112 
292 390 125 
219 227 102 
302 141 136 
179 341 333 
351 129 164 
484 162 295 
77 386 238 
101 358 172 
95 467 461 
241 152 149 
13 469 239 
152 19 472 
447 288 133 
16 284 400 
172 254 252 
236 295 352 
375 174 332 
441 310 321 
286 73 350 
438 25 439 
59 152 90 
228 420 411 
0 102 485 
261 336 79 
247 126 256 
393 42 423 
394 296 161 
275 140 243 
51 9 261 
67 270 216 
25 469 40 
189 373 146 
99 415 144 
381 274 450 
279 430 86 
102 380 463 
359 271 3 
316 271 402 
154 160 437 
371 349 454 
400 367 75 
470 211 388 
60 382 93 
199 97 261 
213 82 294 
364 416 144 
157 494 184 
218 209 453 
121 488 293 
160 488 361 
60 315 331 
409 67 172 
335 93 374 
453 61 152 
340 422 136 
308 137 337 
213 59 242 
227 269 462 
363 258 112 
333 258 62 
399 33 461 
22 227 210 
334 86 337 
332 310 445 
367 302 167 
472 357 178 
484 9 125 
312 63 358 
165 402 163 
460 43 425 
77 192 43 
226 415 186 
344 132 207 
271 137 469 
342 489 431 
208 150 458 
45 71 287 
194 305 55 
210 339 178 
298 136 386 
354 35 344 
453 88 252 
128 91 19 
185 211 472 
99 53 257 
39 446 227 
160 126 140 
56 130 85 
248 475 452 
242 430 126 
234 81 73 
432 38 8 
98 168 43 
154 371 481 
22 174 379 
367 403 123 
175 471 486 
