1000
3
155 488 325 
1 345 313 
16 481 453 
302 272 382 
417 155 171 
58 4 14 
459 456 387 
193 153 197 
205 332 443 
366 312 143 
366 135 339 
101 478 98 
27 196 288 
461 302 227 
213 59 432 
226 389 481 
181 372 23 
426 321 36 
37 368 274 
266 140 118 
347 420 164 
311 30 65 
442 437 496 
319 452 28 
306 123 151 
289 148 465 
233 104 6 
28 353 350 
339 404 178 
364 429 483 
367 225 496 
471 46 370 
335 447 382 
204 416 92 
372 398 205 
327 398 386 
135 73 417 
331 440 496 
296 6 18 
484 21 357 
154 237 442 
404 411 40 
434 67 354 
233 198 281 
319 317 12 
332 131 462 
216 129 498 
465 407 43 
142 469 372 
136 473 366 
263 140 31 
21 226 151 
95 332 138 
150 12 116 
45 302 37 
25 4 293 
325 458 440 
9 473 117 
329 399 144 
206 87 477 
290 77 54 
421 362 430 
446 310 61 
493 269 32 
359 319 135 
460 173 420 
224 50 366 
159 468 12 
320 285 189 
12 314 229 
23 465 455 
1 372 175 
302 334 383 
29 117 445 
242 317 117 
391 401 363 
256 127 368 
58 46 187 
292 176 294 
369 405 497 
5 451 440 
324 17 295 
199 490 164 
209 76 268 
387 411 331 
487 370 8 
51 39 374 
384 36 101 
482 184 406 
439 433 337 
39 98 288 
124 79 470 
212 85 413 
79 442 441 
207 103 147 
183 239 8 
128 445 320 
0 435 349 
204 364 105 
310 287 107 
487 18 138 
24 7 75 
483 71 367 
413 352 133 
322 336 32 
5 188 201 
213 380 385 
247 376 97 
318 249 112 
442 487 175 
221 465 80 
338 142 374 
27 293 237 
70 408 122 
482 496 147 
494 100 404 
203 105 311 
106 217 82 
329 32 96 
384 244 104 
452 417 340 
421 130 287 
242 169 223 
165 292 129 
41 416 498 
273 462 149 
18 198 160 
455 140 434 
154 125 364 
172 54 242 
464 285 77 
28 459 319 
371 116 300 
376 411 365 
489 27 363 
91 299 11 
482 39 19 
353 87 36 
424 433 146 
41 164 4 
13 199 356 
334 13 270 
215 203 356 
321 363 279 
371 386 260 
279 386 319 
191 415 283 
204 291 203 
32 363 82 
98 284 250 
238 14 172 
391 312 194 
312 117 327 
96 57 367 
467 107 308 
383 356 162 
461 257 481 
40 253 277 
237 397 358 
128 336 114 
416 419 433 
132 497 431 
417 113 19 
381 440 476 
178 424 408 
92 53 298 
337 469 113 
464 401 222 
41 42 449 
235 14 199 
233 124 231 
61 18 411 
114 14 97 
36 408 491 
237 165 151 
26 258 196 
262 352 324 
150 394 35 
390 266 394 
475 440 197 
264 464 237 
360 188 148 
340 143 68 
151 165 478 
202 331 451 
129 115 416 
465 73 392 
420 193 194 
352 160 498 
88 348 479 
458 75 264 
119 352 339 
291 183 201 
216 382 388 
366 51 422 
429 386 222 
379 166 472 
75 389 79 
111 205 135 
274 292 210 
420 379 302 
89 137 449 
46 208 192 
239 265 494 
71 233 162 
140 286 368 
36 9 495 
252 186 125 
92 321 111 
158 278 254 
332 423 476 
367 373 366 
64 216 415 
164 264 4 
89 433 266 
128 406 184 
420 69 320 
75 330 282 
416 163 446 
454 332 399 
114 298 174 
228 282 410 
422 36 201 
234 463 166 
150 89 164 
348 52 438 
319 304 171 
440 304 194 
370 296 359 
358 497 61 
27 127 195 
0 154 255 
370 153 482 
54 408 394 
286 186 362 
55 3 237 
341 232 459 
215 196 228 
48 227 269 
311 203 113 
139 258 179 
125 77 362 
132 71 210 
203 312 235 
89 80 4 
385 485 193 
30 155 373 
465 420 282 
193 378 449 
441 380 378 
24 212 83 
103 217 371 
492 450 404 
401 440 169 
153 412 207 
45 338 374 
162 121 104 
333 311 21 
136 472 57 
9 79 78 
475 352 258 
428 430 478 
120 491 119 
79 314 100 
31 475 164 
222 379 163 
374 430 325 
389 114 208 
0 4 293 
133 428 458 
49 437 49 
123 221 413 
138 380 193 
143 395 305 
258 477 200 
313 206 291 
289 100 93 
420 334 145 
255 93 280 
126 290 490 
475 145 56 
297 475 251 
389 89 370 
84 103 257 
272 493 72 
223 430 298 
66 264 237 
259 471 328 
302 130 359 
54 295 164 
42 106 445 
2 3 384 
178 250 431 
259 282 83 
271 94 458 
177 108 450 
473 303 381 
281 398 87 
489 15 256 
256 80 292 
176 44 311 
50 386 432 
215 140 155 
105 313 328 
467 461 229 
202 72 475 
398 79 261 
323 39 146 
273 375 441 
460 412 115 
7 315 129 
208 452 305 
410 164 3 
311 497 277 
144 406 268 
461 292 369 
79 414 471 
329 463 355 
91 486 107 
248 376 336 
139 350 59 
371 200 451 
492 363 478 
449 104 387 
70 121 201 
188 257 480 
128 443 115 
182 437 213 
225 291 481 
123 269 259 
151 434 196 
382 145 179 
346 245 245 
361 133 360 
153 45 56 
473 278 391 
27 470 362 
311 20 483 
85 390 86 
303 358 260 
194 25 108 
494 203 198 
148 105 14 
430 130 470 
259 117 67 
153 177 33 
289 182 196 
138 462 11 
154 421 448 
24 303 190 
126 292 452 
208 324 57 
328 407 490 
0 114 143 
203 462 289 
123 1 287 
197 265 180 
270 146 301 
459 326 156 
381 168 336 
214 88 192 
348 384 154 
180 179 224 
301 255 79 
20 114 116 
123 318 35 
380 95 230 
450 192 118 
1 66 122 
367 215 489 
402 117 10 
123 13 221 
190 102 290 
482 218 439 
464 8 449 
301 208 406 
138 425 3 
169 158 102 
402 134 39 
211 438 407 
203 487 315 
0 183 325 
164 309 198 
424 28 448 
198 375 332 
237 129 291 
273 393 325 
33 207 136 
374 195 341 
283 66 290 
108 43 488 
10 457 280 
306 499 26 
85 356 481 
436 297 124 
210 100 387 
244 132 190 
411 484 134 
472 446 278 
336 496 168 
205 371 107 
385 409 94 
42 381 9 
352 142 477 
11 347 200 
496 9 267 
232 86 9 
460 459 381 
10 12 229 
165 478 269 
465 42 41 
151 352 218 
115 39 96 
100 471 425 
433 329 192 
460 339 253 
284 448 147 
258 225 415 
232 330 455 
217 250 383 
477 314 406 
284 204 226 
174 14 46 
142 217 228 
425 26 46 
409 139 391 
328 357 454 
29 121 463 
128 25 445 
258 448 179 
456 474 249 
480 61 454 
252 212 270 
61 146 489 
407 438 97 
74 450 477 
391 188 337 
35 1 60 
199 185 50 
195 6 194 
140 190 359 
471 440 181 
33 317 265 
464 291 6 
131 274 108 
437 418 102 
16 120 370 
327 477 163 
251 67 109 
172 378 176 
231 41 395 
320 390 186 
79 319 205 
140 69 499 
114 367 4 
112 106 197 
436 402 457 
116 102 268 
339 402 95 
379 170 131 
85 16 41 
212 449 127 
290 491 357 
257 59 172 
22 252 362 
247 294 195 
455 67 239 
497 85 407 
168 435 289 
68 394 11 
95 368 499 
491 494 14 
367 3 362 
318 355 419 
338 76 355 
413 292 21 
21 283 454 
475 308 188 
387 443 124 
61 482 192 
171 112 151 
385 144 49 
235 267 376 
186 215 351 
50 49 490 
305 249 127 
136 439 69 
344 194 123 
178 347 371 
410 437 325 
106 466 18 
214 163 172 
472 407 92 
472 92 129 
16 234 168 
159 403 485 
98 321 157 
423 233 219 
81 469 238 
25 318 457 
129 227 441 
226 91 264 
466 303 70 
191 417 205 
124 3 310 
174 125 310 
301 487 176 
313 75 406 
491 338 94 
429 186 147 
376 108 346 
71 491 209 
186 95 257 
283 411 295 
139 176 62 
302 476 381 
347 188 456 
404 486 232 
239 12 329 
435 493 50 
128 88 136 
35 53 237 
380 107 72 
23 247 352 
463 274 312 
207 357 435 
103 169 128 
39 447 262 
345 433 221 
361 208 173 
209 140 124 
230 258 62 
117 305 228 
450 237 199 
305 270 398 
252 421 270 
70 466 2 
16 497 170 
36 157 120 
361 12 77 
323 492 124 
488 76 450 
299 413 436 
412 439 37 
75 188 163 
477 184 485 
31 148 487 
234 306 132 
282 197 342 
296 251 156 
497 176 260 
228 493 1 
322 135 103 
175 328 476 
117 121 440 
477 108 397 
344 409 296 
57 322 192 
335 374 158 
368 341 39 
262 482 263 
250 389 426 
56 495 73 
27 177 322 
322 51 394 
28 35 440 
428 226 103 
109 366 494 
154 59 44 
398 295 32 
150 391 370 
378 395 179 
11 148 129 
327 393 59 
466 21 78 
76 442 362 
320 467 452 
495 181 435 
399 190 360 
493 117 16 
419 367 31 
471 322 220 
216 342 94 
112 452 45 
87 363 401 
95 91 387 
285 425 172 
202 100 178 
137 417 13 
38 154 480 
415 172 243 
431 269 367 
38 190 403 
9 401 429 
113 383 470 
402 371 369 
111 261 203 
268 233 450 
67 229 277 
430 158 28 
199 192 178 
118 347 147 
224 300 482 
178 139 222 
165 79 356 
23 498 401 
208 383 36 
152 140 468 
342 327 465 
158 415 326 
428 423 167 
66 85 449 
346 223 216 
314 187 149 
13 422 258 
270 357 393 
391 243 182 
102 51 254 
0 51 324 
257 411 271 
188 101 125 
357 71 98 
221 195 482 
311 317 391 
304 346 288 
157 204 47 
196 28 150 
1 376 88 
255 206 336 
493 337 431 
13 189 40 
280 79 50 
178 108 337 
318 473 387 
136 286 458 
158 29 232 
375 432 410 
296 270 455 
424 154 162 
403 442 57 
372 42 158 
148 490 133 
165 454 132 
163 281 424 
36 488 175 
344 235 69 
340 37 362 
415 53 454 
112 481 154 
103 318 464 
143 227 245 
105 91 216 
436 174 330 
130 229 435 
227 467 350 
497 243 271 
313 470 104 
136 143 319 
122 177 2 
170 327 397 
204 206 260 
151 16 225 
251 301 24 
334 312 342 
46 274 96 
280 265 401 
417 54 387 
266 361 127 
492 71 449 
446 254 450 
355 167 72 
18 155 259 
482 486 459 
255 231 157 
166 212 354 
370 315 47 
283 250 275 
326 422 485 
460 285 249 
158 46 456 
155 103 477 
376 18 333 
485 68 98 
488 378 197 
492 31 140 
491 257 36 
233 444 197 
280 26 278 
317 126 161 
418 352 113 
390 479 338 
239 65 278 
37 333 379 
416 181 178 
365 325 481 
341 305 412 
320 407 197 
119 243 333 
51 419 392 
278 107 281 
47 57 483 
380 361 347 
180 103 498 
276 39 154 
389 289 483 
121 272 453 
87 281 490 
496 81 60 
68 102 112 
292 179 413 
399 164 267 
123 270 282 
266 110 366 
277 245 337 
467 95 284 
256 33 279 
26 73 493 
466 31 43 
357 135 261 
328 99 425 
290 190 144 
421 424 66 
292 98 65 
277 142 174 
266 16 489 
114 166 280 
27 57 207 
336 3 130 
67 195 6 
168 339 446 
154 243 390 
222 499 145 
122 70 203 
39 88 396 
273 91 400 
498 487 75 
429 165 360 
260 186 418 
345 341 191 
249 432 2 
51 455 191 
261 298 360 
391 376 292 
495 25 325 
109 22 454 
36 113 81 
463 267 319 
354 80 448 
129 35 447 
491 422 217 
430 287 248 
442 33 192 
495 114 85 
390 44 409 
140 337 39 
244 222 433 
395 35 347 
230 399 340 
316 209 350 
455 461 149 
84 306 124 
153 17 404 
347 147 348 
141 224 199 
136 212 62 
38 51 434 
204 22 290 
483 474 466 
345 435 188 
75 274 107 
463 351 238 
265 139 117 
305 2 395 
174 57 8 
273 107 465 
305 225 493 
15 335 133 
426 496 433 
19 197 182 
190 231 498 
493 493 393 
492 119 306 
499 376 197 
297 492 414 
210 477 379 
442 174 87 
67 429 365 
84 329 107 
192 417 468 
291 337 147 
158 470 442 
355 3 48 
395 40 3 
412 17 11 
417 30 259 
325 135 84 
333 409 2 
231 32 249 
34 424 337 
363 344 383 
418 283 276 
146 34 340 
45 452 374 
272 36 114 
364 498 336 
355 405 176 
316 76 236 
305 40 106 
49 469 99 
64 256 467 
219 177 442 
133 245 172 
329 420 375 
351 177 138 
461 442 204 
317 88 180 
11 409 111 
92 108 315 
332 330 283 
301 190 456 
128 374 336 
46 259 59 
403 302 387 
227 354 209 
471 25 431 
215 179 256 
213 186 318 
409 236 198 
448 497 209 
427 186 125 
411 285 179 
427 253 493 
235 345 307 
434 160 262 
344 51 4 
454 245 491 
166 44 107 
183 480 307 
390 464 334 
44 125 279 
66 496 251 
489 123 46 
261 327 198 
397 64 226 
395 427 362 
452 257 329 
124 113 368 
479 22 238 
75 328 81 
12 84 317 
111 347 188 
211 486 221 
145 231 68 
343 6 449 
420 483 397 
220 344 213 
0 57 215 
260 3 167 
381 248 467 
148 15 79 
163 387 143 
97 227 278 
63 285 5 
58 262 69 
213 393 231 
185 94 296 
487 277 128 
339 387 154 
61 407 146 
135 342 426 
381 61 427 
6 341 196 
279 340 183 
181 211 399 
31 170 394 
170 58 108 
258 471 21 
445 310 267 
347 273 219 
150 252 3 
262 412 477 
450 364 322 
349 369 1 
10 81 485 
378 355 167 
409 314 308 
180 172 384 
249 359 424 
356 464 380 
234 381 415 
283 219 226 
179 463 150 
441 39 70 
463 59 447 
81 184 8 
204 30 479 
407 439 486 
153 430 22 
266 174 340 
203 42 161 
367 143 127 
31 106 130 
446 293 111 
361 30 427 
127 461 465 
148 131 296 
240 331 155 
18 40 383 
410 355 268 
92 85 395 
99 326 216 
251 421 248 
43 83 27 
434 462 417 
328 312 369 
149 362 47 
303 82 33 
373 182 410 
465 17 281 
383 319 189 
496 190 138 
397 417 492 
67 81 112 
19 145 343 
414 6 36 
170 431 402 
63 63 98 
202 253 226 
222 83 305 
441 314 465 
121 261 223 
145 109 82 
230 129 46 
186 401 473 
445 426 246 
492 430 70 
323 418 26 
6 86 365 
80 193 81 
20 461 33 
143 435 392 
497 61 275 
49 197 491 
265 446 460 
155 374 498 
493 340 223 
14 335 256 
362 31 57 
196 421 175 
127 10 134 
101 167 242 
96 378 129 
374 346 333 
74 11 430 
99 455 288 
238 397 58 
134 319 84 
481 411 486 
187 125 392 
36 56 231 
226 152 184 
437 140 285 
93 431 87 
15 301 336 
200 184 421 
477 215 64 
390 134 469 
264 177 265 
19 105 49 
428 374 104 
268 441 383 
360 75 216 
213 328 24 
454 351 313 
239 185 56 
369 413 165 
185 109 495 
9 272 127 
111 371 36 
435 418 447 
66 175 411 
98 211 403 
469 124 408 
455 170 443 
418 170 292 
175 52 130 
65 364 443 
101 75 471 
185 174 215 
117 262 318 
302 389 363 
248 346 305 
286 364 446 
229 3 8 
321 468 280 
227 418 324 
295 332 282 
456 418 51 
356 152 198 
83 257 162 
