1000
3
57 174 100 
38 147 68 
241 147 19 
81 18 123 
304 257 484 
62 485 3 
44 41 295 
316 289 258 
344 278 330 
319 96 442 
495 46 68 
132 318 427 
34 105 97 
429 31 55 
272 319 8 
333 405 263 
431 197 145 
63 213 303 
217 409 302 
21 477 325 
213 389 146 
400 479 36 
142 278 107 
91 191 374 
420 80 356 
156 435 164 
64 297 195 
51 185 382 
478 98 164 
57 95 48 
476 324 259 
225 41 18 
50 233 136 
285 90 416 
45 310 498 
195 20 388 
317 234 360 
43 25 349 
490 365 405 
130 90 11 
39 193 53 
110 290 442 
448 398 264 
172 228 331 
420 99 3 
15 129 65 
183 408 442 
39 98 62 
5 479 255 
294 135 14 
347 454 165 
206 39 190 
211 253 138 
80 403 369 
339 12 485 
497 79 498 
84 330 181 
288 300 236 
362 373 35 
236 160 240 
322 2 434 
319 423 140 
290 483 198 
449 172 5 
77 304 15 
255 199 225 
375 217 257 
102 394 156 
172 224 283 
409 483 137 
385 383 290 
190 168 322 
87 42 231 
95 373 238 
338 253 299 
177 110 310 
469 15 95 
468 126 37 
487 192 268 
7 138 201 
113 466 2 
51 162 443 
32 322 47 
326 108 285 
338 216 91 
99 457 351 
463 440 444 
311 1 182 
120 438 346 
13 95 46 
115 298 168 
291 252 308 
34 132 295 
327 297 98 
415 72 413 
36 116 135 
63 271 458 
453 242 370 
447 376 231 
234 285 25 
278 347 389 
7 10 403 
249 357 183 
389 13 266 
142 167 371 
134 213 469 
272 58 133 
453 311 345 
330 210 149 
442 487 209 
419 153 8 
124 281 277 
257 4 487 
200 484 343 
94 35 14 
65 72 146 
406 187 17 
280 263 97 
211 460 465 
390 461 239 
12 87 384 
406 345 153 
422 51 451 
12 301 196 
129 436 249 
69 165 96 
258 344 153 
250 209 244 
5 478 300 
490 242 435 
53 291 498 
316 176 50 
414 160 486 
94 50 236 
243 437 331 
50 62 473 
255 475 245 
404 1 35 
448 271 327 
369 16 211 
422 291 113 
23 173 483 
307 486 223 
103 350 126 
7 351 217 
491 377 205 
427 374 220 
91 365 482 
358 129 95 
68 132 70 
358 375 32 
461 414 246 
125 153 310 
23 46 414 
165 146 346 
351 372 379 
252 211 430 
57 35 372 
183 222 85 
389 262 456 
366 489 422 
302 116 401 
20 449 269 
38 203 255 
142 99 345 
126 35 450 
142 271 123 
410 424 397 
318 330 14 
368 218 333 
193 54 99 
370 108 144 
171 20 183 
188 175 257 
88 148 240 
20 79 355 
182 1 369 
260 303 298 
64 371 115 
473 18 252 
479 351 171 
55 5 272 
404 481 56 
185 378 462 
233 28 332 
456 414 144 
159 481 227 
383 64 254 
299 201 291 
162 276 484 
355 202 111 
482 169 438 
418 200 31 
274 244 376 
474 104 133 
121 159 429 
203 295 168 
467 197 198 
83 17 3 
385 149 435 
471 272 61 
230 187 271 
150 476 491 
334 67 89 
414 197 186 
353 289 273 
298 217 204 
86 55 46 
222 120 62 
133 196 461 
121 317 445 
341 320 88 
53 289 487 
88 12 262 
90 115 423 
237 372 1 
170 456 175 
142 32 228 
355 137 492 
22 369 3 
389 265 104 
253 214 122 
181 380 4 
192 180 135 
293 499 291 
408 5 435 
14 206 116 
301 212 295 
452 85 153 
4 393 312 
449 245 206 
62 394 195 
286 337 54 
394 233 224 
281 449 318 
86 218 57 
79 411 28 
477 127 334 
327 71 63 
49 433 493 
79 426 237 
280 236 451 
346 442 93 
368 161 47 
207 125 325 
209 331 303 
367 228 162 
170 283 400 
35 1 194 
24 117 177 
186 89 223 
131 432 173 
363 196 369 
246 35 352 
369 489 127 
488 61 319 
127 462 27 
2 196 42 
231 415 144 
127 444 85 
191 368 98 
219 153 61 
176 18 346 
369 439 324 
440 97 402 
385 372 89 
352 368 64 
79 268 276 
389 361 87 
30 345 107 
122 390 132 
270 426 269 
65 34 192 
96 309 211 
223 40 283 
158 373 239 
358 2 415 
32 160 361 
468 40 48 
443 293 7 
316 471 202 
195 13 248 
397 235 427 
462 429 200 
68 249 66 
329 30 249 
364 60 90 
85 82 266 
233 485 50 
12 409 23 
426 373 39 
237 449 355 
265 33 357 
474 103 455 
17 220 16 
451 448 316 
379 96 193 
110 435 13 
44 407 493 
335 54 6 
133 448 385 
298 152 290 
340 400 468 
221 351 345 
373 295 138 
362 233 174 
268 352 376 
44 478 258 
78 170 34 
94 473 123 
260 368 499 
269 456 398 
261 254 174 
405 7 452 
370 373 25 
419 294 92 
377 233 15 
157 239 253 
225 97 398 
41 484 48 
101 29 156 
32 31 131 
344 322 199 
324 255 482 
453 7 167 
354 434 471 
291 16 495 
200 237 181 
1 322 177 
473 343 372 
453 484 437 
332 55 384 
210 136 108 
302 251 458 
203 199 355 
365 134 275 
70 3 232 
153 448 451 
213 465 162 
0 35 296 
414 421 410 
179 465 341 
51 323 19 
331 201 477 
87 126 242 
20 344 478 
446 36 391 
162 110 62 
178 291 24 
184 354 35 
333 432 139 
116 427 60 
233 128 486 
364 175 272 
347 91 15 
149 121 289 
316 487 444 
370 470 414 
27 397 69 
383 373 416 
321 463 184 
107 216 336 
3 60 85 
264 339 489 
245 488 145 
129 65 23 
154 362 376 
315 312 377 
99 97 253 
93 64 407 
457 465 19 
264 349 112 
303 77 87 
346 425 143 
442 337 154 
78 428 451 
120 27 143 
99 184 358 
29 112 27 
279 54 433 
375 24 236 
108 307 25 
203 442 316 
415 111 55 
408 75 15 
447 169 498 
284 368 376 
142 79 4 
346 348 144 
272 180 394 
180 15 494 
209 490 24 
43 291 186 
139 374 226 
110 254 36 
13 463 145 
218 165 480 
389 68 284 
262 170 400 
310 21 188 
18 460 10 
174 446 102 
354 182 38 
214 294 289 
357 243 289 
316 227 493 
12 22 414 
481 281 85 
78 237 116 
255 74 339 
239 33 23 
94 92 406 
47 227 177 
182 31 242 
72 222 214 
161 36 465 
22 458 152 
214 476 172 
383 389 64 
237 62 256 
363 31 379 
370 310 160 
427 271 200 
261 482 311 
327 202 478 
357 472 197 
402 28 429 
254 206 425 
33 54 445 
400 275 235 
382 29 371 
87 308 120 
327 410 465 
436 53 43 
146 117 295 
332 54 46 
355 433 240 
329 268 51 
318 187 320 
313 468 383 
480 480 354 
307 19 301 
356 462 141 
304 452 279 
99 81 105 
433 177 50 
274 404 252 
323 78 470 
367 186 20 
35 89 363 
40 421 329 
352 165 284 
126 439 77 
321 254 77 
54 107 57 
132 423 323 
418 124 240 
317 342 182 
431 96 30 
98 61 107 
85 307 188 
319 291 255 
59 181 288 
197 75 176 
444 286 169 
272 335 291 
151 222 262 
380 371 212 
374 191 336 
233 285 161 
463 2 283 
2 345 492 
161 60 48 
395 2 489 
195 456 496 
99 368 258 
106 162 198 
115 141 461 
416 81 247 
165 260 377 
88 461 440 
476 124 343 
231 365 109 
221 17 452 
432 241 433 
257 218 119 
316 269 457 
221 43 345 
154 266 77 
292 302 260 
17 259 10 
347 259 494 
471 218 497 
426 334 320 
244 265 52 
89 17 290 
226 52 495 
217 477 221 
91 409 339 
148 12 441 
450 448 477 
436 33 351 
240 366 380 
3 68 6 
204 54 303 
299 256 83 
150 327 376 
304 183 139 
429 85 446 
198 378 206 
127 32 235 
350 436 79 
115 280 207 
381 168 130 
19 129 82 
482 40 124 
332 277 185 
149 16 116 
342 341 402 
141 303 409 
437 306 308 
161 218 413 
359 1 42 
8 496 299 
398 88 44 
105 410 490 
345 338 107 
82 141 192 
182 56 434 
92 27 457 
435 457 10 
154 498 380 
138 133 342 
381 376 201 
140 464 431 
288 397 15 
122 292 218 
216 245 326 
84 367 318 
407 50 132 
116 142 382 
411 323 475 
414 157 163 
382 69 376 
486 104 309 
340 222 275 
42 197 455 
153 437 341 
339 346 155 
414 179 298 
206 169 278 
27 419 226 
262 317 94 
460 362 277 
339 226 404 
188 253 220 
295 356 168 
191 401 113 
355 67 132 
345 105 131 
319 222 499 
16 208 36 
15 259 64 
156 195 161 
407 41 385 
58 382 75 
231 446 115 
463 11 416 
68 367 265 
388 245 107 
208 479 456 
420 99 151 
90 458 338 
414 53 247 
234 489 1 
170 166 376 
340 379 443 
15 277 288 
87 9 136 
309 334 154 
437 384 273 
284 283 303 
192 371 341 
400 419 30 
317 424 346 
206 96 445 
139 393 418 
497 253 487 
102 351 47 
105 421 13 
193 60 0 
377 451 454 
193 89 285 
217 53 370 
203 407 272 
81 167 453 
332 185 412 
305 307 37 
462 479 193 
197 184 173 
239 296 21 
50 323 333 
279 173 344 
412 54 39 
133 193 306 
162 13 202 
173 202 302 
206 132 467 
245 410 280 
317 158 21 
1 88 210 
365 435 115 
209 148 81 
383 9 482 
435 146 145 
7 327 127 
410 245 84 
22 354 372 
356 143 430 
222 429 279 
130 408 251 
315 177 190 
132 205 167 
143 489 3 
460 211 80 
31 493 14 
95 469 334 
56 397 307 
14 440 36 
322 368 203 
124 23 317 
480 130 33 
422 17 41 
67 472 225 
382 311 373 
69 62 284 
214 210 334 
25 20 80 
106 434 253 
109 156 456 
113 354 257 
279 389 291 
85 371 375 
295 60 129 
144 490 148 
367 331 14 
255 99 92 
253 355 238 
385 377 321 
416 356 15 
135 44 258 
371 172 21 
496 272 82 
65 37 60 
11 275 476 
98 13 108 
292 135 453 
82 309 53 
323 109 62 
315 121 31 
57 467 269 
423 27 1 
245 143 186 
240 290 446 
397 223 149 
493 103 494 
219 337 351 
252 379 383 
260 201 98 
417 389 317 
46 409 312 
232 52 284 
32 169 97 
375 82 498 
424 450 141 
366 202 399 
18 457 414 
323 83 333 
449 129 34 
90 95 27 
183 361 92 
340 288 126 
470 492 125 
120 274 203 
120 198 198 
102 134 95 
199 337 124 
387 260 50 
169 81 67 
155 333 138 
283 246 440 
393 20 82 
9 393 279 
482 482 403 
494 326 113 
448 48 74 
128 95 258 
115 325 477 
439 425 442 
466 406 367 
205 127 489 
155 448 21 
132 409 336 
478 37 275 
99 369 428 
55 296 437 
404 53 146 
1 121 149 
214 114 28 
237 32 438 
404 384 441 
421 347 117 
110 183 74 
195 28 108 
414 310 371 
252 380 228 
205 396 432 
116 494 411 
102 3 106 
470 170 85 
240 482 183 
209 473 274 
194 5 236 
409 429 330 
181 215 294 
284 216 418 
418 344 113 
173 197 34 
139 123 267 
393 250 377 
94 77 130 
317 302 4 
257 92 29 
474 389 77 
301 192 304 
296 63 421 
200 237 247 
111 364 460 
362 291 128 
258 195 327 
197 240 323 
191 218 24 
45 116 66 
62 2 101 
352 124 142 
44 152 294 
391 4 457 
193 421 328 
324 74 380 
353 271 164 
207 414 292 
66 323 112 
444 304 440 
217 324 297 
22 350 67 
89 468 277 
466 201 258 
121 85 164 
178 381 464 
426 319 209 
310 401 237 
304 433 259 
4 363 11 
251 471 347 
386 55 496 
360 452 403 
360 185 21 
69 46 337 
469 12 233 
105 297 33 
26 406 254 
52 23 46 
347 420 202 
9 477 229 
7 321 328 
158 234 199 
188 321 460 
347 413 427 
448 280 177 
122 46 468 
353 25 230 
81 496 78 
63 352 67 
347 75 233 
409 464 30 
253 419 150 
337 176 363 
64 262 271 
475 122 7 
377 493 450 
77 238 135 
164 419 345 
102 439 27 
87 364 426 
404 209 182 
210 498 98 
450 481 352 
355 373 472 
129 1 71 
34 121 197 
425 456 191 
499 308 77 
28 108 233 
315 322 393 
335 229 92 
137 461 52 
218 412 457 
265 13 243 
450 189 365 
256 59 67 
235 63 29 
147 142 359 
379 405 390 
214 433 133 
236 283 78 
278 441 422 
55 354 338 
467 357 193 
433 481 238 
10 410 2 
105 194 473 
275 337 172 
440 358 105 
210 432 216 
157 307 82 
274 472 331 
92 71 214 
391 394 203 
246 61 355 
108 405 296 
101 418 153 
410 126 219 
84 207 64 
124 449 426 
124 497 455 
275 442 480 
70 388 141 
285 347 65 
263 432 486 
222 492 461 
487 363 388 
4 42 408 
115 312 136 
356 374 357 
151 473 479 
10 106 202 
54 39 71 
111 459 412 
490 366 115 
247 315 251 
172 19 83 
383 181 420 
440 178 19 
205 483 179 
174 489 112 
113 132 431 
153 387 421 
377 140 258 
147 147 283 
463 356 86 
65 172 474 
327 323 263 
495 182 64 
186 160 455 
371 195 408 
356 32 320 
221 299 434 
164 155 32 
420 48 388 
194 297 244 
189 214 311 
454 31 308 
85 37 318 
222 325 7 
247 221 178 
221 124 491 
365 97 327 
23 479 83 
88 462 335 
29 51 339 
390 476 462 
207 401 171 
259 63 50 
171 102 452 
156 150 11 
113 41 217 
347 204 425 
53 42 14 
137 125 16 
285 330 274 
468 455 237 
225 367 145 
0 129 13 
151 394 150 
300 176 112 
286 170 375 
28 319 404 
400 316 170 
321 188 124 
438 123 336 
60 342 275 
492 301 437 
192 205 251 
464 362 469 
14 329 138 
171 265 275 
217 180 179 
290 31 51 
308 90 181 
303 256 173 
426 58 413 
153 79 390 
284 437 246 
233 275 294 
486 297 248 
450 90 463 
4 229 103 
275 142 420 
136 70 240 
441 377 300 
241 427 452 
169 278 331 
485 432 56 
88 219 94 
374 397 64 
142 281 275 
467 61 436 
129 85 33 
153 295 211 
155 457 325 
170 90 375 
241 145 348 
363 437 148 
19 22 308 
429 164 487 
0 217 128 
448 297 81 
453 54 441 
67 70 91 
119 124 115 
345 12 332 
146 130 164 
393 410 335 
78 485 370 
170 211 255 
448 172 136 
137 400 55 
68 364 463 
389 184 213 
81 366 186 
284 311 232 
17 183 435 
146 55 40 
397 274 114 
468 170 400 
146 493 28 
217 264 327 
330 209 335 
312 176 337 
19 446 455 
112 238 70 
401 97 168 
222 155 134 
65 170 456 
296 334 164 
123 228 361 
316 162 174 
360 296 149 
277 364 129 
178 475 376 
478 79 55 
345 286 295 
440 286 142 
214 316 153 
24 179 194 
241 478 115 
490 75 234 
332 452 368 
484 182 289 
465 456 58 
338 138 319 
149 349 365 
196 379 62 
490 378 325 
266 372 185 
142 192 35 
466 425 14 
113 433 24 
303 173 254 
388 267 491 
444 129 343 
1 103 7 
87 74 4 
215 206 164 
451 267 170 
210 252 341 
13 316 168 
491 419 200 
103 84 162 
377 123 380 
