1000
3
57 401 485 
48 421 450 
397 27 288 
1 354 40 
58 477 55 
251 392 433 
39 419 248 
60 422 309 
24 197 266 
152 481 257 
307 223 404 
331 192 466 
203 16 322 
269 425 314 
325 373 423 
123 433 417 
480 294 374 
126 58 62 
259 171 415 
23 373 369 
243 170 450 
319 298 289 
217 186 366 
472 137 152 
255 338 245 
451 175 208 
3 257 402 
181 105 174 
407 499 261 
173 238 74 
73 32 296 
204 399 488 
361 257 79 
326 45 492 
51 53 179 
258 248 120 
448 359 59 
167 435 407 
299 322 254 
312 123 42 
160 163 468 
393 378 261 
400 145 205 
367 67 160 
53 298 494 
467 4 161 
262 69 495 
100 479 420 
422 295 481 
483 192 456 
57 226 1 
482 425 380 
415 123 463 
14 188 445 
436 442 490 
412 428 447 
30 352 446 
383 76 219 
453 267 227 
79 235 26 
369 351 383 
90 405 338 
70 320 460 
148 134 280 
152 212 450 
286 288 116 
119 316 194 
87 129 100 
90 53 11 
420 183 12 
248 305 388 
433 157 318 
117 192 119 
247 405 34 
275 338 112 
399 311 109 
458 193 280 
470 355 393 
66 269 462 
48 439 228 
193 433 172 
173 491 62 
419 388 124 
428 289 199 
82 148 180 
197 117 188 
160 303 89 
372 180 234 
385 75 222 
298 340 190 
495 58 149 
291 144 306 
172 274 69 
22 294 369 
140 182 258 
47 35 328 
233 216 188 
236 118 335 
145 283 436 
485 316 446 
380 349 162 
215 39 302 
456 212 380 
1 123 28 
308 348 339 
434 19 181 
251 111 474 
83 157 160 
162 152 361 
254 381 442 
429 359 382 
167 363 78 
312 481 331 
115 130 24 
337 228 41 
109 415 412 
75 379 227 
231 372 296 
179 295 492 
13 407 326 
487 71 188 
52 381 283 
412 296 99 
337 369 19 
36 94 119 
465 25 95 
131 156 278 
18 317 219 
489 324 475 
357 198 300 
422 343 430 
228 14 384 
390 62 296 
256 436 174 
488 387 324 
199 365 132 
8 59 499 
498 158 21 
244 340 419 
338 0 113 
93 344 276 
94 471 196 
131 341 481 
222 390 274 
435 147 413 
5 179 183 
211 19 275 
329 121 490 
153 460 488 
29 381 327 
195 53 373 
425 264 499 
77 32 6 
329 38 1 
120 455 325 
453 306 323 
277 174 229 
294 121 100 
398 228 80 
111 69 286 
252 231 432 
355 206 264 
53 48 320 
120 391 365 
333 125 321 
154 365 212 
419 415 437 
348 484 156 
406 389 141 
248 239 18 
202 456 46 
94 378 144 
32 95 13 
451 204 171 
143 54 473 
468 89 96 
151 167 451 
467 121 78 
30 69 94 
120 387 353 
306 34 337 
50 73 111 
173 81 286 
356 431 120 
210 346 14 
62 195 217 
480 407 240 
251 411 496 
299 487 424 
490 462 260 
419 333 313 
30 489 241 
448 231 206 
344 41 170 
471 438 9 
372 387 394 
247 169 158 
70 47 408 
375 490 356 
355 470 286 
129 482 47 
106 171 421 
290 228 40 
37 129 458 
69 168 280 
297 9 267 
62 46 81 
186 431 115 
440 429 138 
29 328 42 
145 301 220 
353 179 298 
173 289 484 
72 460 262 
341 283 265 
117 316 230 
458 313 281 
385 452 450 
143 442 143 
255 268 21 
318 36 387 
148 217 423 
316 55 387 
421 303 104 
484 470 31 
239 55 458 
430 400 433 
458 89 377 
197 91 138 
147 185 230 
14 378 144 
225 34 367 
98 354 337 
478 492 306 
11 64 280 
52 90 213 
97 168 230 
135 497 395 
248 13 492 
47 416 447 
453 229 295 
308 320 370 
208 440 454 
490 351 259 
198 82 368 
409 65 474 
215 407 236 
180 184 44 
171 464 182 
476 121 185 
321 394 56 
189 368 286 
110 369 355 
498 190 28 
334 374 95 
259 426 174 
306 65 197 
84 344 369 
72 95 33 
1 78 108 
44 37 441 
407 436 61 
461 258 88 
28 397 106 
321 172 349 
487 356 183 
6 51 411 
220 401 275 
200 114 310 
390 249 453 
313 267 416 
439 40 62 
127 355 321 
106 289 154 
464 50 439 
342 96 406 
221 224 22 
93 168 373 
226 469 438 
53 382 208 
262 293 339 
274 94 144 
498 252 388 
177 425 95 
232 59 350 
425 372 309 
336 102 157 
57 215 71 
410 460 53 
399 296 478 
348 486 301 
380 450 269 
222 450 488 
284 111 491 
352 418 150 
211 345 84 
85 442 401 
229 129 162 
397 486 336 
147 377 383 
406 19 440 
414 480 347 
149 204 228 
71 488 466 
205 82 46 
465 410 307 
107 270 493 
192 322 106 
38 188 304 
229 359 116 
335 110 298 
426 14 283 
401 378 46 
419 163 494 
79 483 317 
250 97 433 
58 213 390 
344 484 356 
12 204 449 
409 245 321 
365 324 103 
8 203 177 
275 234 140 
137 309 334 
45 43 33 
142 279 379 
230 354 12 
3 369 457 
410 6 150 
492 81 355 
278 433 484 
366 444 201 
456 434 93 
214 47 427 
359 77 204 
142 91 268 
224 368 203 
496 457 300 
371 353 320 
194 13 295 
196 45 284 
317 435 87 
338 1 294 
400 361 384 
76 425 248 
244 472 404 
259 484 291 
474 384 246 
409 364 402 
177 125 307 
232 231 404 
23 340 170 
327 6 90 
39 185 35 
255 179 486 
290 179 78 
231 347 167 
66 8 308 
193 106 324 
399 489 164 
397 217 328 
361 299 117 
224 363 483 
209 296 49 
20 203 456 
283 298 75 
232 469 251 
129 217 299 
243 211 236 
499 365 42 
456 175 453 
322 376 481 
77 491 50 
445 179 478 
159 466 232 
169 482 93 
259 344 321 
271 237 493 
370 46 145 
375 192 96 
86 71 167 
425 380 76 
265 178 496 
221 132 379 
243 393 280 
33 418 415 
6 200 185 
32 439 189 
477 455 43 
328 61 375 
435 427 153 
304 10 298 
278 72 251 
302 78 16 
300 385 435 
100 458 435 
51 39 261 
257 112 40 
264 336 227 
43 187 372 
19 237 473 
422 342 412 
388 211 111 
405 381 316 
188 459 164 
168 172 53 
393 281 194 
480 125 231 
248 452 488 
162 115 473 
413 3 60 
382 131 62 
135 219 215 
259 68 140 
423 199 258 
342 406 263 
177 52 311 
57 490 50 
72 374 310 
227 294 200 
128 326 283 
4 182 417 
13 275 462 
221 150 215 
180 121 86 
365 104 485 
56 107 111 
326 181 292 
118 5 120 
175 417 246 
335 82 363 
473 59 451 
71 108 498 
45 173 194 
453 306 451 
63 410 208 
209 384 204 
75 85 307 
282 390 283 
338 23 246 
22 361 142 
127 468 449 
243 129 103 
87 350 52 
385 471 28 
48 154 403 
190 254 379 
495 289 355 
27 127 272 
467 189 187 
291 285 211 
299 336 249 
86 412 14 
137 332 312 
302 132 325 
246 319 306 
464 481 390 
413 448 199 
318 476 137 
433 183 363 
275 418 158 
166 414 169 
65 275 259 
261 155 231 
452 33 122 
29 136 113 
215 312 229 
220 476 450 
401 307 141 
333 115 186 
228 5 239 
294 286 113 
203 187 112 
496 413 293 
96 244 487 
87 285 298 
25 419 246 
448 189 53 
173 449 269 
490 25 151 
318 329 290 
303 143 303 
9 241 52 
188 161 434 
109 202 316 
256 363 81 
300 209 97 
168 1 164 
345 228 475 
246 213 254 
90 461 405 
128 74 275 
428 153 222 
46 275 365 
489 27 191 
46 131 325 
150 12 466 
312 456 116 
164 444 148 
28 50 160 
202 291 251 
367 233 136 
360 327 269 
324 136 457 
131 490 367 
24 374 475 
345 441 151 
280 400 381 
405 244 139 
183 398 470 
169 341 426 
7 334 106 
32 192 175 
165 76 109 
417 73 1 
362 340 78 
356 339 17 
472 238 372 
345 182 310 
402 451 109 
499 94 121 
20 389 107 
322 113 336 
478 75 490 
315 426 356 
26 143 154 
360 367 95 
225 213 129 
304 153 342 
380 309 24 
206 495 328 
307 285 100 
105 436 75 
185 485 371 
433 386 75 
1 489 289 
371 198 146 
80 120 442 
160 140 356 
430 386 199 
139 453 413 
96 404 66 
178 255 312 
225 317 89 
433 194 445 
353 64 257 
48 433 288 
413 315 384 
174 348 334 
398 418 313 
38 379 420 
445 137 460 
176 494 324 
311 103 106 
160 158 442 
216 90 263 
306 130 408 
395 111 48 
414 441 311 
292 67 238 
94 140 394 
248 379 144 
172 92 366 
9 262 205 
402 471 104 
111 267 317 
165 216 148 
137 319 450 
463 410 192 
18 289 231 
467 161 213 
427 224 474 
101 154 211 
243 176 472 
476 358 73 
116 481 192 
288 209 153 
136 223 116 
476 27 28 
285 364 239 
329 452 214 
182 154 276 
59 489 378 
420 7 470 
249 6 367 
72 87 453 
319 130 10 
423 395 99 
499 85 231 
305 142 59 
318 343 447 
39 132 477 
349 268 169 
444 306 237 
210 352 142 
381 439 324 
133 175 410 
428 240 423 
222 196 340 
150 296 372 
446 168 172 
320 70 440 
266 455 115 
322 182 137 
5 148 322 
330 262 310 
271 37 175 
41 426 166 
122 339 447 
449 434 1 
135 133 159 
325 0 308 
220 331 490 
63 63 152 
88 18 378 
271 37 203 
401 229 487 
229 341 359 
260 485 385 
281 133 104 
192 105 332 
31 289 118 
34 172 263 
213 297 490 
381 395 432 
269 147 129 
261 211 443 
29 468 103 
38 181 466 
393 107 266 
441 262 19 
222 75 414 
444 119 127 
436 220 24 
279 191 9 
403 324 160 
270 143 292 
167 129 118 
282 402 440 
7 301 384 
467 93 274 
204 199 481 
5 11 133 
27 30 352 
250 234 212 
459 276 487 
388 480 87 
367 404 110 
270 98 268 
476 357 205 
493 148 14 
307 205 152 
152 80 360 
250 335 399 
352 128 63 
390 377 168 
77 432 147 
305 464 387 
72 425 226 
151 415 299 
62 420 495 
137 362 432 
442 167 253 
41 69 5 
374 150 365 
28 209 312 
384 421 16 
269 386 15 
387 105 411 
479 113 406 
258 341 182 
270 209 406 
401 323 220 
493 339 135 
172 323 47 
89 340 244 
281 376 298 
63 350 119 
436 122 73 
99 215 132 
380 474 426 
256 247 169 
128 139 150 
205 387 273 
458 270 93 
265 141 448 
405 435 15 
255 40 292 
130 70 478 
46 434 368 
283 249 282 
32 482 165 
211 392 461 
441 370 230 
136 225 158 
298 229 297 
304 310 57 
135 239 191 
248 452 448 
162 471 330 
438 129 23 
189 99 156 
491 20 319 
415 186 143 
43 349 499 
140 134 387 
458 203 100 
356 248 339 
376 382 487 
466 48 390 
8 32 296 
80 31 417 
156 346 120 
89 467 303 
457 346 260 
231 47 269 
304 150 65 
365 230 262 
445 90 35 
151 94 486 
19 147 92 
230 286 454 
290 308 268 
25 410 384 
230 6 108 
473 189 79 
117 322 290 
241 63 442 
437 100 489 
365 376 210 
215 361 464 
108 192 326 
450 132 318 
298 235 269 
193 21 305 
422 37 60 
447 295 32 
57 429 386 
258 411 209 
393 143 300 
43 87 368 
2 199 58 
256 50 472 
297 54 380 
297 196 63 
151 261 413 
222 60 389 
353 149 219 
449 92 95 
446 187 81 
147 52 283 
26 404 369 
484 85 371 
355 158 365 
310 177 211 
260 119 292 
15 481 117 
412 367 301 
195 12 165 
107 203 383 
306 50 335 
279 134 260 
50 59 280 
84 277 241 
262 284 282 
74 360 146 
279 74 446 
101 440 301 
257 348 303 
301 94 271 
212 137 150 
134 376 37 
326 104 440 
267 222 376 
467 496 25 
70 282 182 
452 193 44 
431 201 321 
433 178 44 
306 352 168 
488 349 344 
336 39 269 
41 148 391 
257 428 338 
347 445 305 
264 131 420 
406 193 308 
174 465 461 
491 102 15 
211 175 15 
83 237 83 
255 241 452 
30 269 412 
139 211 357 
312 299 421 
418 10 341 
144 297 34 
128 175 313 
422 289 113 
42 105 93 
382 402 371 
466 123 379 
389 131 186 
216 341 442 
165 471 447 
95 470 24 
91 355 188 
392 42 134 
433 189 152 
287 75 243 
353 199 70 
4 49 194 
299 36 131 
238 487 362 
197 480 284 
32 301 117 
369 363 267 
98 82 27 
346 256 122 
499 375 47 
396 328 114 
442 370 212 
352 352 412 
18 10 299 
434 385 399 
159 157 174 
409 233 319 
431 194 21 
95 161 87 
69 323 199 
46 221 202 
49 156 213 
246 4 377 
398 446 129 
476 93 102 
287 364 333 
275 275 433 
76 203 51 
146 70 447 
255 363 194 
359 244 190 
109 3 366 
390 188 398 
134 292 250 
365 313 236 
213 99 368 
308 443 44 
21 244 289 
121 339 24 
211 465 331 
19 41 482 
271 2 263 
164 163 202 
372 195 110 
204 402 436 
271 201 266 
249 250 34 
369 378 350 
170 353 345 
260 451 289 
403 38 351 
481 308 131 
203 134 260 
201 7 297 
348 393 417 
328 53 17 
121 480 457 
439 378 412 
354 101 31 
31 412 194 
216 408 459 
377 324 11 
418 202 400 
148 325 202 
369 497 137 
463 8 125 
246 285 151 
180 482 419 
321 30 24 
3 423 27 
136 45 162 
376 114 459 
488 154 151 
102 238 463 
465 328 0 
426 118 23 
253 153 312 
402 467 142 
44 283 219 
411 352 170 
294 6 416 
116 147 89 
55 492 60 
275 440 447 
337 461 57 
262 184 472 
472 407 283 
144 90 328 
57 320 339 
383 55 5 
485 175 64 
263 41 436 
311 439 28 
92 385 444 
315 254 143 
64 125 372 
141 98 94 
188 223 78 
486 411 221 
480 404 119 
406 175 241 
59 353 23 
61 425 43 
346 423 80 
369 296 362 
23 135 453 
405 3 19 
280 33 245 
36 59 290 
264 342 322 
258 246 71 
24 126 313 
29 421 359 
434 438 462 
497 490 493 
132 196 382 
371 392 468 
357 270 191 
407 296 75 
126 395 189 
462 9 66 
193 475 494 
76 405 88 
429 55 484 
469 54 366 
128 310 99 
186 206 11 
1 491 163 
174 214 322 
78 43 457 
84 436 176 
125 38 467 
141 215 325 
199 390 412 
54 335 292 
176 238 333 
106 478 495 
300 336 460 
270 410 207 
341 169 186 
477 498 347 
168 392 195 
20 130 122 
457 295 323 
23 361 206 
142 58 138 
276 437 247 
460 127 403 
58 137 305 
289 246 177 
333 437 176 
403 266 333 
451 150 95 
375 149 66 
259 82 191 
433 198 6 
16 478 33 
436 196 453 
442 205 360 
111 39 452 
353 230 265 
67 61 486 
450 419 323 
67 116 313 
167 299 97 
258 211 199 
379 250 77 
98 441 54 
364 290 265 
439 175 272 
486 363 237 
162 165 39 
367 484 319 
310 397 477 
401 146 104 
56 297 189 
345 51 11 
39 117 475 
352 319 385 
34 19 236 
222 286 316 
427 14 131 
201 194 287 
245 429 215 
305 376 416 
387 338 353 
207 242 138 
434 397 485 
282 209 434 
384 113 153 
