1000
3
274 389 64 
307 277 215 
269 297 413 
76 374 264 
246 353 290 
428 233 49 
56 50 33 
219 451 27 
461 314 306 
193 193 127 
382 83 455 
376 313 150 
126 6 141 
199 154 286 
62 86 190 
178 281 88 
32 55 422 
284 431 290 
180 68 55 
126 193 234 
468 189 145 
147 425 233 
252 409 77 
347 217 449 
333 415 161 
243 362 314 
349 365 424 
240 84 228 
24 90 108 
251 23 452 
469 466 81 
185 247 202 
214 375 462 
466 183 151 
433 154 328 
175 355 229 
425 146 383 
102 367 45 
122 460 115 
302 443 175 
178 287 34 
419 264 46 
410 187 127 
292 221 179 
67 413 307 
442 68 241 
388 215 120 
241 235 276 
127 309 436 
30 313 271 
344 21 328 
330 428 235 
388 308 340 
443 44 10 
203 167 133 
45 73 214 
237 494 252 
105 438 459 
320 127 438 
130 290 229 
460 439 356 
248 453 250 
131 360 285 
371 218 45 
200 150 407 
397 286 11 
376 434 15 
130 472 171 
295 209 251 
338 274 230 
380 256 244 
380 130 473 
437 379 408 
60 107 60 
107 234 45 
347 105 167 
81 72 271 
25 378 177 
434 1 192 
413 324 318 
216 134 363 
453 475 470 
456 247 328 
408 130 73 
67 306 152 
277 50 467 
305 280 406 
479 39 308 
190 66 44 
384 368 186 
482 158 196 
318 181 199 
404 39 76 
403 190 391 
404 217 345 
265 33 279 
358 164 151 
67 298 464 
424 390 206 
202 253 466 
392 321 138 
7 178 105 
356 46 180 
197 74 264 
334 106 424 
375 284 298 
97 240 335 
499 323 350 
157 199 309 
359 464 13 
413 388 3 
388 432 492 
58 341 295 
185 125 343 
439 51 314 
106 26 318 
312 119 213 
39 355 252 
134 460 169 
49 231 117 
246 423 472 
302 333 230 
383 409 164 
472 138 354 
331 133 339 
264 272 70 
376 124 2 
431 260 80 
239 490 363 
241 304 273 
86 357 270 
216 175 48 
87 343 336 
352 32 483 
386 312 229 
28 302 370 
57 44 447 
288 185 11 
456 120 40 
286 254 353 
306 395 357 
70 94 319 
216 387 337 
443 498 6 
149 18 21 
463 91 27 
179 453 10 
222 452 305 
433 497 295 
383 356 221 
343 424 54 
4 5 401 
123 37 293 
69 37 295 
275 194 109 
128 345 255 
86 10 71 
426 453 473 
134 417 223 
216 441 288 
268 164 38 
245 280 439 
262 153 257 
146 421 431 
69 66 193 
74 22 270 
321 108 81 
302 497 349 
455 225 81 
427 279 352 
439 40 388 
278 347 206 
353 40 199 
104 152 438 
388 269 69 
129 216 350 
66 444 281 
234 392 486 
66 109 236 
66 413 167 
99 337 349 
290 379 46 
7 286 360 
191 297 242 
372 425 70 
328 156 162 
61 183 31 
246 125 393 
132 262 2 
175 328 471 
358 93 297 
108 431 422 
7 171 236 
381 114 333 
227 236 445 
398 343 386 
362 243 248 
448 430 344 
213 205 204 
238 0 242 
490 189 281 
285 397 32 
140 190 187 
310 472 80 
10 101 307 
326 127 2 
212 145 380 
363 305 466 
199 457 417 
290 401 115 
57 455 456 
12 280 319 
274 17 265 
283 178 331 
114 341 48 
159 403 179 
49 105 420 
171 121 27 
299 169 178 
298 238 92 
238 268 441 
77 225 444 
153 395 412 
328 450 408 
78 129 490 
53 413 436 
455 427 393 
70 74 386 
358 2 227 
88 431 91 
227 179 4 
1 243 89 
224 313 71 
485 60 44 
78 490 97 
49 61 308 
212 311 304 
335 441 111 
480 312 414 
128 192 284 
82 272 455 
395 434 422 
265 326 302 
222 178 441 
33 413 158 
284 440 248 
317 294 186 
116 94 367 
290 462 461 
367 177 97 
276 36 307 
345 424 117 
360 228 68 
305 44 208 
294 327 180 
108 381 160 
431 11 332 
371 314 327 
225 314 165 
344 42 209 
92 418 192 
440 377 157 
142 119 227 
350 351 329 
196 123 331 
191 308 131 
256 350 330 
377 297 152 
485 69 120 
304 384 321 
433 96 190 
17 163 9 
122 221 199 
106 190 385 
260 431 71 
483 302 249 
289 352 379 
271 141 497 
415 151 433 
13 360 223 
420 144 416 
71 271 237 
143 175 436 
29 464 90 
233 363 451 
115 241 487 
497 413 352 
59 333 458 
424 358 437 
485 337 91 
368 380 69 
95 433 29 
124 439 489 
297 248 188 
30 488 145 
158 210 412 
114 4 374 
11 48 398 
472 364 247 
145 296 98 
62 456 78 
118 63 340 
230 364 77 
329 224 76 
407 316 480 
214 402 101 
415 242 10 
486 480 204 
297 415 25 
433 122 322 
177 147 278 
435 387 230 
297 476 146 
479 461 330 
333 283 203 
155 190 293 
427 309 238 
198 468 477 
251 310 164 
285 395 36 
212 132 1 
82 241 460 
490 419 37 
310 10 238 
388 318 324 
119 117 434 
468 22 224 
480 377 132 
242 333 76 
430 413 57 
324 226 7 
233 86 465 
214 231 269 
359 494 364 
244 432 458 
382 1 204 
273 209 134 
495 33 164 
250 203 391 
253 77 233 
91 217 401 
310 1 55 
430 86 273 
445 193 498 
143 56 110 
443 260 209 
119 304 186 
463 161 342 
7 33 69 
140 98 46 
0 201 338 
83 297 336 
331 227 304 
83 411 461 
337 421 102 
131 418 398 
210 375 490 
330 78 10 
31 1 170 
381 487 162 
332 352 423 
367 39 163 
425 310 82 
189 228 246 
447 295 106 
307 441 9 
178 341 499 
296 324 316 
200 368 346 
434 468 326 
224 62 210 
135 284 224 
29 339 185 
201 208 420 
119 325 57 
200 416 273 
417 113 65 
344 103 137 
67 234 59 
150 441 171 
356 299 460 
355 70 154 
410 286 408 
125 92 455 
398 197 195 
226 462 194 
150 143 46 
241 267 387 
362 85 487 
37 105 51 
272 130 271 
277 410 126 
461 38 178 
191 409 344 
331 84 416 
128 326 267 
469 263 378 
432 276 403 
472 14 234 
324 202 21 
64 129 499 
434 267 491 
167 202 59 
447 386 329 
367 181 298 
256 161 457 
427 451 383 
95 57 60 
63 156 209 
17 148 431 
30 185 154 
198 131 442 
296 448 371 
228 364 485 
476 130 47 
490 160 233 
11 352 242 
221 323 132 
494 444 451 
256 441 248 
250 260 24 
6 69 243 
330 88 321 
31 257 159 
56 92 242 
412 364 461 
58 86 1 
404 51 135 
446 172 371 
296 0 58 
163 163 127 
430 155 351 
70 152 434 
27 58 189 
222 452 14 
407 190 205 
278 222 488 
413 14 171 
478 336 391 
66 216 175 
365 171 497 
326 144 98 
232 68 181 
181 462 135 
131 372 169 
82 296 391 
67 284 474 
127 453 102 
112 274 247 
140 426 379 
175 322 172 
279 410 258 
156 182 214 
255 482 377 
118 23 5 
403 23 222 
292 176 149 
96 59 370 
62 326 397 
144 483 494 
300 354 186 
260 463 14 
139 353 67 
369 223 361 
389 325 358 
161 36 51 
228 208 124 
82 117 451 
146 470 95 
289 490 424 
457 48 272 
19 233 34 
408 424 130 
276 234 171 
297 317 301 
329 206 196 
3 270 356 
351 86 344 
157 216 118 
215 459 362 
40 145 141 
1 335 158 
2 455 157 
120 369 331 
300 228 328 
40 444 141 
103 292 410 
418 54 431 
459 380 219 
79 372 154 
267 9 21 
356 75 177 
408 328 191 
132 311 411 
370 215 142 
481 62 233 
480 424 275 
281 6 379 
455 274 483 
148 306 375 
279 330 299 
211 394 81 
487 304 279 
240 0 416 
18 353 115 
282 335 37 
116 93 27 
151 164 103 
478 491 126 
317 250 349 
253 182 495 
459 402 472 
159 404 189 
330 281 22 
275 188 198 
102 391 161 
472 465 117 
371 475 290 
53 322 426 
28 20 310 
356 478 459 
475 85 74 
409 383 171 
88 338 151 
245 366 201 
188 495 426 
94 177 76 
223 103 45 
361 37 310 
42 251 97 
429 109 265 
217 381 294 
228 382 395 
309 160 42 
488 151 344 
349 81 499 
93 220 69 
448 495 485 
307 79 270 
468 151 287 
372 94 380 
133 285 416 
0 235 356 
263 217 237 
425 450 329 
490 229 378 
409 137 132 
333 310 287 
98 334 285 
218 408 50 
437 373 310 
344 338 303 
368 272 457 
390 170 165 
371 456 293 
340 488 128 
480 221 158 
327 375 41 
211 195 408 
3 284 498 
72 224 194 
116 152 342 
363 202 261 
264 235 171 
433 45 297 
81 410 208 
461 449 374 
163 336 233 
16 295 131 
354 173 283 
469 302 337 
82 104 68 
327 408 239 
391 282 58 
177 230 298 
317 154 169 
278 41 209 
85 402 387 
150 230 305 
253 434 434 
338 198 415 
42 49 136 
430 33 374 
223 193 149 
289 20 457 
299 204 132 
227 383 398 
492 74 321 
353 193 229 
98 64 129 
316 145 299 
72 75 251 
219 258 208 
427 57 65 
381 405 99 
279 375 406 
68 319 467 
432 434 153 
226 363 310 
181 316 30 
403 60 5 
89 6 26 
217 97 167 
431 218 159 
181 420 93 
151 377 175 
145 83 285 
56 316 283 
458 128 216 
196 101 380 
265 318 495 
306 233 209 
302 310 461 
123 56 120 
228 351 153 
156 87 41 
369 192 485 
210 79 18 
491 333 94 
152 319 280 
167 137 353 
61 444 422 
397 460 408 
75 162 322 
187 41 135 
292 437 307 
247 338 88 
9 33 111 
463 77 287 
242 202 31 
34 296 227 
344 55 112 
202 242 136 
256 194 374 
133 393 353 
106 226 375 
70 495 75 
472 370 424 
111 211 448 
106 218 205 
18 191 406 
290 74 150 
329 18 109 
40 398 140 
152 241 413 
169 484 270 
432 406 416 
127 81 123 
26 183 334 
276 407 116 
325 170 130 
280 80 19 
163 129 364 
464 141 293 
71 36 344 
131 287 133 
477 406 319 
322 262 108 
229 496 230 
338 282 91 
295 303 387 
82 93 124 
213 320 422 
264 235 25 
413 304 451 
23 317 204 
71 310 420 
374 3 308 
324 73 393 
363 157 183 
103 125 228 
483 437 349 
257 457 119 
247 8 56 
440 290 227 
367 482 299 
320 189 424 
43 253 414 
102 370 54 
370 127 179 
286 384 78 
496 199 489 
483 410 168 
453 276 398 
148 219 304 
19 125 16 
333 291 115 
485 231 237 
280 350 477 
346 169 87 
223 393 167 
354 225 309 
423 436 28 
346 135 37 
163 327 359 
260 258 166 
497 392 482 
387 478 296 
96 304 445 
57 53 318 
317 361 455 
28 206 281 
62 453 309 
472 473 176 
74 24 404 
320 8 59 
420 134 373 
363 463 299 
427 150 499 
459 439 40 
369 452 148 
82 404 17 
408 225 196 
114 260 490 
234 349 454 
441 104 291 
160 368 31 
137 438 400 
443 483 425 
356 439 134 
468 475 72 
478 477 37 
69 159 489 
397 199 97 
212 57 299 
144 193 95 
237 6 358 
300 18 7 
88 109 222 
179 81 437 
128 478 302 
158 85 134 
297 251 44 
275 438 395 
191 283 338 
241 467 170 
436 11 369 
19 78 422 
14 265 475 
24 333 319 
193 209 412 
323 15 328 
165 327 342 
406 406 336 
213 409 293 
311 389 318 
174 314 242 
449 91 84 
49 214 231 
303 31 250 
178 167 473 
485 309 260 
353 250 245 
28 148 13 
15 143 482 
299 231 20 
62 5 482 
85 5 93 
435 132 70 
113 100 64 
216 162 187 
199 176 119 
303 109 181 
296 258 215 
2 320 342 
275 499 499 
283 468 148 
405 257 34 
228 154 45 
274 293 378 
442 77 226 
322 319 27 
114 486 36 
291 323 158 
430 419 260 
60 260 293 
307 423 108 
141 412 278 
191 182 178 
129 397 328 
375 289 357 
425 465 488 
269 139 268 
83 330 130 
63 64 451 
291 430 87 
484 8 145 
401 66 457 
196 489 382 
376 53 246 
55 1 124 
75 276 481 
344 289 124 
387 77 40 
309 21 13 
305 468 169 
349 16 403 
209 299 35 
485 103 351 
328 260 117 
87 417 476 
457 370 18 
332 20 53 
49 369 67 
37 140 427 
89 117 438 
365 148 401 
32 117 456 
211 417 261 
458 310 390 
237 129 289 
49 423 248 
136 76 125 
211 466 176 
9 360 125 
387 298 485 
339 127 99 
272 145 213 
178 272 215 
73 355 124 
71 92 146 
231 399 84 
4 474 479 
213 270 113 
268 449 133 
324 284 5 
378 230 226 
476 472 213 
25 226 261 
114 173 177 
61 24 230 
204 243 495 
266 408 227 
346 181 463 
496 423 103 
221 223 88 
223 179 392 
87 272 392 
402 491 394 
27 467 345 
294 414 201 
394 22 201 
416 147 280 
406 288 242 
109 276 499 
172 307 16 
41 297 237 
60 376 165 
387 405 156 
314 431 336 
291 61 190 
0 266 385 
59 47 492 
412 361 13 
119 361 324 
431 330 265 
468 246 430 
397 399 37 
254 292 417 
397 81 50 
340 126 262 
443 69 379 
484 219 86 
34 12 396 
167 167 205 
467 425 293 
266 321 194 
474 215 449 
47 304 473 
135 248 240 
72 451 482 
424 324 215 
231 270 308 
119 22 63 
100 275 125 
166 84 292 
117 437 23 
117 285 334 
58 70 224 
255 302 78 
477 368 310 
193 260 483 
68 0 120 
318 240 1 
175 481 391 
252 175 263 
366 260 71 
55 100 73 
149 268 60 
78 144 21 
465 362 376 
479 440 296 
391 317 364 
215 163 219 
370 73 446 
48 26 432 
392 334 462 
191 175 87 
214 244 325 
261 374 359 
59 427 121 
459 193 283 
243 344 354 
148 237 243 
94 209 276 
263 291 221 
176 470 429 
14 92 10 
266 334 24 
250 219 224 
111 311 13 
208 131 28 
272 334 25 
325 298 83 
306 353 111 
179 180 299 
492 171 102 
31 171 477 
273 43 187 
54 432 264 
249 207 11 
256 447 28 
182 257 357 
148 448 455 
274 387 105 
44 492 7 
97 153 84 
254 356 58 
408 57 459 
419 299 269 
40 46 345 
296 494 392 
176 319 331 
115 199 63 
399 494 410 
435 318 81 
167 247 455 
361 16 327 
30 484 493 
339 120 202 
257 179 112 
75 113 324 
400 213 389 
214 74 358 
460 237 431 
231 283 127 
151 124 417 
64 387 243 
298 8 23 
233 102 34 
186 496 150 
23 69 176 
110 47 390 
61 349 263 
219 245 486 
423 302 364 
20 171 114 
172 422 153 
219 148 122 
239 116 252 
123 4 99 
102 236 485 
215 200 180 
104 234 146 
25 381 49 
105 331 101 
437 354 294 
472 52 73 
130 12 349 
206 158 396 
392 65 416 
351 270 122 
158 337 62 
408 371 420 
30 107 36 
177 473 105 
385 175 229 
226 355 1 
60 492 449 
255 72 150 
292 381 264 
129 233 196 
64 309 153 
87 421 387 
71 476 133 
332 210 285 
278 226 217 
128 69 130 
426 422 71 
384 475 59 
368 196 76 
244 164 172 
269 355 491 
64 231 276 
409 134 240 
405 35 272 
164 0 77 
255 27 205 
469 163 477 
327 220 343 
