1000
3
434 106 140 
70 208 17 
493 331 48 
47 341 33 
410 376 269 
271 372 59 
186 217 332 
332 11 86 
49 385 251 
467 143 216 
60 425 55 
135 111 455 
231 179 176 
254 48 341 
83 422 428 
454 333 390 
287 67 385 
411 42 95 
330 289 215 
9 245 208 
302 357 125 
406 44 186 
195 151 458 
170 457 106 
169 83 387 
199 452 487 
344 407 408 
455 223 158 
347 472 5 
308 364 467 
312 314 92 
95 167 88 
422 120 185 
306 498 55 
280 132 107 
453 142 351 
122 74 342 
410 451 168 
401 401 335 
117 289 490 
81 470 248 
170 374 412 
482 142 384 
397 448 275 
394 61 117 
347 127 43 
123 448 106 
39 499 392 
413 358 175 
370 329 209 
84 263 125 
115 52 463 
368 394 70 
401 122 429 
445 192 48 
279 240 68 
215 316 163 
328 327 83 
147 28 305 
176 424 171 
327 196 44 
276 492 265 
16 247 274 
380 243 164 
397 167 415 
403 270 99 
321 162 6 
33 113 388 
286 108 239 
147 111 219 
140 134 499 
418 163 429 
2 481 373 
265 472 394 
485 71 479 
367 103 217 
397 97 184 
238 373 181 
282 156 335 
348 357 192 
231 202 48 
401 238 363 
351 292 72 
143 291 481 
161 264 389 
363 258 423 
341 55 37 
379 125 443 
6 446 1 
72 398 386 
70 355 54 
271 328 329 
84 231 419 
296 124 451 
485 410 434 
422 173 295 
474 461 275 
35 58 411 
144 165 448 
405 239 152 
498 89 446 
409 403 499 
435 378 80 
207 454 106 
429 400 328 
25 399 433 
282 295 241 
349 332 454 
231 399 153 
197 259 477 
196 448 437 
460 426 169 
206 477 434 
360 460 74 
358 4 36 
59 15 239 
420 276 233 
276 469 281 
314 140 414 
145 77 186 
4 360 167 
264 105 164 
136 84 412 
487 256 91 
162 336 482 
102 479 283 
231 34 372 
226 312 186 
377 75 333 
364 417 44 
390 313 354 
395 112 204 
470 26 417 
325 159 306 
122 139 387 
53 266 494 
477 233 483 
455 256 217 
52 216 334 
119 290 468 
232 36 201 
197 373 17 
252 11 442 
295 214 300 
350 213 111 
215 278 105 
69 227 70 
217 324 58 
120 33 146 
490 407 11 
121 411 393 
133 67 30 
269 383 479 
283 307 289 
341 114 374 
62 80 241 
233 432 429 
406 75 298 
241 15 212 
280 20 336 
436 201 449 
16 274 188 
254 349 363 
37 388 430 
443 106 476 
94 449 410 
265 383 42 
111 433 117 
243 29 47 
70 72 71 
196 111 469 
141 211 89 
408 315 427 
65 134 78 
16 481 3 
53 109 381 
386 424 360 
67 330 292 
281 20 394 
38 122 19 
55 439 352 
311 255 121 
422 112 163 
280 299 159 
246 267 362 
336 386 198 
78 470 245 
222 272 327 
397 37 465 
77 436 1 
413 225 2 
147 458 346 
116 58 327 
466 247 54 
440 110 280 
292 415 416 
115 150 113 
22 314 105 
131 264 318 
65 189 163 
62 469 144 
218 449 478 
220 407 35 
291 97 415 
227 189 7 
194 199 325 
294 95 257 
3 4 32 
302 232 301 
342 363 232 
241 7 203 
118 20 264 
56 107 4 
275 89 222 
189 56 469 
493 441 336 
27 317 380 
146 213 151 
297 100 192 
416 135 213 
290 243 125 
291 235 78 
397 289 42 
103 165 32 
332 296 270 
15 195 39 
353 303 316 
8 484 112 
179 277 94 
379 384 277 
437 201 340 
28 33 375 
203 99 190 
7 360 67 
330 30 3 
209 101 244 
413 417 170 
368 211 436 
99 135 279 
269 494 116 
407 306 10 
34 196 421 
133 222 49 
477 67 163 
242 272 249 
376 342 420 
281 341 413 
33 98 366 
63 151 376 
378 244 391 
484 267 116 
0 415 384 
28 85 493 
116 148 318 
357 21 392 
344 489 66 
190 166 155 
457 25 86 
183 314 292 
441 200 328 
187 447 170 
261 3 195 
123 43 22 
35 117 70 
317 320 0 
273 18 433 
389 308 69 
474 434 203 
315 36 19 
14 335 116 
398 427 124 
93 459 182 
273 26 11 
74 91 90 
137 23 362 
303 123 295 
155 410 203 
199 322 69 
15 445 329 
279 325 153 
262 26 399 
249 315 494 
183 456 392 
334 122 379 
367 435 41 
327 302 217 
347 59 460 
147 390 351 
478 243 330 
469 163 135 
332 300 268 
471 435 371 
427 477 270 
114 470 99 
249 12 366 
483 466 135 
197 400 323 
173 165 297 
178 407 75 
208 334 69 
19 105 202 
57 226 380 
281 197 222 
182 256 429 
183 172 43 
490 295 291 
486 218 35 
332 448 240 
2 178 187 
11 392 7 
88 127 195 
435 330 184 
330 17 341 
320 374 61 
256 311 485 
282 57 17 
495 277 362 
137 29 230 
13 18 474 
376 445 332 
317 21 7 
432 228 163 
40 344 335 
394 325 174 
116 166 112 
75 66 241 
386 437 242 
143 227 43 
270 34 123 
445 211 498 
376 17 414 
289 263 496 
338 56 131 
489 305 22 
58 191 143 
289 399 438 
5 220 411 
166 260 48 
187 481 147 
336 458 215 
311 439 236 
114 412 0 
469 79 237 
234 237 468 
136 242 10 
453 65 355 
21 67 379 
140 195 52 
336 433 115 
173 174 107 
357 362 126 
258 21 480 
6 114 249 
353 380 46 
53 216 357 
334 281 19 
116 290 58 
295 239 13 
167 491 148 
396 112 162 
217 312 436 
303 334 304 
63 130 29 
354 334 46 
152 414 231 
117 243 409 
410 429 45 
208 306 389 
257 454 15 
11 334 182 
336 314 199 
375 376 190 
233 266 154 
157 487 486 
161 77 161 
204 479 412 
450 440 306 
270 340 288 
405 393 377 
152 66 275 
43 204 481 
409 149 123 
261 63 453 
269 210 328 
62 343 249 
492 207 330 
285 13 299 
46 432 119 
308 134 124 
212 112 58 
236 77 114 
41 257 171 
66 145 366 
266 324 79 
315 140 325 
60 415 305 
269 22 349 
14 477 52 
81 493 59 
3 433 169 
492 74 350 
135 85 17 
470 41 142 
268 259 215 
106 286 45 
108 121 303 
266 78 317 
455 83 230 
176 374 384 
282 275 353 
333 369 279 
362 436 147 
90 400 158 
394 45 305 
53 337 441 
61 228 32 
169 300 291 
437 261 37 
319 98 149 
196 374 351 
301 126 412 
475 473 214 
245 491 478 
438 123 335 
316 68 264 
290 499 209 
485 425 477 
269 434 67 
386 237 437 
84 470 161 
135 96 168 
24 62 440 
117 139 398 
168 377 260 
19 363 417 
241 267 272 
69 96 110 
170 217 32 
38 20 123 
37 462 192 
209 114 242 
445 26 341 
136 58 131 
441 398 266 
322 424 392 
447 291 451 
271 101 115 
371 424 348 
78 270 263 
380 210 347 
408 372 318 
2 55 302 
177 288 52 
364 63 192 
422 453 82 
116 17 62 
487 159 439 
399 401 415 
20 85 375 
270 146 195 
117 90 8 
350 151 182 
131 431 298 
498 439 47 
277 83 33 
241 154 7 
90 8 139 
468 160 231 
274 19 232 
40 120 273 
74 373 345 
286 38 282 
362 478 62 
451 377 13 
134 389 322 
467 24 478 
99 409 430 
286 10 219 
485 445 459 
303 253 383 
333 134 393 
438 230 427 
374 295 398 
494 471 256 
498 227 471 
142 9 387 
218 371 248 
374 363 283 
436 464 363 
238 472 119 
412 30 383 
63 84 9 
483 397 97 
105 304 201 
178 388 160 
214 216 269 
251 40 364 
74 160 326 
76 192 90 
2 337 55 
81 487 407 
81 125 230 
197 32 286 
57 321 365 
50 443 392 
161 224 108 
447 70 142 
78 341 170 
78 102 213 
180 299 98 
76 167 262 
204 12 37 
183 251 108 
373 461 57 
487 178 42 
350 253 65 
130 480 178 
382 156 100 
86 498 63 
337 482 383 
375 256 296 
89 418 112 
409 430 214 
212 468 194 
465 359 264 
425 336 140 
108 33 38 
410 187 68 
81 27 406 
51 255 466 
347 26 350 
7 399 325 
266 417 316 
399 477 35 
86 165 141 
162 18 121 
290 102 494 
437 59 159 
328 348 271 
363 106 149 
113 111 143 
228 277 132 
144 390 390 
122 443 164 
372 252 45 
15 199 170 
499 199 86 
463 494 437 
131 373 47 
307 188 396 
186 337 255 
0 76 18 
435 243 409 
374 442 271 
428 181 43 
28 314 480 
157 491 285 
489 355 24 
213 125 312 
162 382 441 
115 437 425 
261 3 383 
433 179 400 
372 362 39 
69 296 362 
87 355 283 
128 116 164 
426 98 202 
162 1 254 
201 299 237 
131 88 256 
386 432 422 
334 329 238 
24 465 406 
141 130 304 
130 84 434 
267 405 384 
39 24 465 
320 211 169 
349 38 21 
123 330 188 
54 200 153 
258 51 387 
247 272 151 
232 305 327 
0 307 163 
340 325 399 
377 433 209 
0 198 401 
346 454 285 
272 305 326 
33 196 407 
74 396 111 
10 132 116 
321 243 456 
371 134 27 
478 85 173 
12 236 144 
148 142 94 
240 95 395 
341 377 185 
124 294 354 
383 262 422 
460 60 130 
391 436 414 
337 398 14 
402 456 37 
7 206 315 
73 277 1 
425 276 71 
440 197 488 
404 397 52 
96 401 148 
63 364 296 
297 54 61 
251 263 335 
144 338 334 
339 247 61 
109 468 402 
50 335 164 
51 491 291 
496 25 479 
87 235 255 
23 493 495 
329 225 133 
232 6 205 
4 149 25 
60 203 375 
481 455 181 
336 243 344 
26 261 383 
352 107 453 
487 209 283 
486 97 151 
405 313 68 
223 169 162 
290 26 297 
426 253 32 
456 30 167 
477 238 201 
61 30 427 
393 447 279 
234 7 338 
236 338 353 
476 321 68 
34 98 361 
80 297 328 
283 75 150 
468 30 422 
227 77 220 
416 282 15 
466 346 25 
436 478 51 
86 59 254 
40 184 357 
305 234 393 
421 220 431 
122 341 419 
332 90 287 
277 324 193 
202 362 327 
264 77 233 
14 351 58 
7 142 187 
405 3 116 
251 56 87 
47 458 123 
247 126 423 
169 322 33 
437 413 418 
359 162 212 
453 319 458 
260 178 239 
104 33 401 
223 37 144 
321 395 346 
421 431 435 
346 3 352 
343 21 424 
116 115 331 
67 77 211 
124 13 156 
404 188 298 
150 342 152 
209 464 178 
41 57 429 
484 49 215 
350 474 108 
322 181 157 
428 229 429 
136 189 363 
13 34 408 
322 459 326 
35 229 197 
387 295 473 
148 338 286 
467 446 423 
60 460 366 
192 281 142 
134 110 447 
242 237 89 
359 399 15 
291 290 210 
238 169 375 
253 487 289 
96 395 162 
277 261 38 
142 42 406 
306 217 249 
28 489 325 
274 76 33 
445 151 227 
66 202 284 
38 399 430 
233 166 377 
67 109 41 
360 168 418 
169 250 366 
394 125 481 
70 97 113 
343 63 382 
250 443 335 
292 271 497 
252 309 28 
175 261 154 
38 128 381 
294 209 227 
440 69 490 
288 54 58 
35 475 69 
348 25 242 
335 138 60 
71 445 98 
387 147 326 
47 220 319 
389 52 471 
177 71 89 
143 187 341 
458 421 310 
213 59 234 
62 27 270 
407 456 19 
381 96 479 
234 271 274 
360 451 118 
334 134 57 
15 424 313 
251 449 260 
347 95 485 
333 83 408 
440 252 355 
478 159 108 
440 432 303 
360 9 398 
145 104 480 
273 493 422 
470 289 19 
473 422 150 
179 209 200 
202 294 226 
40 194 379 
82 378 220 
60 35 195 
26 18 261 
154 261 362 
334 276 417 
109 383 157 
477 17 75 
87 391 315 
376 282 46 
358 293 123 
316 44 424 
107 39 435 
220 247 52 
303 143 318 
288 80 207 
114 190 481 
191 460 185 
127 5 36 
283 24 446 
333 188 415 
382 471 354 
396 262 206 
209 281 100 
218 183 340 
70 216 413 
194 460 177 
474 78 464 
203 498 146 
372 190 494 
478 83 240 
347 446 368 
108 484 322 
496 170 153 
190 94 400 
298 193 302 
397 390 11 
288 378 314 
307 368 274 
363 102 486 
432 343 370 
199 336 126 
331 223 287 
337 175 50 
296 488 299 
15 379 286 
241 99 45 
58 25 499 
167 93 37 
301 292 179 
424 386 338 
75 48 186 
89 227 210 
251 207 213 
103 55 392 
180 38 162 
125 307 13 
85 276 389 
183 262 159 
209 195 4 
190 480 414 
394 388 98 
315 247 127 
306 272 409 
212 414 409 
289 441 175 
441 451 429 
49 464 404 
50 423 373 
36 54 43 
50 217 140 
481 194 334 
467 259 35 
308 474 469 
275 257 398 
162 266 146 
309 303 114 
287 235 283 
307 343 74 
365 443 10 
245 66 273 
400 174 375 
482 250 458 
183 105 428 
5 197 432 
30 254 186 
473 280 266 
402 346 354 
88 394 490 
140 438 329 
488 311 295 
487 73 101 
336 308 108 
107 130 289 
25 478 377 
235 412 400 
267 465 198 
197 485 159 
474 206 427 
445 316 101 
472 233 382 
279 76 214 
221 495 173 
30 154 497 
57 339 98 
51 322 146 
289 411 305 
320 414 98 
225 130 321 
397 188 241 
125 115 493 
0 456 51 
460 422 354 
168 114 352 
242 403 301 
139 381 348 
8 470 32 
140 21 371 
37 63 376 
376 310 175 
252 370 466 
275 88 466 
38 482 20 
352 444 323 
331 53 38 
45 193 1 
441 111 26 
415 230 495 
470 485 38 
272 280 115 
95 31 454 
387 363 87 
262 27 88 
253 99 80 
118 67 304 
311 52 131 
362 286 387 
453 37 297 
109 387 164 
395 318 485 
346 469 114 
381 186 225 
187 8 240 
151 390 479 
485 33 484 
390 0 122 
210 414 290 
214 206 466 
301 108 487 
228 339 117 
457 406 310 
141 357 222 
172 260 34 
42 68 191 
344 448 287 
208 323 318 
221 452 74 
22 227 61 
95 314 458 
241 322 171 
488 18 373 
251 300 263 
219 85 73 
139 129 181 
290 93 202 
161 427 369 
263 252 445 
483 75 170 
333 306 341 
373 492 430 
444 411 386 
211 257 292 
55 367 395 
414 356 475 
252 264 160 
63 368 309 
256 299 27 
36 104 461 
297 242 302 
390 121 462 
54 413 472 
328 365 220 
11 476 132 
165 191 242 
425 0 250 
13 324 288 
142 393 343 
39 280 462 
120 224 135 
287 216 160 
91 51 417 
245 393 359 
378 288 175 
357 375 181 
98 45 236 
269 148 442 
351 300 325 
184 66 25 
77 50 375 
275 239 196 
286 170 170 
218 229 299 
393 239 119 
260 50 149 
76 356 292 
173 338 407 
265 397 81 
107 447 179 
136 268 175 
372 294 158 
236 357 476 
273 306 185 
362 253 19 
333 39 248 
496 397 403 
281 217 285 
194 26 322 
464 109 14 
201 489 429 
161 185 95 
393 410 242 
267 99 284 
172 302 100 
468 342 240 
51 75 308 
381 87 92 
452 158 172 
93 54 473 
453 99 67 
130 101 416 
52 165 172 
5 9 429 
58 461 304 
166 178 373 
88 228 437 
454 490 313 
125 345 451 
30 485 33 
314 294 103 
0 434 103 
