1000
3
140 222 262 
171 108 396 
345 75 167 
469 442 314 
291 58 359 
248 423 286 
294 93 21 
119 184 372 
325 208 399 
380 132 52 
56 348 358 
106 94 83 
144 356 490 
428 1 185 
376 149 312 
177 390 96 
427 291 236 
204 284 487 
5 272 389 
399 98 425 
241 252 436 
215 406 246 
4 358 322 
412 99 120 
420 351 264 
62 419 23 
266 24 469 
267 290 490 
322 325 131 
337 295 418 
24 396 391 
69 288 355 
286 135 398 
94 333 98 
363 367 486 
63 42 23 
57 115 238 
406 127 450 
479 365 3 
360 282 226 
371 240 119 
443 82 369 
330 410 324 
341 162 145 
254 94 183 
228 412 341 
134 78 293 
137 399 453 
127 380 11 
244 144 309 
336 0 5 
194 378 140 
269 162 247 
341 217 64 
315 89 280 
66 351 388 
490 68 332 
73 207 157 
357 351 331 
405 222 131 
212 434 47 
251 488 168 
36 317 156 
135 219 190 
134 135 225 
87 271 120 
94 482 240 
242 177 230 
368 224 347 
380 496 168 
60 470 64 
118 47 118 
286 334 188 
240 59 81 
209 113 373 
176 32 188 
332 135 213 
131 318 13 
475 319 384 
89 126 57 
470 426 321 
237 131 385 
402 385 197 
283 427 364 
263 226 242 
122 55 469 
145 46 14 
400 280 90 
364 282 28 
423 357 181 
374 94 445 
163 297 188 
197 251 194 
110 278 68 
490 336 168 
24 46 35 
251 458 298 
475 318 5 
450 164 350 
400 139 349 
310 70 191 
426 361 459 
65 107 71 
417 471 270 
381 81 422 
306 245 387 
368 247 351 
465 429 86 
91 164 320 
404 256 53 
184 91 444 
394 384 246 
157 213 184 
358 380 70 
19 307 191 
206 321 453 
82 41 477 
140 126 316 
109 262 393 
252 338 495 
321 471 411 
272 253 492 
293 357 123 
291 94 85 
341 15 132 
441 358 71 
33 253 384 
96 72 286 
12 53 406 
489 149 422 
335 297 254 
159 409 204 
96 333 92 
408 314 499 
71 217 185 
390 130 207 
174 183 61 
429 114 39 
234 186 408 
45 344 153 
375 237 96 
461 72 361 
488 318 378 
248 343 150 
493 46 231 
376 300 13 
23 242 65 
407 425 435 
132 427 339 
227 135 395 
195 392 137 
229 101 3 
97 184 54 
24 402 325 
166 464 54 
183 130 135 
163 420 349 
133 318 27 
394 62 495 
414 195 154 
262 334 76 
281 445 478 
453 468 242 
321 126 121 
65 148 127 
465 419 476 
285 470 238 
325 288 353 
453 391 358 
250 282 478 
17 255 87 
405 57 160 
311 169 133 
324 447 369 
144 197 226 
342 372 230 
297 107 323 
282 355 234 
486 277 49 
50 235 7 
442 478 162 
37 295 265 
344 397 38 
353 45 210 
48 149 448 
344 177 221 
441 398 104 
165 260 153 
248 74 488 
174 400 38 
100 285 162 
467 493 201 
114 294 428 
247 262 154 
72 30 101 
492 19 334 
495 196 384 
338 364 57 
148 360 5 
425 369 335 
192 377 16 
60 222 320 
471 338 52 
88 233 340 
344 33 191 
230 302 137 
39 283 263 
364 38 357 
77 109 71 
400 289 16 
347 473 370 
232 286 184 
95 337 172 
317 325 354 
147 163 455 
24 441 59 
491 431 242 
15 146 239 
18 216 231 
195 289 95 
280 70 95 
464 398 50 
235 477 453 
406 63 5 
473 393 211 
492 483 153 
435 256 159 
175 167 470 
147 496 226 
75 113 96 
287 23 231 
183 193 151 
216 437 248 
387 14 172 
29 234 223 
389 319 43 
485 320 209 
186 360 421 
478 108 438 
495 259 57 
381 296 283 
386 277 236 
228 350 232 
111 262 318 
340 306 150 
198 469 414 
345 324 45 
191 387 56 
280 272 439 
301 248 297 
493 102 222 
351 223 281 
91 331 85 
62 394 117 
15 486 39 
280 266 323 
269 171 364 
435 125 408 
280 487 353 
29 462 241 
260 36 15 
471 423 148 
450 81 416 
182 375 291 
482 359 69 
315 46 282 
112 397 301 
378 264 84 
204 250 229 
130 29 241 
224 317 315 
447 282 444 
241 144 100 
353 56 169 
23 108 56 
476 315 474 
377 429 128 
173 239 49 
405 163 371 
286 265 303 
161 449 259 
207 436 383 
377 172 469 
379 329 48 
156 46 269 
86 11 457 
218 77 9 
44 396 402 
32 221 195 
356 368 207 
54 446 421 
240 221 152 
251 166 442 
284 209 25 
18 172 95 
219 105 176 
237 498 288 
385 321 164 
94 169 108 
169 91 231 
458 85 61 
260 29 497 
465 144 241 
55 350 471 
38 122 141 
475 477 11 
110 143 192 
135 346 278 
282 495 34 
450 83 175 
104 181 362 
80 381 420 
57 87 151 
440 229 446 
472 294 336 
85 140 79 
103 375 461 
110 217 272 
165 21 323 
307 70 411 
237 173 121 
400 439 233 
296 119 189 
375 27 178 
296 351 378 
172 151 107 
194 471 477 
22 321 346 
341 0 44 
452 328 215 
424 203 454 
360 200 493 
134 59 371 
457 224 417 
262 491 249 
63 205 334 
234 272 439 
431 134 344 
479 330 294 
297 123 60 
314 456 48 
312 374 36 
373 136 114 
194 173 121 
280 204 330 
424 53 229 
452 247 55 
324 315 130 
114 73 423 
39 177 121 
70 94 144 
1 256 139 
360 140 110 
310 227 378 
75 363 323 
78 285 23 
18 226 321 
176 481 390 
463 270 329 
470 420 124 
54 132 321 
460 15 66 
78 231 126 
234 64 497 
42 304 301 
357 315 257 
338 450 159 
496 373 108 
255 323 345 
370 76 453 
167 162 325 
16 85 36 
270 407 234 
64 78 336 
408 490 314 
283 66 216 
238 266 269 
459 41 21 
55 400 71 
327 495 470 
275 153 220 
388 233 235 
488 392 225 
8 349 156 
30 23 61 
14 244 391 
7 238 477 
309 354 312 
122 125 421 
107 303 258 
188 466 317 
63 475 263 
152 266 308 
322 381 262 
275 272 108 
14 407 211 
139 433 68 
303 232 389 
265 387 470 
186 392 126 
492 232 0 
22 198 309 
375 151 465 
281 136 224 
345 484 496 
15 49 167 
250 103 183 
380 49 46 
447 403 343 
134 56 418 
495 77 262 
216 479 210 
90 126 244 
163 151 420 
72 404 90 
387 47 438 
137 28 314 
292 169 280 
353 108 406 
287 486 131 
368 228 95 
235 117 63 
13 58 255 
94 272 135 
47 30 208 
321 215 14 
37 272 172 
190 131 460 
257 233 44 
128 397 177 
364 376 311 
0 464 413 
213 469 259 
70 354 333 
229 84 490 
129 397 250 
304 41 254 
6 86 221 
10 197 125 
4 308 79 
8 457 260 
88 240 167 
77 238 450 
206 59 114 
149 4 195 
202 338 215 
141 253 142 
264 373 379 
31 448 465 
17 339 292 
215 309 174 
354 162 331 
344 400 71 
438 300 449 
223 486 239 
382 112 404 
384 344 182 
457 352 411 
35 245 339 
345 66 186 
455 473 101 
345 417 353 
362 120 26 
39 402 62 
342 380 162 
270 445 424 
390 347 288 
486 167 482 
419 219 443 
380 377 390 
388 50 248 
279 288 227 
475 338 481 
473 230 325 
73 406 58 
117 16 298 
478 496 1 
142 362 111 
348 291 222 
479 38 325 
223 444 200 
344 278 39 
73 100 486 
201 205 17 
489 404 329 
45 362 484 
141 55 214 
436 331 318 
306 129 161 
38 341 92 
396 152 119 
451 384 255 
74 280 263 
71 408 34 
476 228 58 
366 358 148 
288 259 398 
403 294 288 
94 146 15 
493 350 278 
453 144 497 
92 362 298 
21 405 299 
379 280 298 
142 100 493 
322 445 287 
347 354 334 
40 97 91 
469 70 22 
327 175 126 
68 327 325 
497 480 273 
85 306 76 
293 209 310 
145 130 340 
168 60 347 
415 341 313 
140 353 481 
84 227 356 
48 432 112 
89 247 53 
101 54 155 
10 168 74 
75 112 407 
369 279 358 
117 110 326 
29 206 236 
450 40 46 
493 152 438 
88 394 117 
240 102 184 
459 367 336 
363 360 274 
297 326 73 
321 39 62 
470 30 107 
232 30 489 
497 50 41 
123 34 82 
233 219 452 
344 341 306 
480 405 367 
421 384 181 
114 205 255 
5 304 151 
484 373 25 
390 423 486 
59 198 275 
460 459 387 
163 388 418 
279 12 285 
405 97 423 
481 439 287 
261 278 4 
371 443 59 
495 378 136 
257 42 14 
202 12 22 
418 376 147 
378 404 47 
447 37 446 
309 281 120 
274 243 282 
290 453 159 
209 142 199 
4 3 51 
110 106 23 
232 449 59 
133 155 300 
76 385 184 
273 26 119 
483 297 497 
273 202 425 
147 265 126 
188 302 431 
381 319 339 
235 24 384 
446 118 471 
456 399 343 
430 336 360 
198 221 231 
369 175 464 
58 330 372 
492 241 255 
130 209 462 
174 295 40 
228 455 230 
18 359 400 
362 204 490 
185 232 107 
58 414 416 
191 145 396 
209 272 119 
190 386 200 
51 416 377 
8 393 351 
114 395 237 
153 271 425 
87 12 100 
286 360 370 
158 37 330 
291 66 416 
249 474 219 
54 391 119 
452 104 418 
426 193 355 
332 37 290 
235 432 216 
143 40 436 
246 239 481 
162 45 203 
25 133 443 
305 475 256 
343 318 451 
130 95 42 
208 63 160 
164 221 363 
261 486 195 
177 45 387 
28 494 74 
99 101 316 
31 304 123 
197 70 127 
489 373 53 
283 271 353 
480 466 350 
406 202 125 
139 118 89 
199 31 366 
483 405 117 
277 336 281 
391 137 35 
133 243 340 
309 260 356 
294 37 200 
50 2 193 
187 48 263 
34 487 462 
293 374 276 
135 121 179 
454 15 398 
437 209 18 
50 234 366 
408 89 358 
251 98 372 
53 22 484 
31 309 38 
165 37 177 
156 207 133 
388 382 8 
406 361 278 
333 463 147 
454 255 130 
480 267 64 
304 62 184 
303 299 345 
325 448 118 
194 117 78 
397 38 170 
141 57 248 
60 488 215 
148 125 196 
234 283 144 
448 102 296 
79 225 445 
133 132 117 
450 184 397 
355 157 399 
308 262 242 
10 34 102 
368 152 446 
410 86 332 
207 4 230 
173 447 315 
114 338 312 
39 445 476 
146 54 82 
183 166 169 
431 451 389 
169 289 136 
476 456 144 
321 81 175 
335 66 244 
121 431 73 
436 243 241 
307 217 136 
466 337 282 
449 150 181 
287 93 245 
356 347 399 
110 357 132 
349 460 360 
460 425 376 
166 247 183 
22 116 119 
29 421 307 
309 342 306 
434 109 215 
391 351 110 
289 265 185 
163 141 400 
344 34 33 
413 111 300 
407 3 119 
298 477 57 
444 426 235 
367 193 290 
379 312 197 
98 394 209 
137 429 223 
112 234 115 
201 372 359 
354 146 437 
128 428 229 
348 265 59 
480 290 346 
204 263 166 
498 206 272 
220 476 262 
144 175 58 
102 108 143 
215 199 478 
390 434 44 
66 462 297 
296 96 377 
422 267 428 
379 223 38 
153 308 437 
258 212 214 
489 468 236 
42 294 3 
156 201 68 
349 401 305 
354 11 14 
451 436 269 
259 284 491 
331 193 482 
381 22 207 
85 10 402 
306 254 458 
185 339 274 
78 289 439 
214 309 412 
380 334 439 
469 282 407 
111 234 470 
441 3 197 
490 246 450 
392 131 343 
335 150 333 
389 153 219 
284 423 442 
300 140 238 
90 341 14 
225 288 20 
18 52 472 
380 373 449 
95 482 244 
92 300 335 
448 80 438 
206 166 313 
272 149 147 
192 253 340 
44 161 499 
250 451 374 
177 274 69 
30 378 202 
397 472 434 
106 487 470 
477 347 47 
325 379 206 
457 28 470 
108 484 381 
495 377 99 
208 184 3 
279 120 155 
45 197 11 
92 84 453 
294 309 209 
303 134 7 
52 318 133 
371 498 162 
297 182 203 
360 76 117 
63 309 249 
49 131 39 
159 198 142 
252 369 484 
443 233 454 
487 407 216 
326 460 460 
463 229 37 
117 444 240 
350 423 86 
471 159 398 
461 454 478 
174 402 321 
29 17 3 
298 433 110 
386 197 14 
179 233 76 
31 236 129 
421 470 361 
376 285 73 
314 366 371 
188 249 296 
58 391 229 
489 68 221 
278 445 104 
450 22 435 
110 146 323 
259 171 227 
34 289 100 
73 496 262 
457 487 19 
336 343 333 
370 230 473 
124 11 18 
256 477 457 
203 490 249 
386 340 79 
240 493 386 
31 142 73 
46 315 351 
424 478 170 
403 315 417 
452 9 63 
243 408 381 
296 303 26 
401 470 66 
124 225 230 
357 109 384 
243 238 413 
207 310 492 
277 40 439 
47 458 375 
285 208 278 
5 406 175 
433 66 117 
260 2 227 
465 108 227 
2 319 427 
291 369 499 
398 63 93 
144 311 112 
479 18 439 
164 486 370 
49 68 56 
321 257 361 
448 481 427 
256 305 45 
453 173 76 
132 157 67 
143 314 300 
451 358 339 
284 314 328 
373 428 252 
492 353 477 
291 223 393 
334 457 293 
53 194 7 
243 124 383 
436 371 382 
299 142 363 
132 82 55 
61 188 130 
7 376 84 
463 106 265 
298 231 206 
369 146 262 
32 430 412 
140 216 46 
168 408 58 
7 444 265 
463 201 362 
81 177 38 
147 13 24 
487 243 315 
423 177 350 
271 191 127 
116 33 358 
484 255 473 
171 473 263 
457 469 368 
67 136 463 
384 113 360 
49 205 342 
274 465 196 
118 494 1 
472 128 254 
488 280 75 
339 407 349 
396 254 467 
33 27 82 
12 234 493 
355 342 121 
212 393 37 
401 335 375 
342 244 385 
202 186 98 
269 234 305 
281 159 211 
40 30 254 
190 337 101 
33 367 448 
269 329 271 
164 255 54 
486 226 232 
174 138 498 
254 195 356 
445 323 132 
57 432 18 
92 194 183 
68 331 333 
108 82 193 
451 131 369 
92 10 88 
327 291 44 
53 333 166 
427 374 499 
238 332 210 
255 5 231 
214 86 109 
204 426 417 
479 200 162 
324 495 275 
183 162 241 
202 210 344 
274 39 372 
340 95 176 
174 422 392 
289 337 498 
497 354 358 
257 352 12 
360 295 370 
121 148 446 
43 179 150 
276 61 438 
96 107 417 
202 65 137 
246 323 193 
80 434 321 
198 416 51 
0 210 192 
323 12 20 
64 149 154 
169 17 21 
259 86 351 
294 231 472 
411 402 486 
147 304 482 
127 164 248 
337 322 338 
477 208 164 
239 255 44 
66 397 366 
71 87 323 
140 88 154 
322 227 423 
340 247 397 
130 447 139 
142 80 453 
274 151 3 
245 91 58 
451 187 297 
129 361 347 
364 272 49 
410 91 187 
110 334 271 
321 433 169 
468 164 254 
193 163 41 
207 276 280 
61 305 165 
199 233 280 
467 71 75 
399 239 450 
217 478 265 
400 499 222 
345 15 231 
311 386 380 
53 204 404 
304 102 175 
408 294 497 
371 344 65 
215 280 150 
270 96 278 
281 380 407 
7 123 360 
228 415 28 
483 426 386 
240 183 376 
201 211 27 
21 229 357 
404 115 449 
432 305 93 
114 379 345 
341 62 351 
241 49 495 
241 8 93 
