1000
3
202 148 399 
328 125 399 
257 29 300 
110 155 116 
463 299 329 
207 496 206 
29 148 105 
496 338 343 
392 216 312 
72 29 103 
308 135 412 
269 469 293 
125 120 141 
200 232 380 
390 158 399 
360 160 455 
176 201 291 
281 26 484 
66 73 47 
295 96 381 
338 169 437 
332 290 330 
197 475 23 
24 348 274 
35 31 340 
46 290 360 
307 158 79 
81 430 336 
166 301 296 
312 54 239 
286 452 8 
164 171 211 
366 331 299 
48 187 34 
465 294 396 
175 494 430 
408 224 238 
433 173 223 
397 77 58 
485 187 295 
118 391 297 
223 234 345 
72 139 352 
383 56 85 
12 49 410 
189 47 267 
319 328 488 
198 377 235 
419 139 277 
75 122 181 
455 46 226 
221 453 312 
58 75 43 
17 494 147 
244 494 299 
455 470 290 
309 284 376 
406 95 472 
365 93 376 
264 269 412 
249 298 496 
74 86 454 
219 416 458 
1 188 64 
306 491 50 
35 408 396 
169 449 297 
290 236 261 
405 393 372 
286 192 399 
362 342 228 
291 2 94 
210 341 115 
23 430 101 
114 8 156 
194 239 52 
407 310 55 
391 267 496 
92 465 270 
173 315 99 
127 363 76 
319 163 288 
413 418 327 
251 416 93 
404 286 31 
126 234 357 
206 281 219 
167 492 491 
124 399 411 
342 313 272 
419 299 254 
290 5 273 
418 337 489 
75 348 428 
391 98 414 
85 30 385 
298 20 431 
114 265 81 
396 442 322 
314 154 220 
216 210 490 
318 360 257 
456 493 353 
310 330 204 
258 436 227 
470 66 68 
255 497 79 
282 452 254 
65 190 383 
215 495 139 
333 150 121 
448 234 161 
157 419 263 
227 455 208 
368 54 371 
162 441 76 
174 21 370 
167 173 44 
118 15 335 
373 117 390 
451 304 499 
70 437 305 
477 123 361 
134 130 323 
5 81 251 
384 349 414 
272 50 30 
390 151 154 
137 169 248 
263 287 62 
18 192 152 
13 172 426 
443 4 289 
332 21 111 
454 449 319 
63 51 63 
44 226 265 
234 36 93 
138 479 374 
346 55 215 
272 105 206 
92 132 175 
29 376 313 
91 212 45 
160 302 87 
145 341 197 
456 50 430 
192 39 134 
338 341 299 
497 232 75 
354 416 187 
419 230 455 
178 262 10 
226 289 321 
132 430 430 
410 400 158 
223 43 159 
1 249 485 
43 148 65 
378 14 153 
224 164 15 
412 312 251 
216 472 251 
310 318 281 
260 3 163 
289 24 176 
422 410 288 
121 206 297 
468 176 144 
345 397 389 
219 178 472 
96 398 140 
171 212 141 
27 469 458 
266 434 102 
31 323 277 
389 87 364 
444 429 183 
106 485 195 
14 55 169 
286 256 166 
40 82 332 
12 484 419 
444 261 241 
498 75 29 
415 62 135 
371 7 317 
124 499 155 
202 30 339 
465 491 287 
300 148 367 
17 48 452 
66 239 264 
488 253 194 
237 73 185 
364 192 185 
178 165 134 
405 428 27 
170 64 298 
96 86 422 
291 398 106 
370 113 87 
31 237 266 
106 207 171 
401 11 491 
180 451 466 
386 91 60 
303 102 99 
175 19 114 
47 71 383 
453 348 11 
88 397 71 
196 442 364 
332 436 81 
281 275 431 
73 284 329 
487 245 444 
55 273 48 
458 43 297 
410 378 429 
319 414 218 
334 207 141 
210 491 312 
390 243 424 
287 247 141 
15 291 433 
261 236 149 
309 181 284 
396 477 422 
460 243 257 
71 180 151 
333 119 84 
156 424 153 
285 89 423 
193 205 272 
74 136 266 
16 228 412 
406 365 161 
398 457 455 
100 385 235 
243 159 20 
221 439 89 
465 102 193 
434 197 411 
250 162 152 
468 133 255 
365 1 227 
465 371 483 
88 162 158 
352 348 415 
465 346 59 
450 338 439 
106 28 145 
101 474 79 
310 359 160 
249 301 368 
20 117 444 
433 476 432 
412 253 353 
395 286 411 
36 220 237 
245 470 119 
396 52 366 
364 353 381 
108 190 70 
275 327 322 
73 182 389 
426 355 424 
107 273 233 
186 440 49 
198 336 487 
73 37 58 
233 157 391 
35 117 343 
63 41 390 
236 166 309 
379 280 138 
321 354 246 
83 19 96 
93 196 394 
86 168 41 
5 488 213 
261 316 154 
9 487 7 
76 159 466 
201 60 392 
137 26 463 
95 218 101 
41 319 410 
54 106 170 
115 444 257 
395 227 363 
185 68 413 
480 355 403 
435 78 138 
103 65 109 
478 204 448 
26 305 255 
343 419 489 
327 488 273 
194 410 221 
396 76 55 
13 46 460 
438 153 400 
371 186 479 
230 289 200 
282 258 469 
101 346 173 
147 449 387 
474 427 435 
209 380 300 
195 41 279 
424 372 287 
118 398 108 
57 32 387 
343 236 44 
187 156 167 
92 360 14 
108 359 93 
255 212 403 
381 118 15 
335 111 331 
117 252 303 
117 440 255 
70 25 469 
427 346 422 
6 293 301 
332 58 110 
471 129 33 
444 393 95 
220 309 157 
61 209 253 
401 150 268 
247 35 364 
4 424 254 
76 453 385 
8 142 116 
331 479 305 
322 176 39 
63 139 159 
469 0 441 
317 75 496 
101 496 196 
386 293 261 
71 494 77 
127 140 379 
413 19 237 
340 439 199 
341 94 431 
222 271 368 
342 170 379 
50 157 241 
445 218 439 
302 313 20 
42 158 64 
138 392 131 
13 49 293 
296 270 428 
50 333 186 
155 256 490 
415 91 279 
448 200 373 
359 64 461 
84 56 413 
224 165 242 
88 220 358 
303 359 69 
43 94 88 
122 373 154 
336 315 276 
323 89 199 
289 446 472 
19 309 14 
407 410 385 
284 403 44 
488 165 314 
434 190 498 
276 164 295 
338 440 329 
140 298 438 
252 181 411 
493 468 293 
158 375 99 
491 48 412 
8 59 166 
41 155 184 
55 81 46 
332 176 35 
37 263 78 
63 68 408 
207 250 197 
391 80 121 
61 356 139 
317 19 289 
232 431 264 
272 330 63 
235 63 72 
243 193 186 
118 6 77 
113 426 126 
422 403 368 
23 473 49 
194 98 334 
126 378 215 
172 69 498 
355 49 400 
433 117 377 
45 20 336 
6 472 356 
78 60 23 
363 232 419 
295 366 27 
205 154 197 
327 164 238 
331 235 294 
122 162 472 
407 364 447 
275 188 440 
126 322 173 
67 384 299 
374 272 163 
102 67 12 
376 268 490 
448 57 440 
258 446 189 
406 244 0 
159 251 127 
76 411 177 
194 354 460 
395 402 215 
37 413 366 
204 67 274 
159 495 167 
283 349 14 
74 326 80 
451 17 287 
232 475 47 
3 83 80 
46 74 337 
193 213 439 
134 48 97 
116 142 264 
308 35 426 
372 243 33 
133 93 372 
65 250 284 
190 460 80 
304 69 421 
461 267 235 
360 486 471 
398 253 360 
125 56 387 
72 322 80 
135 316 419 
67 136 44 
183 423 111 
57 247 1 
372 89 469 
285 363 97 
378 483 310 
189 103 317 
181 192 227 
135 452 441 
268 229 110 
269 159 59 
145 208 434 
423 222 424 
73 121 94 
291 176 323 
444 29 373 
369 51 77 
405 267 112 
447 18 442 
314 84 181 
317 136 354 
9 376 303 
34 320 160 
386 159 377 
83 312 241 
320 227 418 
51 347 202 
488 468 237 
288 474 456 
405 24 160 
495 381 470 
126 70 432 
74 360 457 
35 366 290 
362 224 6 
48 25 265 
485 337 295 
265 409 358 
72 436 460 
361 267 385 
490 363 364 
64 394 272 
253 398 92 
407 224 446 
62 150 298 
66 159 480 
385 191 469 
341 483 290 
311 259 146 
4 343 347 
164 81 55 
476 112 254 
231 68 296 
328 383 11 
410 153 102 
483 482 254 
5 246 402 
451 184 379 
261 267 59 
484 45 483 
166 476 464 
251 251 285 
187 231 472 
48 170 209 
98 6 180 
357 351 12 
346 189 289 
327 223 347 
480 195 480 
80 198 489 
91 96 211 
402 298 296 
83 15 108 
204 464 232 
119 51 181 
346 486 340 
297 450 395 
75 199 347 
82 481 490 
263 436 436 
20 422 206 
499 435 56 
174 159 27 
30 80 436 
341 399 100 
295 22 257 
292 100 329 
299 104 71 
122 218 401 
144 414 442 
490 33 376 
126 239 272 
303 495 357 
250 386 182 
52 323 270 
265 387 220 
42 261 461 
52 233 422 
17 90 298 
120 61 243 
192 449 357 
160 118 111 
410 420 497 
201 374 410 
233 478 81 
277 242 499 
102 271 468 
35 94 124 
374 493 271 
100 228 80 
346 97 309 
438 61 324 
87 492 67 
389 390 338 
477 318 20 
80 66 206 
223 324 417 
208 434 55 
47 280 465 
316 220 424 
256 76 83 
171 499 228 
374 467 487 
400 497 29 
499 281 246 
279 217 207 
30 6 92 
465 254 319 
400 65 400 
428 160 271 
498 439 205 
286 342 402 
35 388 325 
394 13 220 
177 395 342 
194 498 201 
407 302 344 
446 449 437 
175 107 23 
489 89 372 
437 319 377 
377 172 372 
205 279 98 
370 413 4 
18 233 335 
439 497 278 
152 60 44 
386 445 208 
158 384 139 
392 86 219 
153 481 70 
160 95 469 
240 312 49 
33 206 452 
470 390 109 
85 155 329 
382 268 52 
355 172 368 
421 34 11 
187 307 480 
374 474 353 
250 117 21 
166 496 353 
156 269 8 
164 244 173 
320 159 433 
128 74 319 
144 282 31 
96 210 19 
75 316 337 
273 201 419 
320 85 251 
200 10 85 
229 37 90 
287 376 361 
174 493 45 
487 1 124 
164 354 167 
195 75 200 
281 420 31 
273 495 343 
267 224 491 
17 456 81 
59 205 190 
105 255 113 
233 7 0 
210 54 250 
161 285 121 
193 305 490 
8 391 485 
1 263 162 
272 181 296 
329 417 340 
149 47 117 
144 481 152 
455 492 359 
104 117 344 
443 467 377 
387 15 343 
172 488 50 
493 54 212 
385 115 385 
497 158 351 
12 427 30 
85 136 232 
86 224 498 
12 79 10 
70 224 415 
87 485 400 
452 267 294 
379 140 335 
32 361 491 
424 124 381 
78 286 465 
158 184 69 
419 97 470 
297 267 176 
360 447 469 
361 275 301 
112 146 251 
75 171 41 
471 469 327 
10 36 357 
440 400 371 
329 0 5 
54 122 190 
101 117 404 
464 154 401 
286 314 259 
287 194 456 
155 401 470 
146 105 391 
126 490 61 
371 66 334 
198 42 385 
221 232 79 
224 450 210 
375 148 184 
96 464 234 
356 235 230 
493 195 221 
196 220 399 
276 355 83 
271 119 151 
411 136 72 
298 33 492 
498 285 54 
86 103 499 
450 446 467 
37 201 147 
167 121 155 
450 416 38 
260 239 145 
104 295 300 
244 445 320 
438 277 129 
262 249 100 
400 146 14 
73 390 30 
452 351 242 
14 208 173 
424 144 490 
498 301 0 
313 236 386 
187 295 415 
462 474 235 
485 113 195 
88 390 386 
111 207 78 
195 175 172 
415 348 356 
66 485 38 
7 329 17 
239 259 66 
65 460 114 
390 418 423 
59 407 305 
90 473 44 
240 48 101 
208 268 439 
45 7 320 
440 173 105 
29 168 92 
120 370 231 
21 485 337 
3 205 306 
151 178 56 
435 356 342 
499 299 241 
379 344 170 
362 370 225 
385 206 209 
232 154 311 
78 5 395 
125 290 470 
462 266 123 
171 71 179 
197 409 418 
410 106 26 
163 43 274 
340 116 317 
0 235 298 
89 319 101 
84 211 467 
199 6 414 
450 318 466 
43 183 349 
297 466 31 
355 332 235 
245 365 310 
272 49 445 
58 332 436 
106 42 301 
370 248 320 
123 236 136 
437 104 416 
141 288 189 
112 6 52 
475 465 396 
14 60 441 
381 170 356 
28 339 417 
139 130 179 
261 261 434 
293 189 113 
72 404 91 
149 93 451 
213 142 442 
323 488 423 
33 346 12 
276 159 258 
316 469 227 
178 89 210 
364 89 123 
406 211 31 
240 328 484 
10 454 7 
424 16 244 
321 332 308 
417 43 464 
139 52 431 
271 11 440 
161 406 74 
352 114 476 
385 300 152 
294 76 252 
60 44 183 
56 394 325 
176 253 358 
291 68 86 
496 179 440 
28 201 456 
404 498 54 
218 19 280 
402 467 446 
355 311 198 
303 213 346 
132 302 227 
404 200 55 
21 378 470 
223 109 401 
169 410 40 
39 219 278 
342 230 334 
377 301 462 
268 217 106 
339 411 64 
232 25 391 
488 53 3 
329 269 251 
432 419 378 
496 312 346 
55 215 136 
119 225 184 
409 58 172 
2 123 440 
149 443 443 
449 320 432 
489 130 208 
71 112 25 
475 388 340 
91 381 32 
411 346 361 
201 172 417 
324 251 69 
122 297 183 
239 299 403 
463 468 392 
385 118 427 
396 267 262 
447 454 23 
351 222 321 
87 310 188 
465 239 451 
308 361 375 
257 428 262 
126 57 92 
208 370 466 
490 316 432 
420 421 91 
477 380 292 
50 142 276 
159 471 377 
360 351 480 
108 196 403 
255 156 316 
463 386 276 
103 394 156 
195 77 337 
58 13 237 
437 288 193 
42 262 268 
392 360 466 
214 6 191 
234 485 358 
181 313 282 
352 386 210 
319 195 462 
215 347 62 
46 376 428 
152 219 67 
178 275 51 
255 340 182 
282 119 309 
471 419 247 
214 228 361 
399 167 25 
149 445 227 
136 129 29 
372 146 365 
172 412 89 
130 49 95 
300 313 73 
230 466 123 
91 118 319 
396 11 186 
17 416 475 
273 211 162 
27 148 257 
448 279 456 
223 100 409 
405 148 294 
429 208 456 
155 129 323 
101 190 16 
242 399 214 
270 485 423 
343 499 413 
142 5 453 
321 75 408 
138 427 442 
266 387 139 
314 296 110 
376 190 236 
62 425 492 
471 352 168 
18 424 480 
55 309 189 
491 131 200 
98 163 234 
467 324 313 
352 307 99 
286 263 225 
460 345 400 
98 146 398 
450 425 331 
195 230 393 
488 296 288 
143 335 21 
490 460 61 
281 424 239 
476 392 220 
417 498 93 
491 438 41 
160 424 193 
63 211 409 
318 182 236 
321 211 160 
364 281 461 
212 371 99 
396 498 147 
149 261 449 
423 319 125 
141 209 9 
494 311 421 
359 339 241 
390 234 441 
194 198 40 
169 182 374 
157 218 12 
488 286 332 
417 372 195 
487 255 199 
12 354 338 
418 311 395 
78 52 150 
399 402 498 
265 448 397 
4 376 31 
16 222 304 
60 4 5 
455 417 482 
357 64 307 
421 458 124 
464 326 220 
279 179 263 
151 205 54 
163 141 322 
157 311 243 
17 272 3 
418 285 214 
259 20 353 
122 344 274 
62 135 67 
319 310 61 
413 198 304 
408 226 52 
372 291 428 
169 426 454 
411 221 267 
228 339 104 
483 472 250 
183 316 36 
365 195 100 
33 73 339 
96 118 275 
489 295 168 
262 490 174 
103 397 59 
64 77 485 
81 333 88 
376 41 279 
38 24 298 
462 271 411 
115 38 256 
368 96 488 
318 152 81 
474 93 479 
142 19 209 
438 407 107 
4 114 295 
107 92 122 
237 30 52 
81 375 21 
14 27 455 
13 291 288 
