1000
3
182 293 94 
77 333 90 
444 56 152 
348 97 91 
273 251 237 
67 32 8 
192 18 462 
11 464 128 
30 351 466 
405 219 167 
280 467 463 
354 278 491 
211 393 14 
126 206 177 
131 338 356 
152 409 426 
413 384 200 
436 372 175 
157 167 167 
55 114 192 
296 238 150 
278 313 210 
14 177 312 
394 305 469 
271 249 325 
357 60 457 
427 467 149 
449 196 368 
74 195 339 
143 100 452 
456 366 395 
26 274 9 
359 285 329 
183 125 143 
273 221 273 
345 104 106 
415 442 32 
233 435 374 
458 241 106 
129 356 379 
444 144 120 
350 464 25 
106 36 451 
34 486 173 
241 131 64 
421 129 173 
167 12 300 
56 356 397 
17 241 65 
157 276 285 
424 449 65 
141 334 118 
336 326 274 
106 208 79 
271 116 29 
411 392 118 
303 460 45 
282 132 61 
463 239 242 
396 389 166 
35 45 65 
401 1 212 
59 289 287 
90 44 448 
325 374 255 
34 188 301 
37 171 31 
284 36 254 
205 48 256 
226 229 8 
218 10 223 
439 297 288 
474 21 201 
51 23 472 
242 241 460 
267 115 352 
406 443 173 
301 497 87 
480 119 75 
194 172 482 
252 209 120 
468 453 442 
140 318 454 
463 186 412 
262 264 348 
166 51 336 
357 154 160 
160 426 3 
468 142 155 
173 397 313 
182 392 317 
190 296 131 
308 103 431 
266 370 468 
13 67 140 
474 48 74 
299 343 211 
128 38 133 
244 470 498 
181 26 20 
399 148 287 
72 485 188 
428 33 480 
84 330 416 
154 266 374 
26 304 118 
88 386 45 
298 87 131 
226 197 164 
449 117 339 
214 36 170 
243 263 313 
276 307 118 
193 130 87 
385 205 34 
58 445 332 
250 9 160 
257 299 18 
283 433 174 
60 246 185 
247 365 202 
141 433 238 
454 23 14 
195 349 135 
442 131 67 
449 282 331 
254 377 135 
255 478 28 
14 210 50 
91 414 186 
174 333 210 
139 274 423 
416 398 283 
84 467 468 
21 451 474 
273 197 219 
390 167 318 
313 34 458 
184 126 226 
489 292 146 
445 188 247 
310 111 49 
390 478 488 
402 123 125 
255 353 182 
1 288 388 
227 8 258 
124 388 108 
68 464 350 
476 434 174 
6 236 247 
457 498 376 
59 87 198 
102 160 259 
365 96 426 
11 401 457 
456 220 340 
391 161 279 
192 294 492 
376 161 194 
228 426 118 
423 205 141 
127 482 452 
264 170 143 
325 311 294 
121 95 426 
224 131 29 
73 393 221 
121 124 321 
471 486 46 
293 435 127 
293 38 289 
138 396 357 
468 287 469 
79 169 358 
352 142 179 
236 46 21 
499 27 248 
113 77 68 
298 410 392 
263 415 406 
403 410 419 
305 272 471 
75 205 23 
392 106 412 
72 288 49 
76 491 456 
275 95 397 
455 64 329 
100 155 95 
324 207 38 
445 55 491 
111 459 135 
270 191 301 
74 343 346 
343 53 360 
110 443 93 
129 258 100 
382 341 448 
465 453 413 
103 441 372 
93 248 471 
13 171 340 
286 180 21 
150 371 301 
91 243 364 
274 33 240 
109 361 459 
499 18 350 
387 303 23 
33 153 150 
489 343 334 
296 242 396 
298 486 180 
328 271 213 
411 102 376 
314 136 435 
424 283 279 
355 80 379 
1 444 283 
23 283 152 
179 49 370 
256 450 46 
428 15 149 
153 197 367 
402 335 439 
245 469 158 
260 32 103 
26 445 4 
246 18 409 
190 217 360 
468 83 372 
48 278 395 
358 31 168 
75 311 337 
208 246 201 
48 434 125 
486 80 144 
326 87 49 
104 328 69 
476 297 282 
133 431 66 
101 392 231 
63 404 444 
219 426 239 
385 238 251 
380 399 469 
333 495 277 
137 76 499 
405 81 243 
122 158 413 
114 226 367 
247 334 203 
410 181 182 
51 177 440 
366 472 202 
232 320 429 
290 118 406 
258 7 87 
495 13 219 
186 26 159 
413 81 404 
192 388 196 
415 281 46 
116 231 280 
406 436 393 
118 283 423 
32 157 65 
114 79 439 
407 447 66 
23 410 274 
349 355 317 
456 27 388 
114 495 105 
199 241 247 
493 264 469 
447 290 457 
311 135 378 
408 52 73 
132 422 167 
169 137 253 
119 284 113 
29 110 18 
111 300 378 
456 100 180 
423 333 490 
38 392 124 
174 372 123 
259 460 482 
338 139 23 
342 147 401 
92 288 244 
137 161 374 
161 150 315 
249 280 210 
113 392 223 
156 108 9 
477 455 431 
179 438 249 
144 200 73 
13 126 272 
428 79 274 
202 299 171 
85 458 198 
450 252 300 
129 285 63 
457 266 98 
16 383 245 
341 87 308 
345 259 19 
200 336 467 
168 0 385 
359 177 433 
122 382 438 
288 464 356 
202 60 459 
377 490 481 
227 4 286 
456 69 181 
394 9 176 
402 457 152 
447 60 382 
397 447 212 
327 19 7 
4 179 469 
364 285 429 
5 476 144 
135 337 207 
258 353 30 
296 431 346 
367 98 447 
286 307 494 
232 362 181 
226 32 461 
438 424 308 
12 269 401 
289 12 63 
30 335 441 
352 373 432 
6 318 389 
116 449 169 
171 160 17 
317 333 3 
338 73 441 
137 487 421 
71 363 217 
167 88 160 
264 334 99 
288 100 151 
270 250 430 
89 334 195 
326 300 400 
214 127 491 
32 106 410 
252 256 201 
176 456 458 
439 223 372 
0 118 253 
86 149 422 
424 410 137 
472 350 410 
257 149 285 
384 137 85 
152 123 119 
57 268 136 
464 110 57 
164 415 464 
153 223 26 
55 299 56 
374 38 446 
204 471 410 
337 493 192 
65 307 96 
165 456 168 
47 330 31 
318 333 285 
305 34 75 
61 164 155 
102 481 83 
42 135 56 
419 141 274 
463 139 289 
22 238 352 
295 137 176 
473 366 422 
309 216 367 
61 310 222 
95 123 116 
134 110 334 
30 158 369 
46 25 49 
9 140 202 
309 136 9 
103 341 329 
19 332 347 
495 243 160 
265 404 418 
452 133 120 
383 331 47 
101 202 177 
415 325 411 
388 117 151 
225 343 494 
280 95 10 
164 478 105 
138 53 283 
337 7 93 
371 456 258 
446 256 343 
36 293 452 
88 209 212 
378 354 188 
278 86 482 
451 392 49 
98 393 190 
200 376 213 
201 6 265 
239 148 158 
436 121 477 
304 499 466 
384 323 45 
454 339 464 
293 251 489 
182 78 402 
317 285 424 
375 266 73 
240 6 429 
76 284 278 
307 232 226 
444 458 20 
51 377 367 
95 484 9 
94 94 189 
112 169 11 
383 307 134 
446 196 264 
173 85 272 
360 223 104 
103 281 421 
270 354 20 
164 20 464 
353 394 235 
395 406 19 
38 359 10 
435 370 159 
355 195 397 
6 132 290 
86 61 224 
161 323 144 
8 291 243 
387 48 97 
67 328 374 
178 11 479 
216 447 210 
354 135 181 
190 374 465 
208 414 394 
31 213 130 
255 177 344 
201 65 232 
308 223 22 
273 223 443 
297 192 306 
244 27 447 
474 103 302 
298 422 447 
146 417 117 
277 180 77 
459 332 233 
173 88 174 
161 447 301 
90 351 22 
276 418 150 
171 186 308 
441 357 28 
404 367 307 
176 461 404 
296 58 213 
105 206 187 
121 40 316 
201 390 253 
494 365 197 
133 344 498 
292 211 471 
167 458 114 
183 113 119 
281 418 59 
453 19 442 
234 151 336 
298 477 399 
124 259 30 
380 87 482 
396 11 361 
11 262 243 
177 104 320 
207 257 23 
312 26 216 
447 447 194 
61 238 351 
471 156 121 
126 356 188 
169 445 433 
36 189 147 
84 306 210 
136 341 346 
94 310 449 
19 385 211 
234 305 34 
113 101 139 
297 188 137 
227 199 346 
372 57 423 
85 77 53 
261 241 372 
270 309 60 
276 472 489 
72 407 468 
344 369 387 
203 439 196 
328 81 330 
324 165 449 
444 484 257 
355 329 489 
207 417 356 
270 268 422 
69 474 390 
157 89 431 
189 155 421 
177 92 170 
342 205 309 
218 326 192 
154 120 416 
276 353 197 
406 203 293 
300 296 91 
447 37 54 
18 239 375 
230 118 423 
105 148 49 
470 270 415 
387 199 395 
336 205 397 
353 459 159 
123 32 311 
105 461 270 
275 52 114 
421 399 15 
449 477 320 
285 138 214 
319 263 181 
347 490 151 
451 259 257 
485 422 21 
426 332 220 
67 19 16 
368 111 203 
475 467 275 
300 291 194 
435 192 329 
485 445 497 
424 497 433 
223 484 351 
19 497 289 
445 307 223 
439 26 235 
190 84 190 
28 367 263 
272 70 135 
472 191 22 
408 241 448 
383 20 188 
22 65 334 
34 449 263 
487 29 461 
203 227 261 
79 132 350 
186 118 275 
334 265 332 
240 445 16 
292 160 425 
125 452 172 
328 451 455 
121 343 394 
37 75 83 
281 212 293 
166 205 171 
366 300 163 
462 362 74 
223 144 90 
141 125 161 
331 171 298 
192 163 58 
289 246 167 
107 227 461 
102 366 100 
208 205 277 
424 384 268 
155 194 44 
344 46 69 
230 235 332 
96 37 182 
367 108 332 
157 126 490 
45 482 420 
474 55 144 
180 8 153 
387 170 285 
184 71 40 
414 25 77 
33 493 212 
189 89 298 
193 305 375 
170 425 258 
199 262 348 
314 275 82 
446 435 256 
412 429 440 
51 244 474 
278 182 487 
316 417 97 
238 22 189 
89 17 69 
72 93 84 
173 449 9 
144 237 456 
204 407 79 
29 246 123 
354 87 250 
94 43 430 
399 140 11 
376 97 493 
330 418 287 
78 305 263 
347 270 90 
307 238 338 
2 370 72 
422 469 59 
283 18 278 
315 448 110 
69 43 443 
383 256 227 
449 176 90 
29 117 192 
9 34 431 
229 404 376 
403 50 284 
202 25 70 
464 76 243 
346 183 26 
250 465 482 
349 439 242 
404 25 65 
111 377 386 
31 229 196 
158 47 273 
77 419 366 
2 279 278 
324 172 0 
165 333 325 
233 312 238 
2 321 155 
66 279 347 
301 97 228 
52 232 450 
200 451 454 
357 384 307 
5 299 392 
11 348 238 
143 453 406 
406 248 134 
115 2 110 
155 209 497 
436 328 345 
89 350 221 
176 369 384 
294 106 307 
385 277 410 
449 341 288 
275 477 263 
340 494 73 
259 368 188 
377 124 95 
93 336 202 
93 465 173 
162 374 282 
369 323 397 
354 375 297 
132 185 489 
421 201 244 
279 1 112 
66 251 210 
312 448 306 
272 69 93 
494 201 100 
207 25 170 
203 497 74 
371 195 182 
279 262 318 
271 6 440 
423 237 226 
88 302 30 
267 361 374 
478 183 95 
193 334 423 
77 302 232 
69 326 114 
282 235 345 
421 474 181 
40 185 67 
265 390 102 
176 348 301 
260 45 82 
288 358 118 
451 164 12 
311 100 122 
171 289 421 
257 121 425 
433 46 291 
223 56 22 
413 235 222 
55 33 475 
123 195 248 
476 35 374 
151 220 281 
315 409 257 
253 11 470 
489 213 419 
63 149 179 
220 169 352 
424 428 436 
472 363 98 
250 60 117 
398 322 83 
355 345 490 
432 71 201 
316 448 285 
250 264 96 
285 272 137 
171 285 388 
71 92 32 
326 60 65 
47 385 235 
2 149 99 
456 425 434 
11 455 483 
8 334 277 
227 205 90 
297 150 313 
362 161 47 
413 90 460 
125 450 409 
264 52 100 
354 445 21 
258 202 288 
119 419 42 
374 67 256 
208 13 459 
452 234 405 
307 101 270 
193 208 252 
157 125 67 
409 317 257 
390 238 167 
11 150 470 
361 477 213 
186 332 422 
422 118 478 
99 416 211 
371 228 423 
162 242 412 
199 41 283 
402 240 281 
13 497 162 
490 198 399 
163 420 118 
96 486 108 
438 429 407 
116 181 71 
1 49 358 
265 355 126 
65 95 452 
445 111 275 
73 378 393 
486 430 136 
120 151 270 
100 425 379 
3 53 220 
429 422 77 
103 278 467 
23 269 309 
38 406 472 
177 58 395 
12 175 131 
236 262 283 
55 451 426 
36 177 21 
437 116 68 
52 214 167 
19 421 463 
227 58 404 
233 220 100 
170 414 494 
174 317 92 
308 141 243 
243 161 152 
172 126 22 
418 33 314 
286 80 330 
32 346 330 
88 254 406 
53 393 74 
206 289 67 
96 262 88 
227 485 24 
47 435 244 
359 39 206 
453 317 33 
315 301 98 
20 498 154 
440 468 250 
391 488 481 
194 312 374 
45 335 324 
142 307 342 
72 372 333 
192 62 121 
361 325 142 
332 232 471 
1 331 51 
280 119 431 
184 299 31 
187 341 18 
251 474 184 
244 29 337 
108 313 337 
103 207 194 
0 187 381 
51 459 212 
460 5 358 
93 367 442 
21 488 169 
191 89 197 
295 305 274 
496 23 4 
148 167 270 
249 309 39 
205 37 315 
454 196 457 
303 81 194 
393 333 128 
261 333 135 
495 413 474 
73 494 249 
484 195 249 
316 12 136 
400 402 322 
365 354 116 
257 378 201 
442 290 465 
207 172 279 
210 165 488 
224 36 271 
232 24 436 
68 375 335 
252 308 289 
13 422 389 
416 83 260 
225 67 162 
18 432 342 
291 63 497 
132 491 263 
259 78 224 
433 174 228 
466 309 353 
322 245 203 
107 385 345 
52 169 388 
93 281 431 
174 164 134 
431 69 83 
467 97 469 
105 287 142 
280 92 222 
46 170 150 
245 160 262 
70 430 104 
440 266 337 
421 69 143 
332 282 129 
235 378 191 
443 220 471 
461 256 385 
359 158 277 
314 260 128 
275 357 263 
201 115 239 
442 428 394 
91 30 427 
192 237 472 
292 424 308 
315 351 240 
94 189 406 
427 439 329 
260 487 270 
153 408 242 
483 404 293 
72 16 168 
415 424 375 
498 65 52 
484 207 38 
15 185 52 
252 191 462 
198 467 27 
175 356 331 
247 17 270 
281 179 317 
218 83 2 
44 414 264 
352 12 234 
30 406 132 
435 4 251 
123 93 52 
36 219 226 
30 237 142 
33 479 276 
290 26 452 
426 173 24 
55 40 404 
165 393 336 
361 273 187 
202 128 62 
66 54 142 
163 225 473 
46 317 377 
436 18 347 
9 364 298 
187 141 323 
212 463 374 
471 467 393 
344 87 445 
223 26 492 
249 210 359 
282 231 362 
150 264 115 
87 13 220 
472 55 452 
44 237 36 
144 230 115 
1 335 443 
190 353 362 
109 2 225 
433 163 86 
336 396 314 
428 181 344 
229 145 119 
202 489 428 
156 40 407 
110 412 477 
84 288 334 
66 324 20 
399 114 474 
367 110 4 
240 28 376 
453 226 487 
204 234 453 
192 307 367 
191 367 278 
273 370 366 
29 299 408 
436 157 299 
133 38 442 
374 223 328 
143 133 390 
451 214 114 
458 78 315 
364 424 174 
69 178 399 
163 350 336 
113 468 297 
403 417 308 
262 463 283 
99 41 460 
486 21 219 
218 318 69 
482 31 247 
262 407 258 
98 324 167 
285 335 461 
51 368 147 
412 86 333 
25 450 414 
161 373 344 
185 381 385 
85 386 398 
456 337 164 
247 164 264 
372 156 78 
156 95 137 
365 198 294 
121 174 328 
