1000
3
374 484 7 
393 434 157 
290 194 54 
376 96 418 
204 151 358 
349 134 79 
491 65 407 
17 414 357 
362 454 101 
49 168 102 
250 491 17 
168 330 308 
218 491 164 
393 423 110 
76 178 497 
132 238 492 
483 118 59 
27 71 35 
139 315 75 
215 116 12 
124 9 158 
202 32 86 
120 411 136 
234 172 27 
130 150 19 
426 465 145 
8 36 9 
437 423 99 
235 77 394 
219 487 108 
36 274 126 
265 406 252 
263 178 92 
100 20 153 
236 481 213 
345 237 54 
345 174 399 
217 110 367 
343 64 128 
348 108 468 
474 266 477 
65 394 39 
430 76 398 
208 365 273 
231 257 421 
171 397 47 
231 378 377 
325 392 406 
404 234 396 
97 14 339 
264 107 16 
45 304 123 
94 481 57 
339 236 360 
377 361 16 
352 346 0 
5 464 339 
314 432 324 
227 339 232 
436 208 208 
324 86 28 
35 164 77 
364 427 16 
85 80 208 
119 45 255 
127 12 48 
116 61 467 
15 343 6 
322 390 75 
45 406 162 
17 436 30 
382 437 153 
364 329 177 
192 164 99 
67 428 77 
289 76 341 
266 76 211 
141 82 350 
426 66 208 
387 273 480 
394 307 254 
268 137 98 
390 484 39 
350 251 240 
293 177 53 
86 260 306 
490 166 14 
37 38 216 
173 215 272 
6 353 492 
345 159 152 
448 271 58 
392 226 429 
49 200 352 
258 114 223 
393 215 67 
170 232 363 
78 129 133 
246 216 414 
138 434 374 
405 404 214 
315 16 190 
208 393 471 
142 175 364 
65 259 466 
429 367 182 
365 107 476 
289 389 241 
206 275 455 
302 475 261 
442 195 489 
319 469 379 
2 119 421 
433 291 31 
175 76 372 
222 404 327 
312 92 94 
329 99 279 
394 370 85 
367 136 377 
1 30 377 
259 468 430 
54 252 313 
323 427 54 
383 124 171 
193 198 250 
18 39 306 
84 427 477 
49 99 421 
243 123 222 
322 431 225 
87 328 371 
319 312 420 
397 499 276 
440 48 456 
453 392 393 
487 324 126 
81 94 17 
324 57 459 
173 431 7 
116 103 313 
376 177 86 
270 183 81 
285 312 167 
482 276 342 
75 369 31 
389 65 95 
249 299 188 
411 487 396 
182 473 85 
290 138 494 
294 248 101 
158 191 135 
152 11 273 
398 10 280 
300 236 135 
182 281 12 
3 258 380 
189 490 334 
427 420 306 
398 98 55 
272 380 499 
348 257 60 
156 39 28 
368 45 497 
53 147 484 
230 440 176 
195 450 63 
144 491 200 
330 378 67 
467 209 188 
245 455 221 
291 119 460 
441 426 179 
459 213 348 
80 286 72 
4 491 164 
398 111 149 
254 372 165 
44 393 456 
100 190 131 
158 494 246 
69 141 125 
209 166 53 
334 209 65 
49 4 374 
24 132 311 
19 151 497 
121 148 229 
223 149 105 
234 232 467 
437 105 486 
383 145 397 
236 382 409 
152 156 359 
150 399 390 
67 391 444 
16 292 146 
377 413 284 
467 203 451 
327 134 381 
250 359 453 
36 128 373 
334 439 319 
360 260 350 
94 344 234 
220 82 389 
284 162 130 
131 9 20 
202 464 22 
67 241 37 
9 121 466 
397 87 162 
341 194 32 
199 404 314 
41 325 496 
483 96 83 
247 159 204 
250 335 220 
80 307 476 
308 101 498 
232 233 440 
270 52 8 
231 60 120 
267 176 314 
312 213 240 
385 34 82 
497 191 67 
29 143 331 
413 303 118 
338 423 104 
321 92 405 
72 432 196 
252 248 319 
317 58 296 
334 46 303 
475 453 354 
239 498 321 
421 112 497 
126 154 216 
247 121 41 
32 469 277 
236 452 194 
393 111 418 
346 357 135 
347 497 198 
353 477 40 
5 195 36 
255 460 290 
40 286 464 
110 383 250 
255 141 381 
42 89 196 
127 388 283 
416 86 218 
64 247 366 
318 455 130 
339 371 407 
409 424 477 
70 391 265 
349 309 196 
407 426 421 
132 491 480 
86 485 205 
48 453 458 
49 374 48 
0 419 15 
127 361 291 
460 39 391 
359 212 470 
47 222 236 
234 272 199 
132 374 384 
422 138 323 
294 200 370 
488 32 205 
101 342 424 
463 312 244 
470 446 196 
58 46 119 
216 213 66 
334 31 105 
58 28 61 
12 56 191 
16 60 65 
236 432 236 
352 263 56 
425 284 130 
9 474 146 
309 86 283 
10 286 481 
499 448 387 
44 232 21 
141 175 309 
388 380 43 
202 218 298 
465 489 386 
275 373 149 
255 483 341 
463 147 122 
346 278 55 
20 111 56 
41 384 302 
359 22 55 
35 442 28 
35 246 211 
330 378 317 
391 256 58 
124 354 478 
478 418 57 
123 3 141 
223 176 282 
313 459 153 
485 250 280 
384 401 89 
395 340 430 
250 85 301 
231 143 309 
403 58 203 
497 469 304 
426 290 353 
418 58 315 
418 95 277 
345 21 22 
138 201 168 
364 148 63 
400 479 286 
484 335 310 
305 196 324 
404 73 449 
307 481 10 
4 57 64 
254 493 48 
84 457 374 
267 275 62 
433 186 435 
170 327 65 
420 438 458 
55 394 381 
76 310 105 
3 126 225 
228 363 199 
187 442 148 
345 191 268 
454 310 129 
403 360 113 
309 427 30 
140 450 443 
199 5 286 
380 392 209 
9 223 255 
381 7 206 
187 153 135 
11 105 339 
183 152 117 
57 22 324 
115 463 170 
24 215 319 
351 498 52 
212 468 251 
194 10 5 
300 357 73 
29 466 435 
48 294 270 
383 492 383 
72 156 290 
466 389 320 
41 153 497 
479 15 448 
175 38 216 
180 280 79 
148 106 266 
328 406 130 
73 415 73 
331 253 97 
399 248 75 
104 362 318 
122 257 119 
37 186 180 
75 245 80 
472 63 211 
374 347 416 
300 291 64 
444 458 46 
206 136 481 
234 84 465 
414 469 189 
245 244 203 
58 343 119 
69 316 434 
182 191 110 
407 232 302 
322 403 180 
413 129 448 
203 10 266 
157 410 231 
183 288 153 
348 383 395 
250 100 114 
483 447 87 
421 417 4 
395 413 400 
465 247 64 
160 68 38 
189 73 55 
424 374 499 
217 251 227 
46 320 481 
37 63 222 
266 17 22 
124 38 104 
144 38 204 
400 268 244 
430 61 353 
490 380 161 
207 98 21 
233 51 419 
422 394 50 
287 46 229 
327 362 219 
451 264 231 
218 29 54 
119 365 424 
189 245 371 
208 379 209 
441 315 115 
282 417 65 
113 2 135 
71 261 424 
71 301 153 
169 140 174 
198 72 102 
212 245 301 
348 308 246 
149 124 291 
198 93 136 
378 215 73 
279 180 25 
160 180 363 
426 389 43 
359 389 92 
17 331 71 
370 15 305 
271 240 204 
16 392 108 
240 228 282 
123 248 235 
173 439 283 
71 306 371 
460 89 189 
238 411 309 
461 417 134 
428 23 314 
420 415 153 
422 29 245 
473 414 497 
85 51 241 
487 49 269 
217 162 483 
334 297 75 
418 382 401 
446 265 111 
66 24 332 
135 380 90 
212 162 168 
247 282 43 
6 240 400 
288 445 212 
324 282 395 
188 234 83 
241 285 65 
398 200 37 
233 153 497 
313 112 270 
319 156 394 
440 379 378 
348 102 405 
400 318 438 
454 27 77 
159 157 64 
269 354 332 
370 18 39 
455 491 166 
132 408 426 
435 4 168 
151 471 117 
462 334 146 
196 406 389 
299 45 400 
80 204 143 
470 50 384 
414 144 98 
198 196 483 
85 264 99 
282 88 94 
125 10 262 
141 362 229 
15 453 199 
110 148 423 
480 355 338 
423 227 435 
124 122 329 
410 69 48 
194 320 363 
319 173 11 
417 423 294 
339 374 245 
115 104 469 
63 178 325 
209 130 97 
63 111 344 
289 48 91 
17 241 395 
371 29 35 
86 328 19 
177 36 498 
221 254 297 
491 448 172 
391 240 131 
465 338 471 
348 218 252 
62 215 28 
296 97 92 
271 186 372 
464 158 148 
148 347 24 
423 428 89 
261 224 92 
208 88 334 
264 246 5 
474 87 260 
336 39 155 
499 0 340 
358 450 235 
63 268 69 
179 203 436 
185 250 26 
129 250 119 
493 57 286 
488 370 469 
287 305 461 
408 20 147 
115 390 288 
302 227 362 
145 292 394 
359 57 107 
155 300 319 
231 148 355 
461 321 328 
283 457 44 
242 91 335 
113 378 487 
282 382 492 
339 335 489 
118 335 371 
476 291 285 
347 45 431 
231 343 66 
161 64 260 
166 85 274 
7 416 422 
194 72 458 
291 47 448 
335 270 250 
67 465 325 
272 425 477 
443 158 188 
209 136 449 
311 164 393 
322 478 150 
15 405 447 
399 210 294 
297 2 233 
473 372 416 
201 119 189 
439 100 499 
79 188 112 
431 475 339 
433 231 48 
437 276 127 
260 170 63 
241 421 147 
98 152 159 
359 443 137 
395 485 149 
70 244 457 
422 380 89 
481 20 10 
316 128 176 
305 307 141 
103 321 305 
29 332 93 
188 482 298 
258 129 89 
347 2 117 
436 327 148 
228 161 56 
360 399 147 
186 132 256 
227 262 230 
422 199 484 
367 426 151 
363 154 201 
457 183 49 
276 190 241 
292 158 268 
333 343 166 
411 457 470 
145 135 394 
109 114 292 
338 87 30 
97 345 60 
274 265 432 
19 149 187 
163 201 431 
228 83 268 
462 456 177 
348 325 425 
78 291 3 
185 84 150 
79 144 90 
55 314 69 
249 414 381 
85 327 173 
442 430 412 
467 6 58 
407 250 29 
313 394 63 
454 117 339 
155 465 21 
13 441 470 
165 199 247 
280 400 444 
372 20 269 
367 123 81 
104 205 481 
22 337 273 
473 155 251 
0 497 452 
174 256 485 
294 479 171 
12 108 229 
168 134 111 
185 2 350 
466 105 124 
146 350 334 
402 261 2 
280 487 489 
431 369 432 
28 415 77 
252 85 188 
302 312 261 
127 340 362 
285 182 442 
155 144 308 
47 480 237 
1 400 219 
41 103 295 
487 47 219 
116 336 289 
320 180 167 
417 261 375 
43 249 90 
229 237 28 
275 181 248 
33 137 477 
229 61 10 
57 173 379 
108 182 313 
255 117 217 
94 429 22 
233 375 318 
262 66 400 
233 162 391 
465 238 196 
275 180 495 
433 2 324 
105 81 215 
166 353 45 
94 410 336 
375 205 428 
394 102 200 
442 222 35 
155 491 343 
338 97 493 
111 439 456 
354 349 205 
483 368 446 
313 124 104 
293 191 413 
222 319 479 
255 120 437 
115 255 369 
53 433 281 
448 405 95 
184 478 428 
450 288 196 
183 188 454 
42 72 64 
281 350 193 
469 306 353 
463 390 50 
345 379 153 
484 111 338 
162 182 324 
210 43 318 
283 136 402 
422 130 453 
27 125 282 
442 192 101 
100 399 352 
366 370 269 
364 189 60 
182 53 446 
177 230 491 
424 182 21 
97 106 425 
316 463 51 
166 359 69 
364 147 72 
427 138 10 
145 415 463 
450 372 417 
17 123 256 
354 22 455 
256 387 396 
41 152 342 
448 252 0 
361 103 141 
397 159 369 
334 171 227 
34 201 161 
374 364 333 
393 269 494 
23 395 133 
238 484 481 
404 349 55 
154 429 309 
363 187 212 
378 40 243 
27 374 79 
315 117 170 
383 166 94 
405 378 131 
428 475 117 
177 9 484 
181 433 461 
437 295 174 
11 144 155 
14 435 499 
210 405 368 
490 353 399 
257 434 34 
96 110 411 
6 199 273 
74 432 269 
378 96 286 
107 77 450 
274 6 267 
305 124 468 
232 103 127 
411 355 121 
213 428 447 
405 357 58 
91 280 52 
389 22 313 
156 154 101 
216 186 423 
42 257 130 
73 445 85 
181 202 406 
418 15 266 
114 432 475 
373 407 389 
104 386 108 
350 417 124 
466 497 149 
74 225 70 
78 462 266 
350 385 371 
166 234 175 
243 192 356 
478 144 205 
138 98 75 
453 80 263 
455 381 161 
313 204 132 
481 476 80 
483 173 466 
263 118 476 
469 51 385 
494 238 156 
231 109 412 
42 91 131 
399 249 429 
471 250 193 
263 144 360 
170 349 291 
291 399 82 
289 457 295 
310 236 176 
199 418 489 
429 304 44 
108 394 184 
204 244 26 
372 258 149 
414 376 61 
127 337 34 
321 285 104 
269 103 143 
348 134 59 
467 385 306 
70 461 5 
100 409 174 
255 179 285 
48 354 223 
346 224 485 
148 32 54 
377 203 185 
300 445 389 
301 226 74 
163 319 234 
449 440 81 
360 38 171 
103 343 170 
117 245 479 
296 235 371 
142 457 33 
43 261 459 
237 499 156 
8 215 108 
194 341 359 
238 180 206 
261 438 245 
399 162 462 
31 142 91 
380 165 139 
315 123 100 
461 375 407 
341 312 1 
36 45 304 
7 5 268 
358 201 334 
3 29 229 
173 229 469 
488 378 118 
132 98 127 
263 281 176 
260 438 145 
214 402 97 
356 35 447 
470 66 45 
67 478 224 
302 270 261 
15 420 154 
183 336 282 
475 331 213 
4 350 256 
211 234 243 
68 333 182 
395 182 438 
230 378 364 
4 452 294 
367 461 253 
438 48 75 
458 214 443 
275 108 288 
495 258 406 
375 208 140 
104 176 93 
14 59 159 
342 191 431 
364 183 180 
450 79 208 
74 487 417 
401 325 187 
493 261 131 
49 55 466 
429 253 232 
387 50 94 
295 74 18 
385 433 183 
419 77 120 
399 340 398 
286 267 191 
467 144 83 
113 439 102 
181 307 13 
299 99 336 
3 205 342 
118 17 372 
259 327 472 
98 204 382 
217 64 288 
222 380 173 
22 87 170 
276 275 159 
43 429 292 
89 77 155 
56 130 58 
405 328 364 
293 23 332 
212 436 428 
482 355 286 
386 205 173 
80 342 52 
135 415 275 
22 168 241 
430 105 494 
433 424 171 
415 313 460 
413 195 373 
375 369 173 
425 314 92 
454 349 196 
419 34 439 
409 402 482 
135 182 317 
254 334 302 
369 373 432 
43 277 195 
299 479 378 
40 401 290 
105 434 275 
201 378 89 
30 268 170 
375 7 109 
30 325 345 
437 311 71 
138 437 303 
288 31 190 
386 187 46 
313 234 242 
399 142 377 
48 491 268 
56 194 184 
67 433 333 
345 486 211 
392 238 124 
235 58 426 
334 267 476 
125 58 25 
133 260 247 
337 174 328 
309 261 317 
171 260 459 
169 263 377 
138 113 485 
397 161 427 
238 107 356 
115 220 201 
205 116 47 
459 88 263 
255 116 492 
260 247 213 
32 367 468 
304 22 380 
492 442 247 
250 419 117 
265 237 436 
102 163 254 
221 459 465 
358 156 205 
273 156 82 
312 273 235 
481 279 144 
177 63 452 
265 277 367 
126 465 456 
395 99 174 
334 28 48 
420 300 458 
207 360 7 
369 363 397 
272 353 36 
494 356 77 
484 499 22 
446 81 256 
200 299 284 
124 203 218 
126 128 252 
39 327 194 
347 489 281 
137 90 449 
435 407 55 
383 43 111 
287 196 34 
302 181 263 
234 180 63 
84 102 263 
351 338 250 
55 337 285 
218 19 197 
247 370 137 
161 145 312 
153 274 170 
178 46 104 
329 481 429 
183 456 216 
424 76 183 
