1000
3
408 54 389 
412 355 370 
448 98 379 
319 249 431 
112 86 208 
387 313 42 
11 412 146 
197 233 300 
398 318 322 
193 128 19 
459 477 223 
423 470 273 
463 53 408 
106 278 121 
259 142 420 
85 289 429 
67 45 494 
40 312 188 
8 88 15 
410 325 472 
341 94 139 
303 437 265 
280 261 52 
146 211 157 
378 369 39 
9 11 351 
471 288 182 
167 124 236 
461 475 328 
131 326 335 
484 131 299 
351 405 375 
206 492 35 
138 463 88 
18 483 82 
419 26 482 
20 207 162 
213 482 192 
409 343 266 
109 278 208 
275 335 227 
367 448 219 
377 56 249 
0 467 109 
263 267 248 
255 477 115 
210 151 359 
221 41 463 
231 232 25 
143 342 430 
110 172 106 
71 138 333 
382 284 325 
6 152 429 
344 106 56 
151 418 5 
169 256 373 
294 57 429 
102 296 316 
154 29 339 
210 403 175 
234 423 131 
197 499 469 
325 411 475 
210 30 246 
434 431 377 
40 2 212 
427 498 288 
165 120 50 
164 375 460 
347 351 397 
451 335 52 
42 410 433 
375 464 430 
183 428 54 
396 74 275 
111 232 225 
346 352 364 
349 238 60 
301 292 356 
326 224 157 
311 495 358 
219 418 371 
110 272 359 
447 128 475 
463 325 483 
163 411 177 
336 390 224 
395 203 82 
31 217 212 
306 419 238 
194 186 11 
249 168 86 
377 82 77 
124 437 219 
362 224 368 
380 475 1 
76 320 366 
219 261 130 
319 109 66 
401 389 85 
210 124 288 
234 499 482 
58 2 165 
438 232 284 
359 39 416 
145 146 433 
35 240 435 
316 437 136 
40 197 294 
259 185 398 
181 248 369 
358 52 29 
127 431 115 
439 273 105 
246 240 387 
364 274 288 
310 297 216 
196 273 406 
13 480 242 
92 354 74 
250 227 223 
104 307 13 
179 171 155 
303 367 407 
409 69 377 
100 95 37 
317 454 19 
200 402 273 
112 405 290 
135 214 479 
128 24 471 
49 108 37 
440 297 21 
429 11 187 
331 20 286 
327 479 157 
185 219 176 
263 46 254 
297 360 258 
302 493 363 
173 485 395 
440 115 435 
270 190 413 
181 378 29 
179 353 214 
22 60 367 
473 37 152 
416 499 10 
291 246 209 
276 62 380 
165 250 175 
344 93 218 
425 162 163 
424 178 435 
122 437 23 
40 84 395 
250 414 415 
30 460 127 
191 484 268 
434 81 44 
295 123 242 
256 250 239 
408 103 231 
200 146 383 
234 270 92 
28 387 289 
193 57 89 
138 204 15 
280 93 319 
324 300 65 
358 182 83 
36 49 63 
445 89 93 
433 400 268 
220 18 186 
409 237 122 
407 70 6 
216 32 351 
270 196 234 
400 367 491 
57 50 4 
198 456 114 
17 381 314 
467 256 458 
284 443 476 
430 329 146 
229 231 175 
139 494 406 
91 299 463 
349 437 184 
491 165 239 
315 467 198 
324 234 14 
478 25 490 
16 36 475 
200 426 423 
372 463 7 
476 300 103 
193 69 496 
297 60 130 
69 360 100 
70 443 86 
222 175 246 
411 472 479 
499 264 14 
241 84 184 
70 60 54 
38 357 347 
372 66 63 
189 77 401 
28 436 230 
140 29 117 
101 328 227 
306 30 258 
252 360 148 
426 150 200 
189 62 433 
494 124 121 
225 438 388 
121 257 155 
394 366 421 
377 372 453 
118 31 20 
413 208 54 
396 402 361 
73 395 324 
456 97 409 
274 21 405 
249 189 352 
292 464 271 
358 219 236 
210 401 459 
483 446 68 
143 313 321 
50 347 87 
251 115 29 
149 290 180 
101 336 313 
241 44 490 
474 106 149 
357 168 215 
65 150 303 
65 129 419 
119 285 114 
291 396 424 
465 277 166 
62 197 257 
171 353 58 
450 486 446 
152 263 168 
126 201 37 
169 446 396 
1 346 249 
11 212 465 
183 380 418 
222 460 56 
45 234 327 
205 379 137 
185 122 403 
10 214 421 
159 10 417 
92 314 294 
397 429 168 
263 73 181 
26 439 410 
413 140 203 
360 141 319 
159 69 128 
305 203 174 
232 215 12 
456 442 406 
142 211 375 
62 117 264 
388 308 402 
472 68 13 
314 212 376 
242 115 117 
58 483 234 
145 475 16 
68 52 380 
302 28 44 
388 277 487 
316 117 2 
124 73 420 
257 343 115 
338 301 377 
167 185 415 
269 63 165 
389 387 193 
129 3 290 
153 198 361 
283 283 490 
360 216 348 
317 271 27 
62 278 14 
306 418 229 
10 441 19 
354 428 187 
421 45 57 
16 447 435 
147 407 155 
454 490 460 
388 86 54 
487 446 13 
316 341 386 
473 0 335 
333 340 400 
289 438 109 
72 139 52 
398 147 203 
114 317 31 
0 40 485 
118 296 167 
422 395 438 
356 152 68 
302 25 402 
242 358 327 
131 67 469 
250 482 449 
202 380 128 
399 92 427 
19 497 257 
141 33 109 
126 208 382 
48 302 64 
455 385 223 
300 425 300 
190 122 146 
344 250 110 
27 435 365 
237 255 437 
462 377 232 
297 322 469 
232 43 346 
212 455 421 
199 46 340 
225 187 98 
230 419 417 
76 361 117 
399 430 258 
355 70 223 
48 281 273 
448 253 244 
155 435 173 
197 89 238 
249 209 485 
312 397 306 
243 159 300 
247 249 150 
337 95 92 
183 264 460 
2 93 253 
76 194 204 
321 381 412 
238 288 325 
142 246 120 
213 364 364 
64 175 26 
331 20 155 
171 331 85 
342 34 244 
152 19 397 
201 460 340 
304 261 433 
73 449 295 
117 388 50 
349 459 24 
440 207 303 
111 196 11 
121 220 472 
413 276 463 
57 193 255 
24 150 165 
464 474 228 
172 41 168 
494 318 365 
263 308 205 
411 487 69 
325 385 268 
286 74 472 
449 150 290 
188 388 99 
394 320 6 
123 469 209 
322 201 192 
41 317 330 
50 178 412 
481 132 171 
289 411 294 
115 21 415 
288 229 375 
454 19 77 
95 95 160 
129 10 71 
307 384 233 
103 54 16 
169 23 489 
142 492 468 
262 180 67 
301 481 135 
210 236 458 
231 190 108 
396 289 254 
194 418 76 
135 161 217 
87 229 95 
381 494 179 
335 129 140 
416 341 97 
102 493 193 
63 443 239 
76 11 415 
393 372 328 
197 111 402 
168 125 125 
195 420 64 
255 400 257 
109 183 431 
31 304 438 
332 235 28 
225 377 240 
153 232 459 
355 337 392 
69 49 294 
144 494 275 
66 437 147 
36 245 32 
103 86 99 
351 404 466 
258 24 243 
128 196 350 
39 176 123 
28 86 290 
268 172 173 
209 383 423 
251 398 297 
111 122 165 
360 166 239 
48 205 484 
4 236 318 
473 203 306 
107 322 365 
155 64 497 
96 337 314 
76 391 465 
139 482 68 
373 478 342 
256 298 168 
103 48 312 
214 265 204 
67 81 360 
194 207 116 
457 212 352 
180 130 70 
359 428 257 
310 352 381 
135 438 380 
434 83 106 
73 186 45 
283 377 271 
23 184 480 
149 431 83 
342 337 320 
364 156 279 
363 127 364 
445 71 271 
96 178 324 
308 96 341 
397 485 372 
260 498 303 
436 284 385 
368 383 236 
316 179 91 
38 263 401 
435 314 124 
171 397 459 
321 347 355 
259 95 51 
96 375 269 
424 32 376 
464 9 160 
0 124 203 
244 269 61 
265 231 89 
309 163 429 
452 401 307 
365 390 120 
496 166 33 
219 273 244 
51 187 382 
468 400 265 
336 449 424 
431 139 142 
280 197 134 
321 468 43 
209 89 224 
207 474 88 
224 95 311 
209 302 472 
37 221 434 
122 435 73 
26 11 293 
127 196 368 
46 174 174 
252 453 145 
284 488 249 
321 300 336 
405 98 139 
214 176 471 
368 181 448 
146 255 286 
318 480 97 
404 374 318 
183 51 82 
16 345 421 
406 160 112 
493 190 391 
183 137 131 
68 491 291 
183 2 150 
424 92 287 
332 284 233 
295 481 95 
298 347 406 
13 401 228 
386 358 282 
344 137 161 
31 132 446 
186 277 265 
333 119 56 
388 216 380 
57 68 242 
187 378 206 
275 295 482 
57 101 110 
109 218 14 
142 92 135 
467 232 157 
163 35 43 
402 9 281 
153 478 142 
315 5 462 
458 472 268 
471 151 49 
382 36 397 
263 209 412 
149 356 313 
472 357 137 
308 81 110 
4 437 426 
341 219 286 
283 200 421 
491 87 452 
56 191 362 
460 249 335 
48 497 201 
294 363 342 
464 123 79 
156 164 75 
401 283 331 
82 106 299 
498 201 98 
233 348 62 
297 458 23 
63 140 314 
462 154 433 
443 402 386 
46 397 114 
16 61 478 
467 289 30 
63 2 207 
145 361 235 
0 94 78 
495 2 451 
349 172 357 
109 377 339 
391 183 294 
412 377 165 
142 347 124 
413 466 492 
147 320 189 
28 28 395 
487 46 367 
48 67 33 
111 133 432 
428 428 177 
441 359 45 
467 3 36 
90 171 248 
109 379 487 
53 457 352 
435 271 393 
282 9 379 
230 467 57 
32 33 449 
368 35 419 
312 216 345 
319 466 240 
177 493 498 
182 136 50 
309 159 254 
158 41 71 
219 426 207 
474 247 488 
303 63 473 
140 212 279 
102 221 67 
14 54 332 
281 7 348 
381 160 453 
342 245 486 
2 409 233 
458 495 330 
145 421 343 
183 491 436 
79 173 43 
340 55 70 
237 234 126 
380 199 74 
182 420 485 
193 439 174 
278 362 488 
410 135 262 
213 440 244 
258 251 97 
45 398 89 
445 119 165 
59 438 95 
64 450 435 
235 297 220 
438 461 476 
454 368 277 
165 176 425 
235 257 151 
1 338 8 
335 167 284 
20 329 81 
94 271 340 
30 477 387 
44 490 319 
278 427 477 
348 262 368 
107 374 367 
230 483 155 
48 87 308 
351 297 234 
184 20 258 
398 413 386 
118 229 246 
105 471 494 
327 249 297 
195 153 119 
466 154 228 
86 324 30 
219 104 207 
127 150 23 
483 28 380 
442 429 214 
45 466 174 
358 355 228 
17 294 228 
33 242 388 
366 49 269 
288 83 319 
341 317 206 
378 93 488 
235 198 396 
394 436 30 
349 88 488 
163 440 396 
424 57 124 
1 410 265 
201 471 197 
35 230 26 
200 43 496 
23 407 368 
407 91 447 
440 426 263 
479 347 477 
387 211 11 
202 14 497 
197 221 443 
116 191 247 
352 241 121 
30 488 342 
193 46 375 
361 303 448 
370 254 78 
476 408 65 
199 206 121 
110 111 185 
464 59 236 
351 340 128 
473 118 281 
6 471 373 
134 330 165 
347 357 55 
154 241 486 
423 463 201 
492 390 195 
283 436 189 
296 409 443 
241 213 71 
100 140 393 
467 193 193 
220 198 84 
37 87 296 
386 454 170 
417 338 279 
87 163 435 
447 62 397 
5 31 209 
259 471 115 
273 465 411 
429 30 430 
461 181 252 
393 182 12 
248 199 137 
476 351 97 
16 138 486 
125 98 95 
182 359 324 
77 290 409 
94 286 228 
8 65 143 
300 56 311 
50 413 367 
107 146 98 
497 146 492 
105 176 479 
340 260 307 
480 246 292 
154 493 23 
467 409 463 
212 397 53 
429 325 219 
243 71 68 
197 308 233 
169 491 471 
302 151 495 
387 395 328 
437 284 186 
57 63 233 
408 5 364 
377 423 483 
85 327 245 
289 316 300 
291 8 269 
487 62 30 
266 223 424 
331 374 101 
83 255 250 
454 255 323 
480 269 157 
186 162 99 
456 375 219 
182 123 365 
381 180 370 
317 124 105 
139 245 479 
115 217 434 
457 127 352 
429 253 476 
19 144 163 
358 88 168 
415 85 298 
98 17 212 
429 434 408 
289 361 491 
59 437 225 
170 334 433 
328 135 469 
212 295 266 
248 246 307 
88 427 143 
356 445 141 
441 231 98 
421 74 45 
403 68 264 
318 487 398 
244 438 13 
107 479 170 
179 454 41 
474 14 62 
200 190 180 
349 168 315 
450 395 85 
110 274 327 
490 284 22 
81 226 413 
128 24 21 
375 337 367 
276 142 249 
487 178 18 
164 79 274 
117 479 305 
114 27 122 
81 187 280 
367 360 332 
238 253 183 
453 80 222 
470 289 44 
143 444 287 
284 5 465 
466 271 285 
76 476 439 
133 274 409 
366 287 199 
157 115 359 
304 140 455 
77 167 235 
398 117 308 
19 124 215 
444 226 17 
423 384 174 
329 301 447 
242 140 135 
269 428 438 
207 414 337 
371 192 327 
88 227 94 
371 22 292 
150 245 472 
29 396 298 
12 308 484 
159 481 44 
136 358 164 
237 196 322 
15 264 315 
24 374 370 
106 100 327 
182 220 269 
204 24 144 
490 151 122 
44 286 268 
485 219 31 
471 264 305 
20 2 489 
308 152 388 
300 307 55 
159 263 419 
436 411 156 
278 332 184 
150 267 299 
169 50 53 
28 28 89 
256 396 81 
188 374 40 
104 137 499 
80 468 286 
3 338 426 
339 169 151 
72 220 185 
84 393 421 
364 51 249 
111 64 237 
359 384 315 
446 327 258 
5 425 39 
96 14 398 
53 442 202 
417 362 152 
123 148 123 
212 325 69 
149 297 162 
215 324 131 
481 403 221 
188 277 124 
44 120 46 
212 409 178 
76 57 55 
468 473 152 
311 266 134 
84 135 46 
222 19 179 
63 289 431 
10 255 335 
360 429 371 
273 278 429 
408 375 382 
383 216 153 
226 369 208 
400 51 105 
120 296 46 
334 479 255 
403 218 238 
185 38 454 
380 4 291 
257 289 259 
149 69 464 
198 160 277 
118 286 273 
140 469 75 
375 480 290 
131 371 389 
44 25 431 
20 206 211 
465 137 172 
266 340 28 
349 76 53 
425 29 29 
116 275 326 
357 449 36 
397 181 190 
384 285 274 
271 282 187 
353 281 372 
48 94 376 
302 96 330 
375 370 375 
59 326 264 
3 278 232 
318 454 156 
115 307 258 
63 54 52 
108 394 301 
29 181 220 
32 382 399 
446 66 305 
428 291 421 
351 96 420 
391 491 298 
449 255 440 
338 267 403 
200 82 330 
122 70 43 
98 383 453 
198 377 468 
330 464 43 
324 111 107 
3 432 11 
319 68 181 
226 342 400 
314 391 189 
192 292 305 
59 403 54 
237 467 402 
66 439 338 
62 98 432 
182 194 37 
244 455 136 
462 298 253 
377 476 480 
191 249 31 
237 135 165 
495 26 242 
445 442 30 
287 262 413 
282 324 449 
180 319 30 
110 359 107 
407 303 74 
196 141 37 
243 85 180 
193 303 343 
321 38 271 
456 211 478 
31 331 188 
111 2 59 
434 300 88 
377 219 312 
135 225 374 
168 112 441 
155 64 399 
70 391 376 
3 262 58 
377 258 247 
442 148 15 
369 169 292 
258 149 347 
195 300 461 
193 406 28 
145 162 170 
348 41 12 
204 440 27 
151 34 418 
180 79 404 
409 42 331 
364 228 404 
391 369 408 
129 250 348 
198 103 137 
30 300 412 
25 335 242 
497 323 71 
453 187 55 
158 120 63 
410 170 423 
405 438 325 
253 140 405 
187 257 466 
240 349 341 
63 482 275 
408 313 176 
41 47 395 
341 232 487 
46 268 213 
197 141 206 
411 306 273 
