1000
3
143 485 284 
271 168 423 
8 471 98 
394 141 402 
482 333 189 
208 326 363 
332 455 226 
132 139 68 
169 37 30 
287 63 427 
202 373 455 
229 6 317 
282 145 487 
132 99 269 
364 402 218 
213 356 110 
80 229 294 
42 384 406 
2 109 292 
98 306 486 
443 246 442 
266 103 447 
410 481 373 
124 337 254 
5 400 133 
194 100 287 
425 391 487 
60 304 454 
157 63 26 
374 246 300 
414 487 160 
489 166 60 
188 231 191 
333 241 248 
408 150 92 
58 213 305 
351 424 21 
139 109 3 
465 18 9 
259 242 174 
499 124 403 
366 432 228 
195 354 349 
462 77 440 
233 350 341 
128 104 456 
372 9 421 
95 57 221 
10 363 270 
176 131 459 
258 390 292 
493 445 491 
83 247 210 
485 422 76 
9 161 283 
408 245 87 
398 54 125 
72 364 108 
99 285 300 
468 27 398 
264 73 106 
73 211 388 
46 282 163 
11 485 192 
291 329 475 
90 485 40 
462 283 221 
107 465 383 
249 367 449 
468 405 186 
411 226 492 
135 34 391 
299 313 29 
331 234 198 
398 239 169 
216 326 349 
160 372 49 
176 449 76 
447 30 108 
448 45 169 
425 452 390 
38 283 248 
101 385 1 
387 144 185 
481 46 207 
183 478 242 
435 27 271 
114 59 411 
403 237 40 
218 92 351 
289 332 142 
22 365 387 
449 16 333 
78 435 147 
107 270 76 
254 446 91 
373 27 217 
97 384 101 
234 472 434 
153 351 489 
10 69 431 
238 98 126 
108 381 293 
195 61 127 
220 377 35 
488 7 234 
214 448 203 
430 73 373 
69 114 92 
266 390 205 
173 176 198 
180 253 59 
212 430 434 
460 32 229 
29 359 212 
352 328 169 
21 94 226 
177 106 460 
490 464 443 
243 39 293 
387 309 181 
118 252 414 
178 369 304 
319 195 280 
366 10 449 
350 144 97 
69 467 476 
146 180 238 
5 436 137 
53 210 382 
325 130 366 
268 416 201 
188 438 249 
166 279 244 
4 453 99 
467 58 469 
86 16 227 
75 410 115 
423 492 192 
312 249 434 
149 485 44 
368 122 151 
121 160 297 
356 140 414 
0 218 461 
23 282 79 
10 211 360 
148 201 261 
119 460 274 
302 103 226 
99 354 390 
86 70 295 
47 446 253 
354 41 492 
258 428 479 
233 337 206 
353 314 354 
489 62 318 
487 265 105 
400 415 389 
79 218 351 
41 327 228 
482 200 402 
20 16 425 
154 139 111 
236 313 192 
393 477 66 
12 286 98 
91 38 339 
67 274 205 
181 180 375 
197 496 170 
349 171 271 
210 53 414 
193 95 52 
423 194 239 
428 196 260 
406 225 169 
406 139 150 
247 390 251 
60 143 408 
355 400 43 
234 10 336 
0 163 146 
194 68 120 
473 433 254 
193 288 470 
189 311 147 
116 225 94 
318 398 142 
322 221 400 
232 0 447 
313 320 138 
382 371 257 
333 131 25 
437 158 444 
19 383 75 
68 311 34 
481 481 485 
105 311 6 
356 155 451 
200 85 401 
136 484 145 
235 204 216 
231 44 116 
49 412 174 
247 350 175 
230 424 450 
233 324 43 
344 310 112 
331 312 334 
21 1 46 
310 427 354 
428 471 356 
427 193 436 
416 210 353 
21 251 54 
292 53 255 
464 38 358 
283 16 293 
181 22 295 
131 163 445 
46 269 390 
145 377 425 
368 57 435 
237 374 24 
42 143 360 
499 227 433 
345 367 7 
97 385 50 
345 366 178 
31 304 108 
31 351 365 
467 454 207 
357 375 366 
84 293 420 
489 395 120 
429 259 411 
127 91 238 
136 405 370 
411 154 361 
107 423 67 
360 205 491 
490 320 402 
378 221 422 
185 236 10 
341 394 448 
290 420 413 
424 278 402 
241 69 404 
334 322 343 
474 345 338 
370 270 476 
357 262 471 
471 347 89 
211 336 391 
79 46 430 
359 469 218 
66 19 38 
150 211 139 
30 226 194 
232 369 488 
301 266 416 
25 421 425 
8 457 335 
282 453 185 
115 398 241 
441 85 282 
62 140 494 
274 165 144 
91 212 17 
81 81 360 
229 2 252 
223 5 250 
421 228 262 
438 344 111 
480 264 144 
197 436 391 
113 249 255 
143 464 450 
6 159 409 
381 386 316 
339 3 187 
228 218 220 
453 467 274 
127 115 51 
13 458 347 
155 209 152 
191 291 383 
186 330 174 
204 308 184 
5 462 483 
460 132 404 
488 160 235 
212 38 15 
159 90 153 
115 99 14 
259 386 154 
95 376 147 
99 459 263 
173 115 494 
135 3 11 
218 84 484 
174 157 100 
99 199 210 
486 24 298 
267 110 78 
460 456 321 
360 345 18 
241 391 472 
47 382 153 
182 142 60 
272 485 143 
293 474 423 
212 238 329 
480 347 190 
268 296 387 
395 48 27 
11 274 203 
212 46 261 
343 493 366 
52 110 225 
252 398 205 
174 36 162 
330 210 258 
470 229 145 
480 303 143 
194 88 135 
490 67 306 
0 401 451 
400 6 159 
252 202 169 
328 366 68 
309 308 183 
191 343 383 
459 387 413 
426 23 488 
257 141 218 
117 383 52 
102 166 1 
14 363 30 
116 352 109 
451 357 50 
427 74 474 
201 51 408 
320 411 306 
120 94 247 
145 332 412 
221 174 57 
293 136 485 
2 479 196 
422 193 366 
484 494 206 
20 145 354 
227 92 498 
327 192 117 
228 15 387 
18 53 425 
91 312 112 
461 286 248 
436 83 279 
283 466 138 
190 380 214 
161 167 174 
313 262 421 
368 49 323 
359 357 158 
442 393 44 
406 220 130 
389 30 459 
351 70 67 
238 256 54 
271 402 411 
91 15 126 
49 119 34 
399 1 281 
237 174 208 
118 383 204 
83 264 409 
105 336 275 
311 212 176 
279 425 75 
306 370 432 
254 241 290 
17 487 408 
94 264 369 
115 119 127 
69 363 483 
193 336 299 
67 427 478 
374 449 442 
69 209 35 
91 413 84 
71 481 495 
413 246 499 
354 389 37 
222 25 0 
3 209 280 
290 223 58 
137 91 121 
434 420 123 
53 192 360 
113 135 303 
253 495 319 
273 283 437 
242 405 307 
108 2 77 
121 110 336 
233 83 362 
499 164 86 
317 472 296 
338 132 53 
65 3 130 
87 284 375 
419 177 257 
364 271 146 
432 243 480 
7 17 235 
34 287 451 
465 413 331 
87 372 235 
290 120 277 
405 186 1 
137 219 182 
327 414 195 
437 274 220 
257 439 275 
478 18 126 
126 462 253 
139 93 54 
147 240 497 
252 51 35 
39 5 293 
88 124 426 
372 112 98 
443 55 318 
377 81 213 
380 286 80 
237 364 387 
98 85 44 
361 132 211 
100 404 282 
255 234 328 
129 40 144 
421 46 413 
174 492 434 
220 206 125 
334 142 434 
161 180 182 
373 161 123 
468 219 138 
325 402 427 
233 363 449 
207 191 274 
467 4 101 
57 58 163 
493 78 90 
167 325 404 
275 332 481 
459 484 201 
416 222 344 
411 37 37 
375 323 360 
206 187 27 
476 264 362 
401 28 332 
427 267 418 
84 340 194 
340 389 154 
42 21 349 
432 448 136 
85 107 405 
444 246 323 
491 45 427 
436 53 484 
71 68 110 
2 237 352 
187 129 384 
190 100 179 
442 402 229 
233 21 145 
430 209 366 
319 444 69 
342 178 31 
315 266 8 
465 482 326 
261 469 450 
322 489 474 
404 317 57 
315 58 188 
150 468 182 
188 204 363 
358 60 398 
248 432 197 
426 490 391 
207 362 428 
110 337 147 
41 225 346 
190 377 119 
172 117 496 
472 266 236 
196 407 333 
313 258 372 
95 147 486 
147 461 494 
450 285 451 
280 82 68 
134 171 485 
52 333 364 
107 233 109 
477 199 339 
216 303 284 
448 221 43 
137 227 239 
325 61 124 
332 140 365 
69 320 261 
37 173 343 
479 227 244 
43 389 280 
42 235 262 
43 289 42 
399 421 481 
428 22 42 
451 212 314 
190 30 274 
240 332 466 
376 329 184 
492 120 123 
321 64 337 
302 57 338 
67 171 246 
387 208 204 
489 431 186 
499 78 384 
491 309 236 
433 209 251 
131 486 74 
324 252 221 
99 47 384 
154 105 199 
122 225 289 
289 159 92 
75 489 291 
285 122 146 
270 325 90 
58 208 122 
470 333 431 
3 314 358 
47 121 86 
313 405 151 
337 373 305 
48 452 51 
213 222 413 
64 168 387 
257 110 160 
99 43 444 
49 336 420 
305 9 442 
92 182 29 
191 341 384 
22 287 396 
278 440 382 
421 462 374 
115 308 448 
330 286 282 
231 145 374 
225 353 91 
327 21 96 
256 222 244 
298 372 279 
402 134 396 
14 306 123 
431 27 256 
174 140 432 
487 237 113 
56 210 119 
65 213 356 
120 155 184 
254 189 239 
377 239 157 
311 150 274 
35 487 124 
379 233 33 
472 452 202 
172 101 94 
87 104 91 
157 331 156 
498 1 489 
456 445 203 
396 86 249 
412 311 115 
58 240 116 
478 276 347 
438 150 244 
102 434 410 
374 190 146 
155 139 382 
185 57 203 
314 432 70 
260 383 355 
88 271 454 
65 418 269 
374 340 355 
283 211 7 
415 107 169 
439 406 166 
281 366 143 
178 78 461 
110 13 457 
289 2 149 
395 175 135 
359 143 253 
8 487 65 
472 325 413 
458 433 3 
478 94 493 
60 430 345 
336 227 402 
5 322 38 
180 384 68 
196 158 110 
175 345 476 
115 140 71 
42 161 396 
211 22 131 
458 199 388 
253 295 12 
274 488 158 
415 363 23 
253 308 87 
137 453 262 
313 278 109 
92 304 436 
294 362 16 
17 179 211 
373 400 228 
101 373 98 
53 310 354 
268 261 312 
483 435 242 
345 43 395 
48 414 418 
180 41 334 
237 283 23 
362 336 270 
186 99 435 
176 266 268 
445 96 164 
46 421 280 
141 78 444 
117 147 30 
221 126 105 
92 3 455 
164 320 308 
449 179 25 
163 395 44 
192 420 52 
75 106 416 
464 204 195 
201 348 478 
275 373 311 
355 437 250 
203 192 147 
226 405 45 
158 492 305 
303 103 83 
310 457 238 
336 154 425 
239 83 345 
220 223 140 
173 449 26 
410 195 460 
143 301 128 
161 39 294 
327 385 216 
215 211 409 
306 262 164 
355 101 282 
304 250 295 
466 24 225 
128 383 445 
112 396 488 
277 150 308 
253 495 185 
477 179 444 
52 430 427 
175 378 213 
47 256 419 
393 484 68 
244 255 463 
493 414 428 
245 462 236 
211 314 475 
158 416 409 
179 406 364 
378 241 477 
236 401 345 
374 197 455 
352 476 158 
432 176 210 
315 160 52 
456 1 96 
407 402 22 
240 447 220 
163 126 340 
105 65 214 
258 108 77 
5 161 182 
300 5 225 
311 412 435 
327 456 273 
360 412 118 
392 222 76 
40 426 38 
477 495 40 
252 438 478 
139 451 487 
410 223 303 
100 368 234 
5 46 171 
179 332 454 
453 476 455 
481 225 125 
84 237 107 
226 77 203 
255 345 390 
165 430 322 
485 267 491 
64 82 205 
310 78 483 
101 17 30 
449 47 387 
89 26 153 
44 64 54 
170 340 443 
148 143 365 
289 237 394 
127 331 457 
414 186 318 
151 287 42 
44 496 451 
80 419 120 
267 209 122 
179 234 96 
49 243 287 
85 428 323 
341 105 387 
222 483 182 
37 478 218 
179 319 118 
248 474 153 
7 131 406 
476 310 175 
251 391 477 
365 152 315 
321 101 332 
417 499 122 
118 192 438 
218 224 433 
96 369 116 
460 235 8 
92 420 52 
375 107 402 
415 150 325 
463 333 225 
65 340 118 
251 459 191 
99 346 297 
117 280 286 
259 170 412 
80 98 425 
225 133 106 
141 124 84 
320 6 318 
324 491 314 
417 359 415 
191 115 401 
20 465 243 
113 125 432 
395 295 285 
276 337 78 
352 214 346 
4 42 357 
97 497 185 
146 121 405 
17 404 468 
307 245 319 
475 27 169 
60 187 262 
215 30 62 
445 164 208 
415 232 451 
375 444 490 
486 116 270 
463 153 479 
470 69 43 
466 314 112 
379 382 108 
425 460 131 
320 26 230 
395 346 13 
70 77 210 
202 106 60 
476 102 161 
44 140 90 
224 457 82 
485 197 268 
368 251 123 
406 276 187 
80 30 429 
33 447 483 
347 249 45 
196 423 183 
287 141 317 
164 466 243 
213 193 251 
368 237 312 
211 421 444 
360 370 60 
88 6 177 
138 342 54 
145 482 452 
207 223 132 
37 216 446 
78 385 108 
103 77 375 
313 262 131 
130 481 193 
241 196 70 
126 492 276 
225 146 118 
264 106 193 
71 171 162 
162 302 268 
289 120 102 
494 134 35 
25 409 102 
316 212 70 
194 47 393 
292 458 227 
270 111 367 
285 295 206 
404 111 396 
370 74 48 
184 453 413 
136 379 121 
259 266 419 
184 147 86 
41 85 122 
197 120 263 
120 264 170 
171 42 293 
452 448 301 
30 407 154 
35 304 373 
198 237 359 
35 330 205 
103 144 214 
41 95 100 
247 142 107 
22 65 63 
70 288 10 
306 234 458 
354 449 226 
422 386 457 
121 446 13 
277 73 59 
320 2 456 
499 410 180 
352 339 480 
348 218 88 
434 356 196 
56 117 269 
163 311 69 
480 48 231 
352 305 113 
386 402 148 
13 271 460 
161 100 29 
304 47 140 
356 307 454 
360 285 326 
19 271 245 
311 484 102 
462 308 377 
232 39 470 
65 447 142 
84 455 187 
251 438 322 
15 197 497 
399 92 129 
269 186 498 
430 430 299 
422 9 366 
128 174 100 
143 345 445 
250 149 211 
295 120 90 
85 140 159 
138 73 489 
139 232 468 
31 83 222 
314 5 374 
133 157 98 
202 332 88 
407 171 215 
275 71 432 
81 194 244 
203 79 256 
208 307 44 
438 106 208 
369 65 394 
142 290 337 
295 394 212 
20 362 485 
294 280 181 
415 307 380 
484 281 138 
338 116 192 
460 426 422 
103 367 338 
278 147 204 
263 365 382 
309 267 113 
361 45 362 
159 355 420 
440 188 475 
91 52 293 
465 451 119 
170 138 419 
147 443 175 
57 216 477 
357 354 474 
198 291 146 
485 472 171 
446 489 425 
266 326 16 
412 431 179 
182 205 412 
445 342 382 
442 339 44 
250 198 268 
103 67 141 
374 105 448 
476 366 105 
330 141 234 
249 315 283 
315 128 489 
360 252 140 
381 330 312 
237 40 347 
356 77 364 
258 476 129 
168 339 352 
5 245 19 
45 205 101 
30 130 471 
465 150 24 
425 311 205 
141 275 268 
374 476 426 
56 345 231 
122 268 281 
499 130 28 
296 293 149 
113 142 470 
0 427 162 
413 147 296 
223 477 6 
159 86 138 
54 91 346 
353 96 374 
73 399 2 
215 413 151 
352 391 211 
360 63 398 
215 251 306 
438 82 471 
409 272 398 
250 207 351 
328 463 7 
97 328 266 
395 22 134 
436 338 84 
408 430 152 
242 441 117 
16 33 68 
86 31 32 
66 432 304 
408 454 215 
488 412 143 
105 310 312 
469 232 191 
444 44 407 
177 272 39 
13 99 323 
253 276 391 
64 54 448 
151 439 444 
