1000
3
464 371 446 
331 415 203 
25 428 123 
329 11 465 
417 178 8 
352 197 100 
473 48 347 
102 482 220 
107 455 106 
46 38 209 
296 305 439 
499 430 400 
152 54 473 
396 13 12 
169 286 31 
359 213 487 
431 326 371 
386 410 481 
36 352 484 
31 50 458 
230 404 163 
246 329 493 
443 427 125 
214 59 265 
95 394 196 
418 202 430 
472 468 93 
472 419 219 
14 498 370 
182 256 432 
429 338 144 
179 446 440 
246 108 236 
256 42 261 
42 46 121 
451 237 481 
421 158 124 
347 170 302 
18 461 1 
46 455 315 
291 366 172 
88 469 149 
10 420 390 
117 197 355 
435 17 322 
24 96 283 
196 46 21 
231 355 87 
99 267 363 
94 325 355 
59 495 275 
364 71 147 
81 342 325 
52 390 200 
436 236 211 
337 418 334 
211 329 300 
299 174 97 
228 208 498 
180 259 44 
386 375 205 
308 186 131 
201 242 472 
398 336 84 
281 228 366 
199 215 237 
72 313 451 
314 145 166 
260 284 114 
423 130 204 
346 349 350 
292 299 17 
483 475 435 
2 478 86 
407 347 355 
138 58 276 
355 302 291 
83 2 205 
80 177 94 
5 247 347 
276 277 347 
122 259 108 
124 67 46 
371 208 464 
110 348 398 
205 112 10 
169 14 331 
234 167 247 
6 15 13 
118 194 18 
274 444 90 
181 346 459 
166 94 452 
496 488 280 
289 330 97 
282 454 479 
341 215 466 
411 246 435 
140 362 239 
208 283 458 
138 113 403 
195 418 308 
248 484 203 
359 251 424 
72 482 430 
425 491 31 
289 228 21 
294 71 253 
62 164 30 
90 391 96 
438 293 415 
289 473 143 
355 59 453 
349 498 1 
369 469 346 
404 389 473 
352 75 432 
68 81 435 
368 354 77 
285 461 163 
140 342 167 
387 328 486 
378 77 394 
314 104 274 
406 21 338 
266 474 399 
289 234 484 
382 112 124 
215 477 334 
268 311 394 
369 420 105 
419 6 204 
35 236 77 
384 190 81 
90 487 69 
468 302 240 
261 139 424 
396 430 340 
59 236 25 
449 400 144 
66 343 86 
85 6 150 
498 272 234 
324 386 393 
39 347 78 
499 153 429 
305 165 450 
311 410 358 
207 278 387 
246 194 142 
435 410 320 
480 416 87 
396 60 168 
334 342 164 
213 183 405 
273 101 432 
310 488 19 
253 253 344 
312 330 335 
446 306 436 
339 482 15 
366 75 378 
435 137 198 
237 295 152 
171 306 346 
234 81 15 
434 80 358 
97 312 366 
155 373 22 
166 418 38 
106 350 475 
98 479 8 
325 112 79 
95 232 312 
228 180 88 
277 1 47 
454 480 358 
144 243 172 
276 247 351 
92 383 208 
43 185 469 
415 170 181 
499 180 182 
194 420 94 
323 422 218 
140 94 17 
238 449 224 
197 268 69 
182 330 188 
293 1 191 
327 378 323 
323 313 291 
336 233 45 
198 260 168 
7 2 58 
303 202 426 
210 122 305 
377 411 5 
225 357 267 
249 18 158 
229 130 440 
225 162 5 
296 327 150 
15 318 489 
181 470 114 
33 281 382 
124 59 185 
485 458 229 
108 265 204 
21 446 311 
139 102 140 
206 291 22 
256 165 132 
354 19 78 
428 167 394 
432 6 466 
180 232 275 
215 494 320 
453 424 190 
317 230 21 
402 415 23 
304 469 203 
206 451 468 
81 84 165 
11 356 31 
78 387 163 
383 50 72 
165 291 110 
415 57 87 
148 13 364 
303 153 121 
89 395 32 
400 269 389 
413 404 299 
375 383 294 
230 110 459 
96 421 434 
67 55 372 
221 96 70 
423 314 73 
310 220 318 
484 17 413 
321 342 334 
247 239 119 
38 261 367 
92 445 199 
494 139 140 
316 181 228 
184 174 45 
37 197 174 
271 419 88 
66 135 128 
459 472 294 
59 150 382 
421 491 307 
466 99 285 
43 441 226 
304 456 87 
49 238 204 
367 6 321 
212 262 374 
123 471 417 
83 24 94 
212 123 343 
92 125 230 
160 50 258 
362 361 304 
369 103 175 
52 230 447 
388 261 306 
8 115 237 
383 172 469 
339 179 258 
391 271 447 
106 241 36 
205 271 422 
117 10 218 
377 445 122 
453 36 124 
153 25 459 
114 408 324 
113 342 189 
311 100 409 
473 55 103 
323 352 61 
181 175 58 
300 276 210 
140 18 268 
137 61 430 
319 388 357 
389 266 19 
497 458 201 
160 65 224 
16 280 466 
223 186 328 
311 386 40 
196 131 8 
399 270 114 
114 230 232 
2 209 251 
307 256 421 
457 389 28 
25 145 119 
454 132 301 
496 403 13 
321 298 204 
391 261 175 
34 123 332 
373 123 334 
336 98 336 
32 58 318 
236 303 49 
147 498 142 
431 39 32 
1 464 242 
40 170 248 
455 151 434 
236 112 52 
374 189 422 
227 458 81 
204 360 219 
314 225 400 
17 377 69 
375 476 276 
60 263 273 
437 457 144 
277 295 141 
89 257 350 
124 96 196 
315 327 146 
294 154 277 
374 19 321 
296 272 473 
326 79 46 
308 0 77 
187 354 315 
457 496 219 
170 465 4 
163 339 94 
224 47 494 
390 212 494 
150 361 157 
132 17 290 
420 78 119 
362 496 309 
411 251 76 
122 166 458 
340 315 189 
115 210 275 
181 371 304 
400 454 356 
102 46 381 
133 494 229 
28 224 141 
427 296 41 
256 460 301 
78 487 451 
431 85 391 
274 304 139 
366 431 406 
69 190 413 
375 465 154 
246 280 40 
241 366 80 
234 377 98 
162 232 88 
168 414 201 
107 383 37 
245 318 3 
418 420 152 
66 498 330 
384 474 301 
104 66 30 
22 182 89 
377 462 360 
38 50 396 
292 173 302 
62 10 128 
188 164 174 
201 203 153 
211 25 147 
104 329 491 
6 147 382 
93 10 84 
219 411 299 
374 374 175 
339 195 308 
46 426 28 
231 230 276 
261 53 463 
58 155 248 
287 12 36 
391 358 166 
115 295 111 
314 89 20 
171 162 36 
455 172 124 
186 84 137 
115 306 129 
237 14 467 
13 361 467 
306 239 340 
428 87 151 
354 345 159 
259 336 111 
202 188 192 
286 452 96 
445 359 262 
52 151 105 
378 87 217 
77 439 178 
367 470 208 
436 242 379 
452 433 79 
124 89 34 
121 159 106 
183 219 26 
337 37 482 
215 93 493 
211 337 281 
35 330 403 
432 320 368 
64 242 114 
103 465 176 
417 320 306 
91 31 132 
195 177 117 
220 283 149 
6 84 24 
306 34 35 
71 416 367 
361 255 435 
252 117 265 
348 398 338 
430 126 316 
334 276 442 
199 315 27 
356 143 18 
449 478 378 
253 182 386 
199 172 158 
189 268 33 
361 114 221 
86 396 54 
48 199 305 
178 360 72 
437 34 178 
361 372 190 
164 98 82 
234 143 459 
305 107 32 
393 126 41 
214 234 461 
148 43 34 
53 16 71 
379 128 357 
224 348 102 
175 164 38 
364 99 401 
272 121 59 
191 453 497 
333 86 112 
476 228 133 
208 422 474 
498 170 125 
374 321 232 
66 34 65 
128 94 173 
25 362 88 
52 312 259 
460 334 395 
383 166 187 
280 278 436 
22 396 303 
158 455 407 
77 80 84 
4 116 287 
198 69 120 
226 396 272 
422 393 256 
487 4 71 
396 382 337 
472 349 459 
102 373 410 
320 152 480 
60 265 200 
477 213 181 
66 128 316 
383 398 46 
448 194 120 
481 24 389 
438 143 411 
42 32 395 
28 41 189 
188 290 145 
497 440 99 
265 315 193 
67 176 366 
387 380 67 
103 69 136 
435 294 70 
243 51 426 
68 308 169 
410 307 95 
260 123 284 
81 115 400 
314 67 77 
134 367 68 
472 424 57 
139 150 350 
171 446 142 
62 338 78 
404 268 229 
267 196 149 
108 306 288 
487 42 446 
205 348 422 
125 171 396 
360 121 175 
240 46 212 
318 401 317 
116 269 406 
447 276 184 
88 306 467 
62 388 198 
334 59 254 
405 346 489 
245 36 164 
482 166 228 
491 211 311 
150 44 242 
341 447 355 
122 218 475 
241 31 169 
324 438 77 
291 54 179 
435 308 378 
470 497 195 
440 481 175 
247 225 340 
285 495 169 
238 207 86 
52 476 126 
132 356 86 
70 28 307 
271 455 298 
450 355 499 
224 341 128 
426 274 150 
115 460 193 
462 461 185 
174 124 434 
263 267 469 
69 149 485 
265 38 368 
228 494 85 
461 2 51 
93 307 151 
309 253 487 
395 419 274 
8 225 189 
254 338 143 
353 161 305 
221 41 271 
166 458 449 
310 193 102 
258 305 23 
417 109 118 
16 481 330 
321 102 157 
173 279 148 
258 38 339 
409 262 125 
282 369 403 
261 162 347 
378 186 453 
93 306 374 
296 393 85 
65 252 105 
381 157 136 
33 291 445 
405 173 82 
250 271 422 
159 36 422 
39 446 188 
326 342 64 
355 211 365 
260 143 196 
98 193 461 
442 150 64 
74 114 477 
447 107 321 
100 246 437 
208 145 111 
103 484 188 
142 327 138 
480 207 143 
453 456 147 
88 118 363 
104 262 49 
23 322 240 
58 426 360 
260 202 408 
401 6 153 
466 384 200 
444 239 31 
153 52 312 
144 40 154 
54 243 22 
302 396 5 
133 128 493 
446 283 270 
299 219 354 
272 342 244 
453 153 84 
168 197 147 
265 156 79 
419 324 0 
81 19 260 
158 300 76 
237 37 24 
56 159 45 
224 237 2 
210 358 24 
297 427 167 
158 176 54 
340 205 216 
130 180 330 
198 188 498 
151 89 286 
315 480 158 
265 117 320 
233 135 387 
30 133 79 
9 269 361 
61 268 482 
42 310 227 
124 210 104 
417 55 431 
126 123 250 
117 88 399 
230 402 186 
122 280 8 
291 439 174 
477 141 453 
168 406 231 
87 162 282 
412 80 486 
431 15 394 
60 115 208 
284 361 160 
395 371 217 
50 207 145 
153 315 42 
293 218 221 
123 131 144 
368 469 389 
66 471 344 
409 271 417 
179 186 62 
65 273 421 
15 19 352 
315 479 186 
216 348 130 
378 24 0 
220 323 468 
400 53 24 
275 397 130 
203 235 232 
126 66 307 
245 253 363 
181 26 261 
149 371 424 
14 190 193 
237 296 361 
60 233 113 
453 337 186 
132 381 396 
192 206 68 
499 75 303 
385 228 224 
349 51 45 
415 382 210 
311 146 224 
425 390 279 
50 85 231 
499 309 20 
111 243 304 
84 228 117 
146 431 62 
381 203 498 
26 431 114 
230 443 232 
466 211 417 
232 287 165 
203 457 216 
69 344 295 
384 48 219 
281 494 8 
289 225 90 
71 195 453 
29 110 236 
93 20 475 
25 209 202 
379 33 442 
12 0 429 
169 363 429 
453 252 29 
277 355 58 
149 404 381 
212 321 358 
286 413 202 
308 407 422 
215 300 421 
30 337 222 
426 261 183 
434 154 230 
454 398 475 
443 190 86 
157 229 45 
443 484 240 
17 142 468 
324 436 440 
419 116 386 
271 49 303 
404 316 97 
157 376 281 
480 396 418 
307 165 16 
6 288 444 
321 435 350 
432 372 188 
184 23 486 
378 127 20 
412 139 193 
188 60 162 
486 26 205 
459 327 466 
178 102 436 
473 22 180 
335 324 16 
251 491 450 
118 408 188 
361 418 250 
287 121 112 
244 390 335 
145 455 175 
128 258 136 
49 40 82 
71 29 372 
465 286 43 
370 41 59 
305 257 454 
247 33 116 
230 448 214 
254 112 39 
198 184 18 
492 467 484 
235 211 411 
355 303 215 
323 318 154 
474 195 392 
135 281 181 
71 165 294 
64 322 49 
284 104 492 
175 62 208 
185 392 185 
302 182 349 
135 5 305 
309 301 1 
166 125 345 
109 256 280 
101 393 401 
235 329 370 
186 487 131 
39 27 170 
306 73 36 
485 356 209 
81 247 390 
371 316 108 
62 291 492 
369 243 259 
437 231 286 
311 327 479 
336 320 124 
444 89 473 
419 281 171 
173 91 226 
271 83 342 
110 406 64 
471 212 260 
214 402 226 
300 297 7 
228 168 186 
200 374 359 
49 69 188 
256 473 243 
499 101 268 
109 200 418 
97 484 146 
453 201 114 
305 211 5 
294 378 56 
465 330 11 
68 99 493 
363 10 92 
491 87 419 
60 112 128 
244 237 62 
353 484 189 
193 446 25 
102 1 423 
86 248 29 
370 439 93 
422 452 173 
249 450 234 
412 412 168 
321 387 105 
58 421 144 
398 499 454 
457 5 59 
150 495 410 
272 98 101 
479 86 228 
393 451 431 
106 383 140 
498 161 447 
150 231 378 
202 80 416 
337 253 293 
250 344 346 
96 386 247 
267 315 11 
198 305 295 
382 448 406 
437 374 123 
295 112 318 
193 338 398 
36 138 104 
257 279 121 
122 83 53 
249 114 331 
7 312 189 
39 443 231 
457 451 433 
389 109 175 
194 70 1 
434 57 205 
132 235 95 
465 247 368 
171 261 269 
351 159 343 
14 365 382 
15 177 343 
307 217 269 
187 154 36 
168 179 487 
119 379 461 
20 467 138 
222 48 35 
398 14 159 
412 216 251 
304 156 433 
170 99 205 
187 387 370 
392 386 415 
438 357 73 
39 381 410 
264 229 39 
471 381 280 
236 117 418 
474 156 355 
9 473 392 
146 99 126 
305 444 102 
454 382 353 
408 132 401 
142 61 284 
396 160 481 
466 170 446 
383 171 457 
493 481 29 
357 413 366 
58 51 4 
97 466 301 
352 28 153 
139 382 117 
377 499 394 
269 298 52 
299 328 165 
184 407 361 
451 241 376 
131 69 167 
110 140 178 
481 433 74 
41 302 484 
235 400 307 
292 164 382 
335 423 287 
165 310 324 
476 1 422 
315 299 242 
243 278 211 
424 466 440 
27 108 267 
415 334 127 
421 445 425 
399 164 339 
422 212 169 
465 496 188 
256 99 402 
442 495 358 
137 370 415 
316 1 346 
490 308 171 
177 424 173 
30 16 170 
282 176 462 
84 20 277 
90 323 253 
240 464 128 
36 397 261 
148 43 266 
212 137 416 
14 317 94 
212 24 50 
468 262 182 
89 272 452 
141 304 153 
349 28 332 
39 207 94 
333 281 139 
158 141 229 
418 476 272 
286 163 257 
307 351 124 
470 132 71 
28 205 229 
297 474 149 
239 358 227 
364 95 337 
122 16 403 
87 349 12 
134 261 488 
182 69 356 
158 342 395 
324 272 16 
26 237 142 
471 256 226 
9 158 453 
183 83 220 
485 270 182 
285 434 134 
268 499 360 
18 333 163 
289 469 435 
322 158 458 
58 180 447 
398 328 356 
19 258 216 
184 222 360 
63 149 308 
482 376 180 
497 407 341 
224 56 209 
256 476 46 
244 480 424 
170 365 101 
380 190 15 
242 249 445 
463 0 317 
120 334 433 
370 244 209 
180 455 201 
65 153 390 
125 125 81 
482 49 445 
183 201 45 
393 107 122 
404 167 407 
322 494 234 
128 16 301 
383 275 183 
179 230 441 
36 282 203 
138 498 19 
328 238 159 
118 88 286 
392 382 333 
332 352 181 
57 345 170 
442 110 125 
373 86 293 
275 121 423 
134 440 176 
76 11 458 
3 291 98 
248 408 132 
41 99 385 
