1000
3
405 42 110 
117 140 209 
152 205 380 
15 59 96 
365 53 45 
24 404 109 
490 201 295 
5 103 319 
400 496 284 
493 186 92 
168 79 181 
372 46 416 
134 310 349 
390 424 117 
0 54 357 
245 165 429 
205 392 473 
241 436 421 
425 499 375 
344 87 329 
397 356 123 
315 24 485 
241 295 192 
47 326 173 
487 73 103 
78 444 115 
369 325 405 
321 394 321 
123 188 53 
194 39 139 
294 2 263 
216 233 68 
416 235 209 
391 394 228 
253 17 209 
465 107 385 
399 5 489 
36 26 380 
257 347 225 
132 280 217 
107 201 452 
435 485 235 
96 33 306 
412 433 25 
349 181 70 
36 41 193 
32 457 148 
78 304 469 
15 152 91 
441 34 208 
189 63 385 
218 209 164 
210 213 429 
331 178 121 
449 267 280 
143 343 219 
441 227 478 
439 295 227 
307 456 211 
339 367 353 
69 57 278 
313 228 149 
250 484 275 
163 331 437 
40 282 254 
391 403 405 
10 224 180 
425 294 236 
258 150 346 
158 323 59 
197 13 174 
369 448 274 
39 244 29 
257 51 8 
31 296 372 
282 142 243 
115 31 431 
15 269 336 
195 178 116 
262 433 395 
184 305 485 
39 302 95 
258 175 144 
49 172 246 
78 440 225 
251 118 115 
195 173 4 
242 87 487 
153 64 476 
198 78 207 
211 42 460 
257 431 125 
476 11 329 
63 485 352 
110 135 173 
423 152 475 
101 435 431 
267 489 105 
330 321 253 
349 11 237 
106 222 328 
188 352 282 
267 89 388 
201 337 439 
443 451 31 
172 8 226 
233 252 339 
147 408 439 
174 64 68 
276 479 163 
335 281 196 
381 154 316 
4 41 198 
413 491 418 
129 355 498 
252 331 81 
257 452 328 
425 458 74 
393 435 439 
200 428 329 
272 389 224 
312 38 411 
267 399 324 
406 238 15 
73 477 439 
98 286 356 
206 214 146 
25 260 238 
332 214 391 
141 189 287 
39 175 384 
408 123 264 
27 281 239 
16 188 57 
149 293 344 
270 288 29 
467 471 269 
471 43 398 
206 137 167 
353 464 248 
284 147 233 
299 479 152 
38 455 72 
205 284 328 
312 42 210 
86 462 462 
367 75 393 
213 246 496 
78 266 162 
327 292 380 
393 179 183 
440 385 0 
316 344 51 
23 215 86 
40 334 283 
236 201 49 
279 320 410 
100 68 74 
243 457 434 
173 15 174 
11 479 167 
276 126 284 
364 375 121 
82 345 430 
252 456 251 
431 375 156 
114 72 322 
268 401 9 
19 293 103 
398 88 311 
402 190 116 
330 341 230 
378 237 169 
424 89 4 
92 491 150 
259 43 51 
366 206 330 
38 435 315 
378 462 464 
287 370 63 
386 97 167 
278 99 64 
15 393 450 
406 181 497 
227 87 120 
37 189 252 
270 357 150 
298 375 171 
367 15 103 
10 325 128 
408 109 124 
126 141 79 
224 394 453 
76 482 143 
488 137 153 
430 413 490 
334 414 156 
117 289 0 
243 451 185 
110 496 182 
456 395 470 
230 245 482 
309 436 59 
144 227 169 
271 249 250 
134 105 447 
176 441 476 
498 155 40 
212 351 233 
405 234 344 
83 205 359 
154 70 327 
265 54 11 
390 163 10 
450 411 396 
399 418 245 
12 488 356 
261 375 142 
349 470 267 
172 317 399 
473 307 394 
32 207 135 
406 140 397 
312 346 312 
386 407 493 
78 442 269 
289 129 90 
114 436 464 
452 200 210 
362 446 75 
235 428 154 
413 485 170 
416 119 189 
254 160 454 
471 103 406 
12 91 306 
20 312 42 
122 231 469 
394 29 91 
259 383 176 
29 60 92 
448 30 445 
374 204 218 
21 319 147 
138 40 278 
438 57 333 
418 363 34 
95 74 257 
187 129 365 
4 386 264 
40 122 212 
446 386 359 
100 444 323 
66 441 403 
272 4 224 
12 430 282 
333 30 409 
77 101 18 
41 114 374 
21 442 405 
111 18 377 
185 22 314 
123 225 41 
261 348 459 
25 15 380 
14 358 348 
432 79 15 
155 265 472 
265 37 194 
48 436 206 
11 296 122 
361 89 20 
149 224 370 
94 228 96 
390 479 62 
10 476 127 
50 400 255 
488 499 47 
480 24 256 
301 227 272 
429 136 430 
169 18 265 
117 148 444 
372 359 426 
477 261 477 
479 255 468 
167 221 167 
218 184 485 
293 411 16 
49 256 165 
441 161 116 
275 405 448 
231 455 92 
48 282 6 
206 286 197 
128 281 239 
370 9 496 
454 78 408 
479 99 149 
27 311 287 
49 361 159 
340 423 494 
194 405 122 
390 388 381 
416 481 427 
160 347 102 
257 234 393 
280 273 384 
317 273 368 
234 379 347 
455 395 438 
489 39 32 
256 183 100 
384 338 386 
478 462 275 
22 466 361 
404 458 66 
340 226 438 
281 477 179 
85 486 53 
102 395 163 
3 335 218 
117 354 136 
480 123 105 
220 247 409 
477 345 289 
464 273 299 
489 39 7 
11 151 69 
327 305 113 
110 269 124 
86 339 76 
277 363 99 
486 455 170 
280 108 151 
274 403 386 
471 130 108 
88 308 346 
134 268 417 
187 7 81 
210 396 483 
489 147 241 
352 482 167 
65 79 303 
226 256 125 
185 199 486 
449 382 325 
196 246 411 
248 485 261 
45 468 26 
41 438 407 
190 382 210 
417 444 260 
418 466 46 
341 201 311 
344 268 416 
53 279 474 
460 87 209 
342 272 194 
218 308 62 
436 223 1 
296 67 475 
127 71 196 
427 429 194 
257 176 475 
161 166 52 
304 62 376 
150 87 485 
412 415 284 
480 103 273 
264 102 413 
371 113 306 
70 112 146 
313 25 97 
402 287 164 
18 319 243 
433 329 77 
189 108 34 
408 381 406 
198 312 232 
286 443 101 
314 463 386 
156 359 209 
320 58 495 
464 55 387 
174 316 405 
85 470 111 
59 287 286 
222 475 337 
427 268 200 
431 386 216 
351 466 313 
249 132 79 
305 15 399 
480 306 354 
401 356 57 
64 131 51 
54 180 65 
330 73 238 
317 133 204 
57 119 236 
83 219 70 
453 244 225 
260 120 235 
245 478 51 
41 340 67 
197 126 140 
210 475 44 
247 301 339 
447 27 317 
45 7 42 
385 411 356 
394 74 207 
119 221 351 
181 61 98 
260 312 81 
293 53 75 
475 69 394 
37 72 50 
337 44 306 
45 370 64 
228 440 467 
196 135 482 
181 475 485 
343 177 88 
51 278 189 
83 369 240 
130 44 454 
71 217 115 
229 275 98 
363 387 296 
125 247 412 
53 136 283 
258 361 358 
331 58 205 
394 427 5 
50 113 115 
2 157 267 
250 189 73 
93 310 284 
295 339 171 
423 114 300 
294 367 10 
79 424 456 
175 258 52 
183 476 118 
469 299 373 
69 9 376 
263 0 244 
150 455 89 
385 432 258 
462 432 136 
40 449 228 
360 491 111 
264 308 3 
200 269 423 
320 188 498 
217 56 212 
309 70 372 
173 294 443 
13 110 178 
278 348 33 
54 496 12 
311 282 204 
496 293 401 
332 13 4 
111 260 493 
445 499 243 
466 426 398 
368 58 497 
336 390 136 
150 190 461 
165 293 282 
337 253 74 
252 499 69 
241 457 154 
202 422 242 
27 287 473 
382 49 167 
320 133 51 
422 17 394 
38 480 11 
453 366 197 
202 298 281 
116 83 425 
95 5 291 
127 312 413 
87 457 74 
478 372 137 
295 412 305 
182 63 265 
41 349 450 
336 85 410 
216 340 192 
496 151 24 
373 206 223 
314 414 499 
113 3 354 
17 381 270 
73 106 161 
465 65 284 
175 369 477 
468 144 444 
98 350 308 
138 258 251 
166 85 232 
367 441 363 
283 341 9 
78 143 310 
119 95 278 
395 303 76 
144 276 416 
295 249 454 
331 17 436 
360 370 330 
237 31 380 
288 145 159 
349 131 382 
318 19 181 
398 343 29 
260 321 51 
97 387 295 
498 289 75 
448 93 387 
390 414 470 
373 178 237 
48 255 216 
423 95 424 
447 175 268 
441 2 136 
109 214 307 
443 23 343 
294 333 297 
55 156 439 
409 495 499 
281 13 121 
276 366 390 
85 110 354 
419 162 476 
469 9 254 
229 204 476 
219 394 447 
5 406 424 
254 122 321 
88 122 384 
37 317 171 
260 123 466 
483 366 141 
389 334 486 
202 96 282 
364 74 134 
391 139 467 
418 99 99 
36 193 303 
61 84 262 
317 235 412 
187 402 77 
407 118 30 
158 127 170 
348 265 204 
184 452 105 
157 194 391 
435 299 307 
185 207 150 
266 466 25 
319 305 11 
355 124 250 
142 61 212 
221 209 48 
402 243 155 
463 113 172 
260 180 391 
453 274 156 
146 25 282 
99 68 186 
257 123 487 
111 154 343 
81 117 289 
3 330 251 
304 351 268 
311 159 94 
209 28 293 
238 432 249 
451 357 65 
128 333 470 
39 25 180 
230 87 26 
292 267 395 
360 441 412 
230 228 409 
275 316 212 
336 220 307 
200 409 49 
496 361 407 
131 315 324 
264 408 429 
204 481 400 
368 147 181 
123 46 212 
337 428 196 
116 114 32 
342 262 307 
121 8 479 
498 83 239 
2 412 186 
37 269 185 
102 464 214 
482 115 494 
182 207 411 
102 61 209 
107 291 203 
397 71 326 
405 151 458 
367 147 17 
363 125 134 
20 205 179 
387 173 466 
458 72 355 
291 12 303 
8 152 339 
193 466 320 
320 232 424 
82 120 450 
73 147 285 
70 430 89 
162 37 43 
293 20 221 
472 258 212 
81 366 161 
486 274 34 
36 493 42 
71 283 202 
109 243 351 
168 28 67 
384 465 438 
44 81 310 
37 139 457 
448 53 250 
105 107 418 
133 421 465 
123 391 317 
132 120 204 
74 70 0 
228 193 358 
48 123 232 
128 93 173 
151 497 105 
154 383 72 
193 410 227 
185 470 223 
187 429 330 
215 162 125 
102 26 251 
407 239 489 
144 278 201 
36 64 165 
264 199 391 
475 350 115 
389 308 271 
253 464 112 
313 84 86 
17 355 416 
27 190 124 
423 358 374 
376 423 368 
344 224 111 
99 233 136 
343 222 229 
138 279 363 
431 321 267 
364 115 184 
177 11 238 
257 152 68 
472 151 49 
257 7 20 
354 426 240 
28 103 58 
195 367 480 
191 221 309 
132 310 310 
368 136 59 
281 178 353 
373 103 82 
8 181 307 
370 452 126 
29 31 326 
76 266 101 
328 25 244 
254 364 106 
140 414 444 
406 304 128 
48 406 68 
116 460 61 
40 332 400 
343 68 458 
50 338 464 
69 326 460 
463 152 402 
348 484 132 
137 123 242 
105 327 355 
106 477 422 
172 343 77 
158 231 459 
437 28 352 
89 370 189 
168 473 466 
215 37 85 
132 330 418 
486 35 104 
130 432 295 
435 292 23 
323 123 377 
49 137 124 
483 45 431 
247 46 435 
2 200 357 
192 210 197 
403 357 318 
298 284 402 
238 145 327 
348 207 298 
42 372 314 
203 441 204 
149 41 208 
57 427 302 
264 99 471 
136 177 332 
493 328 50 
75 197 9 
289 217 96 
236 491 191 
17 371 108 
164 117 38 
372 215 404 
129 394 468 
229 33 378 
163 428 364 
291 249 166 
328 226 136 
469 116 250 
479 479 24 
157 294 126 
18 55 180 
334 11 374 
330 195 497 
159 81 157 
164 169 129 
34 184 364 
160 115 76 
107 378 39 
449 399 247 
413 434 81 
243 109 220 
363 171 15 
427 144 57 
221 492 437 
430 75 199 
223 51 371 
400 479 345 
498 209 350 
222 358 395 
31 262 292 
198 155 236 
119 168 43 
22 394 266 
324 471 170 
174 405 187 
182 137 242 
119 206 25 
494 219 97 
11 342 309 
191 470 459 
215 254 120 
63 295 203 
386 9 153 
197 444 412 
238 371 139 
206 353 456 
187 140 359 
349 177 199 
63 322 146 
131 261 469 
447 259 411 
444 247 41 
426 129 163 
218 471 377 
437 467 369 
447 352 57 
304 260 261 
227 45 424 
119 30 80 
406 277 313 
196 196 308 
398 121 482 
37 230 260 
74 46 321 
180 482 0 
273 104 307 
440 66 243 
345 263 30 
447 55 88 
328 187 125 
198 76 316 
281 84 493 
386 400 276 
368 100 462 
223 276 229 
181 14 103 
67 486 407 
464 362 377 
104 178 71 
252 370 493 
187 219 343 
484 459 191 
392 444 341 
406 57 345 
372 131 22 
63 410 391 
163 131 98 
8 234 168 
406 46 181 
357 476 24 
348 397 49 
348 240 250 
55 243 314 
50 363 371 
395 32 351 
400 260 432 
210 459 387 
163 325 474 
264 398 387 
269 206 252 
113 373 270 
487 140 484 
127 189 362 
416 437 212 
331 221 492 
29 96 334 
336 285 57 
284 429 42 
41 291 129 
477 204 10 
351 432 480 
302 133 240 
85 42 30 
72 106 450 
225 110 154 
63 418 196 
429 499 142 
407 21 50 
251 336 372 
64 145 82 
234 389 120 
44 260 144 
363 175 320 
452 466 425 
85 470 102 
263 263 220 
278 482 13 
302 162 157 
195 300 295 
209 19 492 
61 429 300 
418 364 168 
397 434 147 
54 360 17 
31 400 290 
240 413 16 
483 453 275 
445 56 496 
293 136 457 
132 453 249 
82 96 332 
113 115 337 
176 496 158 
464 194 282 
401 160 9 
447 40 390 
61 365 406 
375 295 487 
45 60 446 
300 347 416 
351 4 397 
6 322 427 
326 205 480 
184 165 167 
194 378 240 
466 268 35 
389 394 303 
209 343 108 
368 363 138 
15 429 488 
168 381 231 
215 260 361 
404 291 162 
300 56 109 
373 154 410 
4 305 396 
207 141 472 
340 33 429 
286 405 247 
405 434 24 
147 185 165 
207 239 401 
180 390 184 
12 126 229 
151 386 374 
258 366 141 
247 408 475 
248 301 119 
229 201 296 
134 420 473 
109 391 95 
447 174 255 
229 497 347 
40 320 235 
219 331 27 
90 392 2 
182 424 90 
3 128 328 
95 159 474 
192 249 243 
343 19 27 
217 121 101 
350 195 157 
201 490 336 
160 51 336 
467 458 95 
243 447 439 
206 108 169 
165 309 444 
365 49 183 
252 428 207 
292 320 225 
17 448 205 
259 57 121 
410 400 378 
134 194 386 
189 364 251 
259 432 399 
322 209 88 
135 23 324 
493 178 34 
240 406 187 
484 288 192 
27 296 169 
291 207 169 
391 448 177 
44 14 419 
254 36 197 
238 187 226 
405 215 75 
32 184 194 
180 442 49 
70 36 203 
473 469 444 
198 28 288 
220 197 354 
430 479 359 
92 186 67 
478 274 35 
409 344 276 
231 7 487 
430 452 314 
417 233 27 
414 189 140 
264 164 396 
160 312 269 
224 352 318 
302 159 44 
312 81 425 
293 205 425 
119 269 252 
405 44 122 
400 275 74 
86 187 164 
194 62 242 
414 458 356 
303 177 340 
186 254 103 
491 410 330 
470 133 107 
147 357 264 
294 485 404 
271 422 121 
404 114 38 
4 391 187 
386 254 392 
159 454 220 
76 343 271 
489 26 188 
333 395 448 
431 346 446 
487 59 193 
12 124 488 
149 51 145 
488 466 7 
244 162 125 
444 51 324 
