1000
3
263 338 284 
273 380 202 
80 39 288 
231 11 420 
204 72 1 
295 172 62 
47 220 464 
496 331 164 
402 429 85 
435 157 3 
355 51 395 
437 309 409 
256 394 319 
333 499 105 
88 164 235 
66 465 494 
95 387 487 
222 190 248 
177 285 155 
273 395 66 
348 361 92 
25 266 76 
459 475 101 
47 134 462 
274 452 487 
339 499 490 
400 336 319 
490 269 341 
19 299 70 
86 405 229 
108 455 259 
148 420 220 
304 221 299 
120 140 14 
452 70 401 
494 96 69 
139 364 249 
242 496 493 
223 88 224 
174 371 465 
321 400 26 
92 235 459 
406 133 93 
178 248 430 
308 461 266 
132 112 493 
483 411 320 
205 110 191 
470 162 140 
78 217 220 
291 339 456 
220 311 194 
116 486 247 
208 5 220 
194 258 426 
466 40 420 
75 174 329 
271 164 423 
260 244 337 
194 220 437 
69 137 208 
239 8 103 
53 50 17 
66 167 452 
100 35 13 
48 345 340 
53 403 285 
332 40 495 
159 405 178 
80 464 200 
463 412 84 
265 203 303 
34 474 292 
442 386 197 
445 81 377 
298 465 197 
189 76 22 
237 352 321 
178 25 100 
372 338 388 
313 450 130 
231 358 233 
215 183 86 
293 6 68 
87 89 210 
272 58 411 
35 359 403 
264 451 45 
326 151 230 
86 431 118 
205 47 158 
74 479 114 
428 307 109 
12 72 211 
52 470 353 
210 266 365 
417 204 313 
179 242 486 
372 52 280 
471 156 35 
53 318 10 
50 5 473 
284 433 370 
222 369 449 
11 382 227 
378 4 46 
148 343 335 
222 421 282 
243 470 296 
1 79 32 
472 226 437 
24 163 53 
68 75 176 
83 171 87 
402 171 421 
20 110 2 
258 63 381 
359 161 8 
414 330 113 
126 279 113 
485 216 82 
113 303 96 
205 383 392 
367 119 98 
223 44 69 
270 72 402 
205 0 446 
472 332 236 
489 80 488 
297 212 156 
475 143 227 
489 3 59 
252 31 91 
384 129 359 
401 413 31 
240 374 261 
198 355 100 
374 5 334 
291 371 296 
348 115 93 
105 27 258 
480 101 36 
389 11 68 
212 466 181 
359 477 122 
340 166 99 
28 336 365 
73 367 6 
1 155 452 
499 358 81 
236 432 291 
376 252 471 
418 173 402 
415 217 96 
130 314 166 
46 443 343 
332 477 32 
428 39 382 
2 179 114 
173 387 269 
299 371 65 
324 123 169 
151 125 404 
172 485 90 
377 169 82 
202 274 441 
454 202 194 
439 422 185 
478 487 382 
268 307 132 
1 292 39 
26 164 71 
140 220 265 
169 378 76 
202 107 4 
233 3 481 
215 140 113 
150 219 440 
385 478 155 
260 277 487 
104 150 186 
129 425 469 
436 147 498 
476 2 20 
91 74 30 
380 21 475 
33 57 316 
73 255 41 
456 169 454 
48 326 260 
277 139 5 
37 226 160 
7 437 221 
414 410 386 
224 93 57 
270 479 224 
224 312 375 
339 427 101 
116 184 192 
200 489 122 
359 401 469 
432 420 372 
456 56 135 
402 227 483 
83 281 393 
153 414 308 
475 283 338 
59 294 149 
50 384 384 
75 419 311 
277 413 422 
393 473 393 
214 371 61 
305 267 256 
90 257 470 
37 181 208 
459 136 284 
244 230 388 
398 99 423 
146 400 178 
34 142 147 
52 166 137 
54 104 193 
95 88 468 
297 186 259 
374 14 50 
38 89 341 
381 220 397 
393 95 54 
193 352 434 
222 354 81 
239 343 348 
89 40 318 
272 100 139 
342 225 390 
33 20 425 
152 489 206 
136 230 72 
26 181 342 
24 3 205 
350 437 440 
109 378 288 
488 72 181 
392 331 497 
344 375 291 
43 434 62 
207 230 275 
473 449 215 
367 413 70 
100 149 340 
397 430 269 
147 29 220 
307 216 239 
237 148 199 
0 99 432 
380 223 362 
194 98 175 
77 39 306 
284 127 4 
200 113 54 
471 251 275 
458 433 156 
381 435 68 
303 192 86 
172 286 97 
42 56 57 
341 472 459 
0 272 289 
81 361 211 
422 0 144 
361 495 355 
43 342 217 
182 223 160 
103 40 298 
162 132 454 
209 110 350 
73 338 166 
474 64 278 
102 76 336 
400 66 484 
209 450 64 
3 434 110 
214 456 4 
182 290 30 
435 200 38 
259 391 428 
43 227 223 
339 393 282 
152 294 278 
189 268 57 
408 32 102 
482 261 74 
303 99 58 
274 375 75 
160 214 438 
349 391 314 
465 2 176 
449 412 409 
131 52 91 
186 206 104 
294 156 234 
447 150 240 
276 200 286 
386 227 456 
206 227 420 
297 44 366 
162 29 361 
136 330 496 
482 499 468 
311 12 442 
128 345 466 
223 427 148 
339 280 257 
85 36 288 
316 498 75 
81 448 457 
221 321 123 
465 155 246 
200 160 385 
393 395 160 
85 172 131 
108 202 112 
333 208 187 
89 308 378 
368 35 127 
435 372 195 
491 72 142 
40 78 394 
190 376 493 
450 140 223 
85 15 452 
362 323 101 
44 10 417 
314 351 112 
430 221 83 
402 289 424 
351 35 441 
156 235 447 
178 355 296 
306 267 356 
467 322 262 
90 126 437 
20 204 432 
154 410 467 
87 413 233 
323 168 30 
149 64 106 
490 331 123 
83 224 456 
448 220 487 
194 475 287 
417 17 412 
48 357 499 
85 265 79 
266 379 235 
120 227 160 
43 157 477 
475 30 276 
415 287 166 
489 415 447 
109 412 64 
491 487 369 
447 171 208 
106 170 285 
251 73 222 
457 31 24 
283 177 133 
318 70 211 
259 52 75 
23 244 125 
416 197 360 
145 263 217 
136 452 156 
259 239 391 
359 274 163 
40 325 437 
179 426 153 
84 237 257 
180 197 69 
311 97 326 
434 261 99 
348 66 209 
401 87 236 
368 339 245 
213 361 57 
353 252 81 
349 44 195 
394 133 250 
416 46 346 
184 64 490 
187 118 76 
40 44 12 
329 86 256 
122 78 56 
89 133 405 
292 188 338 
463 150 475 
170 475 248 
220 392 81 
110 249 177 
240 426 4 
214 384 254 
46 45 366 
434 15 435 
52 293 334 
10 125 348 
332 50 43 
494 426 118 
374 480 24 
204 8 292 
312 203 172 
438 484 286 
157 87 202 
25 345 370 
438 404 286 
334 89 276 
152 201 273 
275 436 190 
264 108 126 
81 163 39 
150 33 180 
419 82 237 
116 377 108 
72 423 335 
158 450 217 
107 8 395 
31 316 445 
334 63 422 
91 32 30 
365 393 216 
16 338 459 
255 445 432 
316 222 478 
373 303 451 
114 61 357 
133 9 2 
39 124 68 
250 58 392 
483 76 251 
15 351 353 
388 97 15 
435 29 492 
302 164 268 
158 480 465 
90 147 315 
75 98 345 
312 431 179 
317 99 277 
17 231 0 
423 37 215 
140 447 312 
260 340 444 
238 424 440 
459 376 333 
133 129 103 
497 265 146 
452 196 264 
368 115 15 
389 306 323 
255 106 88 
396 169 325 
108 55 45 
51 99 458 
321 431 102 
173 342 9 
45 429 495 
141 441 449 
291 332 83 
95 305 182 
208 361 491 
301 244 380 
43 201 283 
342 363 73 
126 172 185 
95 117 251 
118 420 321 
105 388 99 
233 407 265 
92 310 231 
8 353 472 
309 232 65 
309 54 112 
469 221 409 
79 280 384 
300 451 495 
431 214 26 
74 421 253 
348 102 14 
152 168 72 
127 180 343 
51 93 492 
394 70 305 
449 69 353 
457 343 437 
70 272 443 
371 3 80 
478 496 12 
193 121 175 
299 219 442 
278 457 45 
470 110 127 
140 57 237 
85 122 114 
452 52 304 
298 136 326 
160 72 394 
105 369 447 
288 16 397 
452 198 330 
401 210 304 
97 339 244 
185 282 408 
318 269 61 
154 24 196 
371 33 121 
254 204 495 
495 195 231 
14 405 348 
160 93 498 
392 258 451 
16 186 182 
419 282 380 
352 326 346 
157 469 452 
52 405 270 
393 7 181 
185 365 325 
302 6 206 
488 170 415 
269 132 198 
100 293 84 
15 267 424 
436 324 289 
170 285 66 
27 279 128 
391 372 80 
426 390 87 
93 254 208 
481 50 39 
267 453 182 
341 462 88 
369 78 361 
352 346 344 
148 360 343 
290 352 351 
197 227 147 
118 337 4 
217 228 157 
352 327 377 
233 28 107 
70 230 269 
174 253 28 
402 22 101 
104 15 401 
466 117 202 
443 315 445 
70 88 132 
12 42 137 
74 60 162 
377 330 348 
253 389 335 
214 253 26 
264 485 388 
115 270 236 
243 25 398 
29 422 227 
292 154 387 
303 493 94 
193 100 247 
494 357 98 
255 466 23 
187 62 310 
288 412 193 
261 119 368 
40 277 179 
138 49 347 
108 215 387 
214 374 90 
410 147 411 
292 314 459 
171 20 129 
160 454 495 
129 75 199 
470 499 107 
125 76 277 
19 44 152 
471 490 473 
308 307 312 
346 267 406 
338 429 430 
227 111 224 
309 215 313 
351 242 295 
75 293 491 
279 205 316 
12 131 166 
101 81 88 
319 269 114 
328 20 179 
446 299 459 
238 129 75 
422 458 88 
471 158 412 
132 180 51 
311 431 80 
87 150 476 
53 250 262 
91 295 465 
164 496 394 
466 454 21 
3 484 4 
187 8 124 
308 230 155 
415 409 484 
232 148 64 
243 244 70 
181 20 263 
355 200 149 
177 460 182 
272 309 362 
258 362 18 
370 246 258 
172 353 439 
389 155 230 
304 484 311 
24 220 354 
457 369 434 
20 145 249 
255 491 405 
186 275 208 
178 283 344 
184 97 116 
284 39 438 
485 493 207 
465 430 160 
182 322 4 
372 416 19 
241 425 179 
232 120 293 
14 404 408 
438 301 211 
291 386 479 
440 179 305 
142 326 80 
106 348 34 
133 225 114 
88 177 303 
258 399 118 
146 382 450 
36 460 213 
494 17 257 
263 214 189 
99 244 427 
434 11 174 
472 54 252 
54 229 259 
198 210 148 
197 393 250 
125 43 149 
217 241 433 
136 16 410 
26 46 489 
62 457 93 
146 117 118 
64 369 448 
403 366 195 
304 202 201 
272 188 306 
223 178 377 
384 202 404 
472 200 172 
256 193 42 
75 388 415 
307 208 345 
103 170 177 
117 279 83 
229 230 224 
211 60 406 
439 471 405 
226 118 475 
228 395 407 
175 156 271 
359 175 438 
77 185 40 
388 13 16 
20 150 443 
491 70 315 
112 25 236 
20 106 310 
59 317 112 
225 117 81 
25 162 303 
397 120 31 
381 48 397 
272 374 58 
339 389 452 
451 234 126 
21 216 199 
50 489 437 
144 395 196 
425 406 5 
212 151 395 
173 52 470 
264 118 109 
445 163 317 
82 306 194 
430 339 84 
228 447 334 
142 481 88 
241 283 86 
12 272 53 
427 455 4 
0 41 25 
375 8 408 
392 102 461 
458 458 152 
122 343 391 
284 17 435 
70 206 24 
142 286 37 
46 222 111 
369 424 420 
223 372 286 
391 141 398 
142 73 112 
17 152 309 
429 104 249 
236 499 444 
342 472 427 
474 75 228 
209 280 198 
253 478 422 
330 484 401 
193 310 216 
20 398 484 
107 203 306 
138 241 281 
170 368 223 
243 255 382 
147 147 408 
229 133 469 
351 223 295 
436 335 100 
219 24 482 
301 313 360 
60 319 144 
177 4 379 
230 466 351 
205 491 70 
132 203 131 
44 361 18 
24 222 337 
309 316 6 
451 489 221 
344 276 385 
474 345 218 
126 210 313 
323 22 483 
349 165 232 
73 477 136 
396 98 200 
46 17 477 
15 203 115 
251 274 436 
6 439 275 
423 87 95 
489 373 169 
244 180 485 
265 53 48 
337 127 175 
216 218 492 
50 350 217 
62 209 297 
256 171 366 
494 141 118 
399 195 129 
246 427 305 
58 473 438 
206 367 78 
493 53 436 
241 75 446 
6 376 156 
250 496 358 
471 259 425 
399 123 412 
326 209 188 
229 369 208 
208 406 175 
46 1 258 
311 339 452 
30 220 355 
209 64 137 
192 424 4 
497 412 287 
358 18 200 
358 386 203 
32 123 88 
73 336 484 
187 10 251 
228 109 405 
194 237 169 
23 15 451 
454 235 401 
341 32 342 
216 206 226 
254 351 373 
3 348 442 
174 441 409 
465 228 396 
450 40 335 
111 140 108 
131 329 167 
193 99 231 
271 217 304 
187 474 459 
447 426 409 
174 154 451 
141 76 496 
88 182 149 
423 245 414 
109 322 219 
337 461 289 
407 329 475 
148 356 482 
312 398 7 
208 17 454 
83 48 442 
43 306 2 
477 373 12 
16 406 163 
386 128 27 
282 210 119 
417 316 213 
346 340 219 
441 256 344 
128 34 2 
440 47 113 
275 251 265 
101 115 110 
117 206 422 
345 162 191 
227 194 498 
299 399 52 
328 125 33 
405 74 74 
95 240 165 
463 334 318 
147 179 405 
124 359 311 
172 413 129 
294 484 271 
81 305 394 
253 286 420 
193 306 128 
245 381 52 
343 225 390 
20 211 486 
166 483 465 
290 363 447 
424 87 13 
245 176 95 
392 362 60 
126 483 60 
219 230 163 
323 410 23 
120 189 241 
105 51 23 
292 52 473 
350 141 286 
200 11 207 
447 210 471 
407 342 379 
67 115 496 
69 84 255 
436 316 42 
156 254 368 
491 69 368 
422 115 490 
491 483 235 
347 206 396 
447 265 202 
159 453 360 
75 375 82 
9 438 84 
120 445 116 
210 365 295 
130 383 106 
138 127 412 
258 373 273 
308 471 224 
51 377 185 
414 221 228 
307 397 449 
0 450 115 
456 439 384 
234 27 473 
362 34 360 
396 315 120 
282 281 49 
339 28 15 
497 43 477 
396 287 257 
94 450 276 
478 409 117 
477 65 59 
80 181 56 
176 302 82 
299 110 283 
485 251 332 
152 492 286 
482 414 86 
444 475 168 
298 396 415 
119 128 61 
87 299 478 
483 17 266 
390 374 389 
329 474 256 
302 383 300 
88 126 237 
324 455 138 
52 265 272 
138 38 139 
117 198 440 
364 248 10 
342 12 416 
300 193 420 
392 271 349 
328 242 131 
150 321 302 
88 137 411 
114 144 301 
262 350 278 
261 412 417 
453 226 39 
58 95 228 
49 293 407 
493 54 486 
377 215 121 
425 349 243 
111 325 213 
56 277 35 
473 397 390 
230 202 279 
338 412 323 
455 105 339 
481 408 107 
431 173 218 
392 445 321 
290 41 421 
52 102 367 
498 270 369 
296 341 423 
8 24 84 
403 232 117 
409 208 224 
275 408 358 
128 447 359 
17 464 299 
136 336 402 
208 37 4 
79 296 99 
99 389 391 
329 352 74 
301 197 181 
353 120 393 
109 498 493 
336 351 8 
13 412 404 
15 183 76 
153 29 117 
434 357 194 
315 146 283 
107 430 215 
463 359 316 
416 175 206 
201 408 352 
175 373 451 
223 193 350 
476 27 127 
42 275 41 
472 298 208 
240 79 123 
15 255 452 
312 59 232 
239 189 354 
430 430 439 
94 491 445 
421 6 496 
387 103 157 
183 0 294 
139 192 314 
374 335 372 
122 264 180 
474 115 98 
413 339 238 
245 249 106 
293 97 51 
341 338 193 
35 391 153 
