1000
3
463 471 5 
331 357 262 
95 71 34 
53 152 359 
245 305 317 
472 110 67 
284 258 219 
93 254 239 
198 59 44 
189 400 278 
262 448 226 
288 251 327 
260 214 257 
315 372 120 
144 379 106 
489 91 415 
482 135 461 
475 490 158 
402 143 483 
406 71 273 
139 472 28 
477 433 182 
181 365 260 
226 424 409 
465 224 311 
277 1 92 
405 214 16 
7 186 103 
289 343 180 
388 466 57 
22 58 190 
124 376 103 
90 464 1 
465 190 196 
322 458 467 
179 235 490 
78 237 224 
460 382 397 
138 424 223 
411 492 346 
391 52 305 
88 226 223 
379 246 339 
87 402 275 
241 263 360 
457 124 71 
25 446 210 
84 144 289 
470 335 245 
132 4 366 
429 248 441 
219 496 295 
150 99 245 
15 150 220 
81 103 426 
304 309 363 
293 25 62 
413 280 257 
117 43 82 
335 43 281 
65 469 444 
54 394 57 
415 160 351 
3 365 105 
492 88 220 
425 424 166 
195 383 46 
52 69 131 
52 437 30 
119 495 257 
253 13 401 
55 360 290 
496 239 474 
269 184 331 
76 385 113 
138 348 342 
91 457 335 
130 215 158 
94 349 439 
143 148 283 
45 443 245 
50 208 284 
454 393 329 
161 34 195 
326 372 6 
467 29 65 
198 64 228 
21 244 236 
144 145 185 
345 476 91 
222 219 352 
27 229 487 
471 228 390 
114 95 75 
157 363 448 
317 22 498 
40 424 437 
204 394 23 
288 312 321 
474 102 212 
128 482 353 
366 352 150 
472 176 82 
276 336 450 
211 104 137 
251 374 42 
493 222 338 
228 369 242 
429 477 40 
334 365 265 
189 67 18 
154 317 197 
225 380 186 
328 448 359 
139 180 101 
213 29 276 
245 243 275 
240 199 60 
486 386 430 
410 59 335 
454 349 135 
368 10 346 
70 491 278 
29 451 109 
61 161 480 
149 401 446 
473 451 160 
361 327 388 
378 14 304 
21 281 291 
46 131 302 
344 483 377 
217 291 31 
441 173 0 
320 226 181 
171 378 100 
371 63 65 
90 56 135 
446 21 277 
124 292 101 
29 346 189 
97 419 80 
328 364 94 
191 361 55 
268 159 87 
291 37 156 
290 443 159 
411 438 487 
392 118 328 
363 398 112 
192 471 134 
322 27 334 
379 134 28 
259 318 373 
479 440 441 
192 98 160 
141 484 244 
378 441 492 
298 36 256 
56 100 372 
359 247 422 
296 357 147 
13 61 279 
122 147 44 
8 409 170 
352 486 51 
476 41 232 
127 27 378 
281 348 179 
219 469 495 
39 197 374 
288 85 150 
497 498 439 
386 339 459 
43 353 417 
339 354 88 
288 462 185 
101 170 138 
360 26 90 
152 496 442 
174 430 49 
429 276 422 
393 231 406 
489 393 379 
499 466 17 
404 280 496 
278 471 19 
191 165 214 
455 180 119 
3 70 135 
261 351 432 
350 417 373 
345 40 58 
277 333 191 
270 269 55 
83 94 83 
225 83 471 
447 420 315 
92 479 364 
69 487 389 
411 491 458 
125 22 421 
60 268 149 
83 201 262 
481 73 126 
259 159 114 
157 177 289 
449 241 61 
144 246 31 
69 249 278 
125 203 206 
174 332 3 
320 249 113 
195 144 39 
320 236 331 
5 255 303 
135 251 170 
437 451 132 
215 111 490 
216 336 350 
305 446 61 
26 231 141 
169 7 499 
170 330 209 
6 479 377 
149 42 238 
303 317 419 
161 417 65 
315 494 207 
65 57 321 
473 443 4 
97 78 93 
155 320 315 
120 150 166 
377 364 442 
253 103 79 
138 68 450 
326 314 470 
454 364 182 
358 78 54 
417 408 117 
184 403 327 
313 121 380 
71 65 337 
382 107 70 
476 110 451 
254 368 72 
303 354 213 
22 448 46 
357 76 109 
235 203 425 
342 320 449 
445 437 418 
421 334 141 
51 104 394 
192 474 422 
9 386 2 
147 307 164 
69 67 389 
431 311 190 
147 485 260 
263 151 499 
390 162 162 
182 44 281 
23 91 361 
484 6 165 
193 474 110 
157 27 336 
452 250 467 
144 120 25 
303 282 38 
185 437 87 
185 398 88 
127 111 286 
452 139 170 
233 71 313 
187 259 363 
159 486 210 
82 154 446 
238 21 55 
375 120 145 
177 126 418 
348 110 368 
309 224 341 
203 110 66 
272 147 131 
498 383 385 
65 187 325 
374 387 13 
99 2 290 
23 428 10 
389 249 387 
429 313 178 
229 360 190 
264 218 423 
168 229 183 
381 356 304 
162 338 179 
433 285 68 
477 2 82 
247 496 285 
216 173 56 
207 224 70 
35 186 371 
218 222 363 
119 494 387 
298 398 438 
121 51 46 
12 402 271 
179 369 108 
480 239 325 
224 422 495 
132 253 387 
240 194 336 
334 425 56 
97 245 381 
137 328 172 
313 152 463 
378 147 451 
449 211 106 
5 336 187 
290 257 352 
119 356 51 
431 78 99 
8 86 27 
158 34 470 
34 234 255 
69 185 353 
476 243 333 
445 458 0 
394 163 491 
8 319 382 
382 482 160 
292 74 63 
223 465 213 
391 169 143 
430 306 90 
199 232 196 
315 421 414 
64 260 368 
405 443 423 
133 401 9 
277 229 84 
293 460 78 
280 417 205 
6 228 362 
279 172 63 
253 246 253 
457 304 466 
82 94 340 
444 140 345 
139 415 13 
194 315 427 
430 100 309 
220 187 7 
305 430 26 
433 495 270 
28 221 299 
192 226 397 
162 367 104 
468 141 71 
281 121 307 
374 466 401 
150 139 385 
493 351 407 
198 445 295 
301 9 61 
63 186 103 
495 52 178 
132 256 20 
326 158 296 
340 343 431 
25 323 279 
317 248 458 
180 246 476 
186 122 112 
108 378 91 
291 119 176 
102 166 3 
411 299 105 
35 157 131 
181 54 128 
103 454 306 
231 432 289 
361 82 126 
13 136 390 
145 288 162 
175 114 256 
448 297 195 
473 71 218 
99 295 22 
301 433 16 
442 144 319 
330 72 480 
374 411 310 
23 489 58 
122 127 308 
287 372 94 
388 85 159 
411 60 475 
220 87 211 
201 131 453 
333 147 203 
151 419 180 
137 261 40 
278 453 273 
262 202 177 
214 458 5 
98 251 0 
192 377 380 
258 97 442 
110 25 366 
33 160 58 
251 195 162 
200 222 31 
371 324 39 
395 187 271 
271 77 490 
488 40 360 
417 462 278 
136 139 405 
178 385 265 
127 284 377 
222 121 132 
320 481 384 
461 442 44 
326 422 420 
71 194 194 
383 271 65 
419 426 250 
314 251 495 
344 489 247 
393 274 367 
426 445 235 
350 385 419 
496 237 362 
357 442 80 
38 120 91 
158 95 330 
482 170 300 
280 136 432 
316 111 283 
141 367 430 
70 315 451 
269 8 24 
3 265 354 
494 303 56 
164 384 47 
451 444 483 
14 391 438 
279 319 425 
211 12 491 
466 25 374 
55 380 285 
122 157 259 
132 481 185 
64 36 494 
121 464 323 
482 318 0 
54 49 336 
417 163 280 
497 315 129 
131 390 368 
333 271 474 
323 263 340 
227 206 111 
358 112 17 
50 284 373 
72 329 52 
171 313 484 
136 375 268 
194 404 310 
240 64 15 
423 148 340 
257 293 482 
363 434 133 
51 110 482 
108 436 172 
205 201 245 
409 27 265 
481 72 56 
492 413 21 
3 181 386 
422 98 28 
426 92 356 
339 207 398 
406 98 208 
88 179 227 
473 182 22 
115 130 360 
282 256 199 
28 334 68 
455 138 159 
343 123 317 
483 59 287 
47 84 397 
64 489 366 
44 229 133 
70 36 447 
271 36 161 
211 363 159 
210 92 153 
65 277 451 
389 498 299 
448 217 491 
2 58 29 
388 359 434 
365 205 262 
396 457 162 
45 488 4 
314 33 433 
311 395 128 
185 186 473 
400 244 492 
277 290 13 
476 412 367 
411 112 256 
424 50 393 
383 256 384 
293 120 454 
327 301 476 
49 71 347 
158 245 12 
101 258 134 
238 453 3 
79 466 276 
399 36 419 
54 134 340 
234 423 140 
222 382 324 
212 352 55 
326 298 183 
218 140 211 
110 158 292 
324 469 246 
175 285 151 
255 158 325 
251 409 326 
152 8 407 
296 0 304 
224 182 1 
67 333 46 
164 406 401 
489 403 318 
303 212 59 
135 11 55 
167 137 112 
330 289 298 
2 104 227 
216 269 100 
444 414 370 
464 388 366 
262 142 134 
281 204 94 
38 262 139 
197 348 158 
366 447 428 
302 353 276 
343 332 93 
105 302 387 
451 427 146 
440 47 437 
133 182 296 
346 361 30 
192 231 495 
185 185 143 
282 380 118 
261 393 145 
97 79 435 
320 443 484 
330 369 19 
112 428 426 
75 473 283 
366 496 426 
83 76 220 
460 71 49 
291 153 84 
348 367 256 
386 175 306 
80 365 44 
195 85 287 
328 360 137 
81 493 343 
488 291 266 
2 398 454 
346 257 334 
433 366 68 
76 332 457 
294 489 398 
152 142 191 
38 75 333 
28 16 81 
185 288 333 
3 206 327 
217 356 138 
233 53 222 
90 80 466 
45 123 28 
438 181 135 
203 258 239 
451 268 0 
189 218 186 
38 290 240 
430 80 289 
356 81 140 
305 60 204 
140 51 43 
195 174 330 
26 269 152 
427 332 366 
65 128 3 
214 41 422 
465 218 201 
87 335 14 
495 235 298 
298 197 80 
179 463 320 
425 433 213 
65 80 211 
214 187 302 
267 62 313 
36 267 107 
72 317 203 
349 316 219 
319 274 32 
397 255 255 
472 122 317 
110 71 356 
272 76 374 
475 419 97 
40 252 420 
64 88 411 
95 253 365 
44 23 17 
140 179 169 
488 73 392 
224 394 32 
6 93 348 
139 8 26 
136 230 24 
334 20 154 
448 406 75 
350 456 487 
13 132 162 
253 160 429 
435 251 45 
1 114 420 
426 450 25 
194 131 211 
53 369 51 
324 87 48 
459 65 406 
245 43 201 
331 107 258 
253 391 38 
217 42 406 
214 372 192 
340 260 212 
169 314 181 
241 439 267 
277 331 397 
203 173 400 
89 154 262 
497 70 2 
487 446 293 
475 125 269 
180 100 66 
255 498 343 
86 102 379 
195 427 254 
491 342 433 
55 281 493 
333 321 214 
384 104 207 
444 130 447 
475 479 378 
167 46 351 
290 6 336 
343 145 453 
234 245 204 
218 312 423 
310 261 151 
499 8 360 
232 109 284 
359 63 113 
365 70 218 
358 300 79 
186 82 235 
8 340 112 
444 310 139 
382 206 427 
97 455 311 
190 356 408 
249 258 383 
184 282 180 
381 166 355 
122 315 216 
153 117 189 
70 4 203 
91 352 462 
480 10 376 
469 322 279 
68 345 171 
353 336 39 
166 402 205 
302 151 15 
103 283 221 
213 480 82 
346 377 458 
213 462 397 
10 141 84 
77 32 96 
351 380 93 
348 136 82 
339 419 318 
239 59 432 
330 175 219 
210 181 218 
75 273 397 
420 19 377 
195 437 452 
423 40 443 
493 11 69 
128 13 48 
322 412 120 
488 472 280 
114 420 376 
328 307 192 
232 20 23 
111 455 89 
93 297 164 
200 98 158 
179 424 113 
151 134 313 
395 37 121 
69 495 175 
493 138 162 
358 38 51 
138 167 99 
56 442 344 
327 249 448 
220 194 90 
490 96 222 
125 369 4 
253 57 236 
120 391 144 
466 103 221 
313 151 362 
298 379 117 
350 18 29 
135 16 317 
210 455 110 
249 323 489 
339 384 21 
72 413 385 
345 273 451 
358 10 275 
273 169 409 
470 88 172 
8 496 455 
249 77 190 
232 406 430 
407 420 377 
347 356 490 
334 212 312 
231 312 281 
355 67 134 
400 78 9 
327 81 498 
280 150 90 
127 470 424 
338 399 126 
341 129 371 
298 494 13 
142 108 227 
90 54 381 
392 225 92 
276 46 123 
249 14 279 
446 434 26 
466 470 333 
380 167 317 
106 319 95 
285 485 3 
236 438 122 
59 147 488 
273 364 362 
444 334 459 
2 255 306 
84 391 368 
116 435 340 
422 430 165 
269 114 323 
336 379 264 
430 224 39 
450 354 174 
35 429 286 
191 394 419 
408 470 383 
38 261 188 
58 207 127 
405 255 449 
368 200 48 
129 163 39 
265 425 5 
137 399 169 
158 312 498 
397 369 391 
360 310 170 
67 392 74 
296 258 52 
335 160 45 
367 252 289 
305 218 193 
56 297 70 
104 72 308 
247 450 76 
459 77 449 
382 203 64 
153 324 468 
234 434 13 
181 208 131 
185 71 329 
309 350 322 
285 323 124 
459 306 118 
48 16 65 
242 322 50 
151 452 312 
456 158 144 
119 147 324 
234 396 118 
208 432 360 
296 412 71 
494 296 207 
159 126 111 
375 210 480 
347 311 137 
230 429 464 
170 47 2 
250 58 205 
310 362 191 
182 424 178 
310 72 210 
141 458 166 
441 81 265 
343 43 395 
320 213 457 
242 335 370 
108 481 475 
253 20 231 
168 244 463 
329 168 411 
379 151 473 
220 103 371 
7 262 257 
191 412 313 
42 222 277 
183 171 435 
472 345 343 
449 496 472 
102 95 330 
319 436 212 
265 135 137 
399 272 255 
417 83 120 
349 423 481 
42 393 359 
435 272 114 
345 8 487 
67 402 369 
96 393 373 
24 32 378 
483 48 398 
437 119 270 
389 474 202 
119 144 276 
64 195 333 
8 236 30 
465 29 406 
410 61 57 
73 208 291 
247 481 88 
205 113 22 
488 216 274 
200 144 438 
146 392 382 
372 307 111 
493 234 345 
15 88 112 
72 306 177 
54 321 404 
95 110 499 
421 389 442 
105 339 292 
266 202 214 
297 31 244 
241 429 162 
497 265 31 
116 136 358 
332 82 257 
430 477 254 
413 311 368 
368 133 253 
264 439 332 
305 89 444 
164 13 237 
430 46 283 
390 385 227 
238 52 409 
161 44 54 
486 238 134 
277 424 63 
270 462 297 
488 222 309 
196 284 88 
114 139 465 
154 96 237 
438 488 205 
185 493 296 
226 115 168 
133 63 496 
299 37 483 
70 497 173 
118 293 417 
288 340 369 
228 295 220 
357 60 64 
85 394 111 
111 305 174 
114 354 471 
475 109 104 
475 444 254 
228 454 294 
62 380 222 
17 324 302 
277 101 452 
48 454 313 
330 460 122 
210 33 7 
166 393 367 
74 273 349 
17 263 120 
291 85 254 
253 80 115 
84 298 56 
392 5 276 
157 444 282 
112 376 115 
390 365 92 
29 82 241 
485 164 268 
262 332 27 
9 173 24 
196 156 113 
410 386 199 
321 90 218 
108 377 273 
244 445 327 
492 435 265 
204 467 85 
431 21 159 
304 477 119 
77 43 394 
67 95 457 
269 35 406 
89 442 443 
288 333 404 
343 273 405 
17 51 220 
29 429 433 
198 403 45 
222 157 348 
449 132 364 
309 434 348 
473 330 310 
453 322 130 
81 197 328 
59 52 336 
384 453 162 
242 476 322 
11 417 394 
246 310 269 
165 340 415 
149 377 213 
353 164 377 
247 6 192 
32 271 1 
202 69 470 
301 458 284 
22 132 158 
52 169 367 
184 11 458 
277 377 427 
243 44 226 
268 351 379 
385 447 310 
494 484 296 
355 16 298 
184 286 295 
