1000
3
142 358 23 
450 180 286 
5 244 337 
382 70 372 
277 147 5 
122 50 392 
278 366 474 
495 440 369 
70 268 468 
488 286 365 
441 229 236 
174 357 469 
84 330 436 
36 126 35 
92 479 183 
362 398 151 
22 238 145 
335 444 431 
5 180 74 
120 137 299 
143 274 430 
357 179 116 
73 418 312 
115 492 35 
127 64 450 
373 25 93 
328 8 124 
193 27 86 
390 111 460 
269 442 494 
412 67 347 
36 286 123 
141 408 43 
55 381 447 
116 102 253 
355 119 452 
323 303 64 
37 124 155 
10 341 396 
412 227 59 
228 119 280 
361 27 251 
262 113 179 
74 207 214 
210 266 386 
312 369 132 
466 475 331 
413 97 411 
378 137 252 
390 251 297 
124 363 401 
334 493 74 
277 224 194 
196 193 110 
37 373 172 
302 359 430 
109 117 317 
418 72 389 
228 381 441 
111 203 247 
378 166 171 
420 270 438 
327 392 441 
474 334 243 
195 203 38 
294 497 93 
18 196 254 
356 407 1 
499 489 405 
176 71 445 
186 118 26 
175 405 447 
317 82 366 
81 242 105 
49 7 97 
306 88 223 
12 138 89 
237 12 14 
205 456 350 
413 343 420 
98 474 134 
14 38 265 
478 219 307 
267 230 487 
404 21 367 
279 327 199 
49 479 146 
233 53 317 
187 347 121 
451 465 163 
143 232 399 
16 81 42 
87 67 478 
237 408 69 
108 396 272 
127 390 408 
261 17 244 
393 98 375 
1 282 259 
415 385 458 
355 381 353 
261 183 13 
328 484 43 
353 272 16 
119 475 303 
219 293 394 
488 77 167 
218 297 39 
173 151 6 
57 164 370 
360 185 160 
470 472 338 
368 421 196 
295 17 440 
73 389 462 
195 198 475 
3 6 485 
20 188 152 
276 112 206 
409 308 96 
21 479 322 
452 109 439 
349 327 195 
286 0 455 
98 351 44 
319 248 183 
239 206 3 
316 15 229 
266 80 114 
52 25 97 
214 375 416 
375 35 316 
345 258 424 
42 460 254 
440 335 112 
366 499 263 
388 496 418 
338 268 43 
463 357 467 
202 333 58 
43 436 393 
33 327 94 
79 7 76 
269 308 32 
146 119 76 
117 351 217 
359 121 84 
249 389 229 
175 359 136 
112 200 273 
279 12 399 
225 269 19 
116 487 34 
158 387 307 
362 140 75 
259 440 112 
422 353 11 
212 326 52 
393 306 211 
496 412 485 
225 279 75 
177 161 317 
177 428 453 
224 213 489 
425 285 218 
135 242 462 
89 156 29 
37 301 140 
411 119 43 
33 124 219 
380 288 214 
446 401 365 
246 130 330 
293 251 363 
395 449 235 
270 39 272 
138 446 418 
1 13 477 
302 463 303 
231 378 441 
239 375 96 
170 295 431 
445 124 338 
426 152 121 
262 465 75 
92 428 206 
434 93 153 
489 438 163 
229 14 1 
110 434 40 
86 168 208 
312 223 123 
108 29 320 
146 28 140 
70 385 98 
294 199 379 
465 205 342 
298 5 440 
263 438 189 
278 215 435 
208 366 231 
113 429 430 
266 102 141 
354 300 51 
364 401 421 
297 479 69 
255 63 492 
128 393 352 
263 131 196 
262 78 416 
24 306 253 
84 109 160 
20 134 69 
156 114 0 
51 279 190 
275 160 256 
217 95 225 
434 20 402 
28 14 43 
289 442 443 
139 477 244 
414 417 375 
57 409 97 
327 55 480 
310 32 244 
174 139 52 
153 270 56 
176 238 461 
35 75 142 
61 85 348 
251 441 145 
359 106 360 
47 135 33 
432 235 273 
89 95 255 
438 423 452 
487 324 154 
196 63 148 
163 397 253 
347 441 169 
273 226 357 
464 271 44 
123 19 257 
268 363 225 
322 17 426 
112 279 421 
80 141 253 
197 111 210 
416 15 123 
364 38 39 
322 301 271 
252 138 260 
222 19 122 
152 138 438 
398 148 179 
150 139 16 
140 407 47 
385 37 217 
33 43 401 
440 146 420 
23 354 421 
241 11 42 
168 337 389 
189 208 54 
293 144 134 
357 309 472 
76 14 24 
26 28 221 
43 395 116 
303 499 253 
176 444 456 
61 21 411 
297 383 102 
212 224 388 
301 318 491 
463 11 464 
89 56 201 
235 108 135 
224 327 80 
432 328 3 
35 192 237 
299 415 170 
291 488 444 
341 484 251 
0 363 488 
120 372 111 
257 357 122 
292 413 386 
448 293 354 
140 452 102 
160 191 423 
77 498 143 
90 91 282 
194 262 418 
11 491 280 
422 366 355 
16 375 65 
136 180 458 
341 276 236 
330 238 404 
142 243 485 
158 156 278 
485 70 273 
279 351 489 
397 387 353 
232 168 310 
43 79 87 
317 217 62 
128 410 188 
1 76 424 
200 8 166 
235 190 125 
162 429 112 
138 119 307 
342 36 491 
323 36 239 
269 66 426 
393 281 483 
403 209 113 
478 127 364 
272 276 492 
242 125 100 
104 499 345 
271 90 462 
332 429 42 
480 378 420 
483 438 499 
250 472 440 
442 98 310 
214 152 372 
154 93 155 
238 394 271 
386 292 199 
261 36 88 
63 42 353 
331 109 316 
359 336 450 
190 236 75 
181 2 186 
322 222 93 
184 311 452 
233 111 326 
279 136 449 
54 343 310 
445 96 131 
313 229 109 
204 21 222 
88 353 260 
15 11 88 
444 45 74 
400 467 353 
76 259 168 
82 159 110 
463 203 154 
35 199 255 
398 479 425 
85 133 166 
498 423 88 
368 38 289 
160 154 320 
118 80 254 
470 280 382 
380 485 298 
226 239 402 
63 161 172 
236 333 40 
357 1 272 
305 269 448 
318 439 316 
142 264 130 
167 286 43 
178 310 439 
148 373 330 
177 217 463 
398 39 42 
178 109 8 
481 124 231 
461 26 480 
338 335 14 
314 335 202 
355 47 466 
333 430 265 
347 211 434 
293 351 163 
288 30 451 
468 15 33 
403 131 81 
30 144 441 
104 455 196 
422 221 326 
235 420 171 
361 260 474 
196 481 460 
284 357 274 
411 352 187 
30 470 95 
159 315 498 
326 110 496 
232 65 421 
400 312 129 
102 364 187 
126 203 291 
36 292 85 
193 324 48 
361 397 444 
155 218 449 
424 250 84 
415 181 308 
140 84 403 
77 414 321 
138 497 148 
15 243 406 
224 106 180 
60 433 82 
380 273 171 
329 252 393 
437 417 355 
383 405 181 
157 270 51 
247 381 9 
422 314 381 
450 152 266 
51 171 465 
456 89 53 
108 444 185 
265 338 479 
260 133 344 
142 213 272 
180 409 274 
360 479 201 
162 265 126 
381 50 407 
231 32 131 
348 299 391 
134 192 450 
227 276 390 
403 317 75 
236 299 338 
113 352 109 
56 108 213 
84 186 463 
445 116 372 
445 124 23 
114 408 175 
332 111 477 
232 499 267 
347 302 305 
497 358 425 
394 196 271 
163 144 85 
186 282 202 
377 115 289 
319 62 89 
455 277 36 
117 303 171 
122 275 318 
499 311 204 
95 388 99 
245 269 216 
363 407 132 
162 332 176 
10 464 52 
234 45 136 
64 167 445 
405 225 245 
344 461 178 
212 162 209 
152 314 215 
381 97 19 
188 15 24 
410 5 34 
469 292 418 
248 197 112 
365 61 268 
139 64 147 
135 406 157 
256 350 327 
7 495 322 
281 37 115 
465 305 368 
493 422 46 
313 225 373 
452 309 52 
9 345 441 
306 228 8 
264 427 292 
148 316 196 
406 465 425 
143 29 94 
104 443 322 
450 452 63 
491 417 104 
342 387 312 
112 98 407 
334 38 246 
183 31 56 
40 201 345 
88 468 179 
49 121 447 
228 323 286 
488 332 376 
142 341 181 
194 250 138 
399 54 342 
352 141 349 
42 425 338 
111 485 276 
209 182 81 
388 304 72 
287 197 457 
46 102 407 
300 225 123 
79 381 85 
362 448 74 
272 180 239 
77 312 450 
392 472 158 
371 106 394 
452 147 313 
325 134 226 
34 334 178 
192 447 65 
17 346 101 
111 66 402 
300 23 58 
373 55 360 
2 259 242 
485 106 336 
33 2 110 
482 2 171 
62 494 230 
87 123 328 
480 487 217 
439 287 135 
170 77 279 
190 405 478 
196 365 35 
419 271 369 
459 167 142 
210 96 450 
131 345 162 
436 305 398 
245 121 499 
287 97 487 
77 148 23 
139 56 195 
1 406 110 
226 239 331 
264 337 314 
482 266 290 
2 47 257 
267 279 348 
395 298 40 
349 475 176 
313 262 359 
256 483 84 
476 167 482 
106 81 245 
182 140 129 
244 267 21 
239 386 4 
145 371 257 
356 241 339 
318 132 47 
108 86 480 
383 264 445 
405 284 306 
237 127 458 
441 235 9 
288 260 450 
234 321 38 
277 163 320 
58 464 87 
272 375 267 
342 463 439 
5 315 303 
386 371 325 
228 486 433 
497 5 93 
96 258 177 
71 363 154 
54 3 360 
113 312 445 
267 273 232 
214 68 353 
373 312 242 
422 85 419 
384 427 98 
361 144 456 
199 339 112 
219 353 282 
456 328 223 
330 43 332 
217 313 294 
77 150 243 
379 304 273 
89 56 236 
234 117 410 
159 295 294 
49 171 221 
341 102 355 
438 80 188 
267 4 318 
6 51 367 
89 449 232 
249 192 414 
98 175 428 
219 434 149 
18 326 249 
259 326 144 
319 35 361 
271 302 414 
453 144 69 
258 369 116 
134 386 241 
425 190 130 
115 294 416 
259 357 35 
31 299 399 
392 314 142 
396 141 355 
444 221 375 
404 303 222 
166 447 425 
254 323 365 
83 282 149 
274 345 421 
119 315 465 
151 457 4 
56 388 336 
309 412 36 
89 49 293 
42 438 226 
163 466 116 
56 0 24 
33 492 332 
111 330 245 
193 238 357 
160 274 314 
288 305 395 
149 225 38 
66 259 479 
114 185 60 
324 27 16 
282 385 386 
136 197 343 
332 18 44 
138 27 286 
282 387 457 
164 431 96 
433 336 346 
157 245 326 
264 427 133 
365 267 80 
438 1 341 
310 290 432 
219 436 71 
450 370 139 
91 313 233 
195 24 432 
489 214 426 
356 267 26 
318 101 160 
82 104 192 
27 303 197 
194 391 305 
419 445 31 
242 7 162 
125 448 226 
458 279 47 
288 426 393 
93 229 79 
263 469 465 
316 130 419 
488 371 68 
109 463 34 
245 364 318 
330 93 55 
255 87 227 
490 16 60 
484 267 349 
342 354 397 
109 12 428 
385 319 313 
431 154 384 
217 97 310 
272 483 354 
143 11 224 
153 124 155 
390 267 300 
112 243 451 
313 47 89 
100 358 176 
231 472 76 
251 378 278 
487 289 383 
56 437 205 
160 487 428 
426 442 95 
145 208 293 
30 202 163 
396 18 327 
67 61 280 
257 359 349 
233 368 173 
29 267 335 
363 380 83 
47 388 101 
343 257 222 
361 471 365 
236 282 482 
52 33 435 
91 2 83 
283 385 369 
145 226 249 
302 289 436 
223 317 106 
301 308 296 
423 498 454 
445 103 341 
169 122 345 
199 191 390 
121 139 76 
86 281 460 
204 446 115 
337 5 9 
239 397 97 
105 489 282 
481 112 49 
371 137 473 
219 457 245 
110 249 110 
143 217 200 
53 387 267 
100 150 404 
165 489 459 
5 447 103 
354 241 64 
17 217 415 
27 270 92 
227 135 324 
333 466 90 
106 261 185 
232 365 436 
53 168 276 
395 145 381 
426 323 137 
378 426 1 
416 156 277 
337 322 272 
314 176 313 
345 367 42 
262 141 103 
422 170 384 
378 281 54 
335 261 73 
324 134 139 
386 97 155 
118 100 245 
239 422 60 
194 220 181 
261 454 163 
131 288 267 
149 457 152 
96 196 469 
251 154 398 
160 454 196 
108 384 179 
101 102 273 
130 37 325 
308 159 199 
383 304 439 
46 399 413 
418 446 20 
78 206 3 
348 18 259 
417 13 411 
328 114 4 
8 291 285 
251 114 138 
459 340 430 
225 469 129 
293 240 230 
31 293 368 
107 395 183 
174 349 184 
70 224 11 
314 68 301 
477 461 396 
321 264 13 
97 86 340 
138 97 474 
88 289 210 
333 181 70 
106 139 26 
258 221 3 
169 472 161 
435 455 219 
354 88 314 
79 24 242 
420 429 206 
29 155 167 
45 359 492 
189 362 198 
152 189 105 
239 431 404 
463 92 224 
241 319 424 
103 398 373 
192 95 415 
115 234 395 
387 250 318 
48 277 65 
72 48 63 
385 35 154 
322 1 475 
298 335 489 
391 172 34 
303 146 61 
396 397 39 
331 316 58 
388 379 419 
239 123 152 
366 470 208 
366 103 243 
96 224 395 
480 364 191 
353 299 463 
265 168 406 
233 203 204 
358 312 223 
102 33 164 
486 173 87 
55 66 185 
324 8 428 
487 213 285 
441 211 164 
273 378 219 
465 484 498 
313 27 438 
115 17 13 
474 446 493 
27 495 277 
200 477 250 
46 78 86 
127 439 137 
45 499 29 
243 425 443 
379 436 208 
490 267 399 
183 225 434 
322 161 443 
437 142 325 
417 136 349 
53 72 113 
262 25 318 
127 215 393 
140 305 30 
37 445 197 
482 327 329 
61 466 382 
421 121 28 
297 178 190 
300 495 313 
227 284 431 
141 367 212 
373 49 440 
283 488 245 
316 404 106 
0 41 407 
129 33 215 
4 80 426 
374 423 63 
187 412 295 
384 76 406 
481 28 485 
499 356 325 
494 238 425 
322 63 366 
397 376 456 
116 200 236 
430 93 235 
448 261 290 
86 66 394 
64 439 61 
341 173 259 
26 88 33 
58 210 80 
453 171 471 
184 196 86 
292 67 196 
169 435 84 
92 34 38 
278 192 247 
319 418 89 
357 429 28 
172 363 383 
454 21 75 
112 133 281 
363 199 465 
433 322 390 
480 298 414 
191 327 271 
149 296 324 
22 476 288 
481 148 484 
30 163 82 
153 46 287 
96 246 422 
181 490 362 
315 223 406 
141 250 265 
370 194 18 
7 495 197 
464 0 491 
182 63 310 
156 136 217 
255 357 233 
303 299 478 
251 181 437 
315 172 198 
456 486 171 
311 70 260 
182 274 144 
219 261 11 
233 406 201 
38 265 141 
10 269 247 
51 395 234 
374 210 419 
104 349 122 
397 3 442 
478 401 270 
364 284 90 
381 486 268 
477 76 448 
449 368 459 
430 424 137 
476 436 206 
498 15 176 
36 429 401 
432 1 144 
40 463 241 
410 42 287 
458 166 141 
141 221 18 
492 128 318 
101 333 69 
244 329 315 
249 116 407 
454 205 152 
33 309 170 
434 90 340 
413 471 463 
176 174 126 
490 237 237 
438 242 235 
398 447 10 
200 86 489 
43 345 8 
394 178 140 
278 359 411 
359 141 239 
343 236 215 
105 98 112 
94 159 81 
249 383 140 
124 244 166 
414 64 93 
426 336 245 
148 137 88 
43 24 197 
125 452 325 
314 89 171 
130 340 26 
197 334 446 
351 440 386 
485 30 133 
324 319 40 
246 418 195 
341 337 229 
353 34 349 
450 15 69 
315 0 179 
312 30 388 
426 363 395 
257 111 24 
231 310 224 
364 142 355 
393 33 354 
1 250 422 
111 175 319 
100 93 46 
245 191 364 
240 484 52 
103 156 352 
419 213 474 
288 339 81 
487 349 27 
344 196 145 
