1000
3
167 48 151 
298 164 12 
311 416 334 
451 172 424 
444 362 185 
458 132 309 
422 129 438 
368 44 2 
252 333 333 
191 351 499 
320 316 40 
269 191 162 
224 325 13 
294 173 410 
423 464 107 
253 482 84 
360 147 13 
227 193 470 
197 19 293 
19 129 418 
471 284 439 
473 280 406 
5 20 426 
340 214 107 
41 244 405 
115 121 47 
353 70 193 
41 430 486 
119 243 24 
137 380 205 
425 26 179 
356 450 168 
30 80 447 
420 310 300 
468 218 153 
323 17 49 
233 275 308 
120 267 73 
158 28 261 
495 132 123 
425 378 466 
251 320 33 
243 89 128 
411 203 174 
351 373 1 
368 220 191 
91 490 199 
53 76 381 
305 36 42 
327 142 107 
451 377 348 
63 394 453 
133 185 471 
271 9 391 
243 170 421 
80 241 4 
72 106 39 
362 456 58 
269 313 385 
461 57 93 
55 337 58 
364 65 340 
495 268 247 
143 449 195 
312 291 417 
336 37 140 
17 143 247 
82 261 361 
211 177 62 
265 377 398 
495 384 455 
135 220 392 
120 101 456 
353 465 8 
338 481 226 
173 228 340 
218 437 329 
264 22 20 
398 15 301 
46 452 97 
235 13 288 
274 326 157 
47 416 269 
293 369 46 
155 2 402 
155 8 131 
61 274 305 
163 57 108 
129 376 172 
185 297 149 
94 492 433 
387 484 233 
153 101 420 
413 135 366 
422 240 230 
164 24 116 
204 294 130 
278 477 431 
352 322 128 
222 489 13 
380 471 242 
283 144 372 
440 99 139 
445 38 350 
60 270 308 
295 21 114 
325 66 351 
297 196 260 
266 360 151 
83 419 113 
268 24 276 
395 57 257 
404 251 254 
94 348 488 
27 79 222 
482 489 88 
120 141 125 
261 77 86 
244 1 293 
79 481 419 
442 71 385 
58 244 269 
122 35 173 
414 200 121 
149 227 20 
254 346 341 
131 289 448 
456 7 66 
474 319 69 
295 493 162 
335 377 37 
326 352 464 
281 254 427 
280 299 119 
173 23 62 
205 308 328 
293 297 12 
223 173 295 
436 165 26 
401 95 187 
143 227 41 
433 436 259 
194 72 241 
352 245 405 
98 391 489 
82 314 302 
9 148 433 
60 350 419 
398 115 268 
141 361 340 
134 149 62 
405 290 40 
154 305 321 
284 4 414 
211 37 409 
393 164 37 
81 22 196 
4 247 131 
417 383 367 
426 258 418 
206 59 98 
330 242 493 
371 266 129 
34 107 82 
361 257 411 
481 122 191 
135 184 379 
382 460 276 
463 30 27 
465 288 174 
431 13 467 
488 320 268 
100 461 316 
130 47 156 
103 455 208 
403 26 476 
191 379 88 
295 325 76 
70 309 177 
100 385 287 
454 343 183 
182 150 469 
102 476 431 
255 493 237 
17 152 197 
64 354 91 
311 395 222 
10 385 74 
179 491 74 
106 404 263 
36 51 497 
475 449 308 
84 487 178 
79 452 303 
205 138 100 
385 177 143 
190 309 156 
314 21 148 
201 232 476 
76 47 116 
206 337 319 
311 403 112 
462 280 466 
9 375 167 
174 87 200 
142 358 129 
435 158 200 
189 334 56 
237 288 296 
47 148 185 
178 391 113 
483 398 53 
375 433 457 
233 398 405 
413 422 401 
69 40 224 
184 374 80 
264 21 336 
248 93 82 
340 118 478 
308 217 347 
426 167 340 
33 387 86 
339 492 8 
321 421 356 
2 62 404 
407 477 234 
461 166 36 
465 113 39 
162 152 2 
475 49 239 
276 357 285 
402 454 72 
435 34 364 
485 212 79 
146 377 389 
364 401 189 
232 191 142 
7 476 242 
145 15 343 
3 59 396 
308 109 178 
349 201 208 
375 391 56 
47 498 96 
406 320 68 
490 253 84 
330 4 114 
109 461 302 
35 322 14 
379 227 491 
422 351 11 
59 80 215 
198 223 368 
407 73 284 
129 366 485 
0 171 457 
76 233 33 
190 190 239 
105 439 160 
317 102 84 
254 328 441 
22 387 284 
161 342 63 
256 145 34 
188 477 187 
483 482 50 
94 245 404 
451 377 287 
461 220 299 
211 457 410 
104 294 266 
385 346 480 
326 17 318 
327 325 207 
385 462 120 
438 38 483 
29 116 310 
102 43 243 
399 301 446 
466 407 12 
29 113 429 
340 388 308 
282 413 249 
389 409 402 
391 396 458 
186 69 345 
189 57 125 
248 67 8 
88 8 466 
238 202 63 
465 52 32 
267 164 423 
438 351 269 
397 248 488 
276 478 174 
287 254 190 
94 287 472 
406 274 208 
461 383 446 
51 454 474 
105 268 445 
133 93 71 
33 43 8 
164 79 137 
163 319 15 
112 45 451 
338 59 181 
102 140 197 
481 58 15 
304 355 123 
355 471 42 
146 334 25 
426 454 368 
267 214 421 
383 399 215 
82 444 288 
129 150 469 
471 37 169 
464 311 150 
179 186 345 
174 221 102 
235 485 35 
393 271 82 
415 329 140 
166 255 478 
141 346 467 
265 121 349 
298 161 280 
226 341 272 
100 308 483 
135 344 179 
12 470 250 
64 152 98 
347 345 78 
177 74 387 
446 96 162 
105 424 349 
124 242 481 
480 25 72 
25 229 340 
179 123 271 
300 98 272 
495 413 328 
237 389 486 
139 200 200 
28 67 54 
145 338 88 
85 292 241 
171 69 387 
326 175 269 
254 178 377 
120 57 125 
362 326 414 
208 299 185 
365 62 164 
440 192 27 
422 259 388 
365 32 13 
107 55 85 
203 114 123 
123 242 483 
91 347 53 
147 35 385 
345 485 263 
225 398 139 
357 232 443 
39 19 213 
345 443 63 
3 116 225 
271 344 380 
225 476 20 
452 164 278 
91 321 31 
267 198 189 
470 181 265 
147 319 342 
499 476 160 
255 443 448 
212 469 95 
323 402 288 
51 490 459 
177 414 381 
206 216 77 
244 143 251 
337 423 249 
15 316 11 
77 285 453 
343 483 332 
469 279 364 
189 326 33 
159 127 326 
174 37 367 
301 199 104 
57 276 213 
363 265 18 
111 388 456 
205 40 477 
30 74 429 
9 193 251 
340 22 13 
86 426 98 
96 194 180 
319 369 157 
346 170 276 
13 226 213 
36 409 83 
61 466 433 
476 294 37 
363 89 340 
296 364 493 
148 408 485 
195 5 195 
431 423 333 
270 271 489 
492 22 264 
393 131 268 
174 249 259 
434 303 452 
337 415 2 
472 439 178 
489 364 300 
34 13 336 
192 23 452 
113 363 316 
377 192 287 
63 27 263 
218 477 77 
429 99 415 
64 304 278 
42 168 17 
83 106 177 
487 183 112 
80 12 473 
369 421 333 
200 175 60 
232 354 82 
301 213 94 
300 6 450 
332 199 104 
464 465 300 
437 404 166 
22 280 447 
165 428 36 
91 414 152 
252 226 161 
385 420 364 
406 132 176 
125 239 463 
150 312 242 
315 490 216 
209 240 486 
422 363 203 
476 324 189 
408 72 325 
386 49 118 
233 210 444 
318 369 145 
321 76 388 
228 212 55 
184 9 58 
194 212 499 
398 185 42 
394 337 130 
498 460 486 
223 427 138 
176 221 207 
254 122 164 
177 37 8 
234 26 266 
118 434 465 
142 350 365 
76 131 162 
399 453 31 
207 29 485 
111 28 491 
493 9 45 
413 206 291 
17 87 259 
65 258 450 
278 465 233 
147 408 135 
236 247 472 
229 77 417 
150 383 490 
382 445 103 
401 199 97 
471 135 366 
267 127 92 
292 141 330 
427 331 226 
105 333 339 
376 407 55 
127 127 73 
405 193 449 
461 413 460 
129 215 409 
455 354 20 
443 254 186 
103 487 381 
247 247 210 
337 321 458 
446 196 181 
431 89 489 
195 222 76 
416 299 154 
85 240 131 
194 217 74 
249 133 124 
96 179 187 
138 380 353 
268 124 341 
354 331 472 
67 96 141 
55 102 178 
189 237 143 
456 260 166 
485 237 459 
183 494 132 
72 191 134 
486 178 142 
87 284 409 
21 435 167 
85 108 201 
52 192 268 
310 473 18 
340 12 422 
173 319 53 
33 427 101 
238 183 468 
248 288 259 
270 97 204 
208 466 108 
366 382 16 
81 488 406 
8 433 444 
181 357 393 
165 291 65 
269 152 197 
318 230 246 
176 442 202 
99 113 177 
401 105 24 
112 450 75 
52 396 7 
425 149 50 
22 405 344 
290 444 348 
107 478 468 
415 274 143 
438 442 202 
256 354 138 
338 240 33 
36 260 198 
307 245 14 
364 410 301 
333 244 182 
64 443 400 
10 283 129 
318 332 346 
212 327 345 
162 146 409 
496 214 60 
258 37 43 
4 89 378 
161 410 345 
158 374 387 
53 274 170 
130 60 309 
253 65 0 
124 280 279 
359 367 26 
46 49 423 
191 221 77 
273 444 253 
476 332 394 
485 19 359 
138 198 194 
342 390 160 
450 95 361 
0 0 316 
497 419 129 
265 22 466 
288 128 100 
207 403 250 
418 479 319 
460 369 114 
98 230 291 
239 453 453 
5 219 337 
63 369 457 
455 210 122 
260 137 497 
182 217 47 
255 222 331 
301 62 96 
373 82 99 
369 239 118 
422 111 161 
201 88 126 
382 499 285 
488 344 176 
100 27 322 
145 213 266 
335 377 271 
364 285 255 
191 24 71 
93 381 443 
71 54 470 
165 469 202 
99 438 288 
306 410 258 
182 347 283 
283 81 151 
176 94 377 
19 53 442 
141 476 144 
201 237 333 
158 119 146 
215 352 216 
181 116 141 
389 399 343 
492 382 83 
101 494 119 
380 100 398 
183 174 11 
409 22 459 
138 477 371 
481 213 257 
480 23 29 
308 106 316 
268 459 14 
345 42 77 
202 233 476 
186 162 89 
172 175 435 
466 407 86 
357 347 219 
218 429 480 
250 391 258 
347 480 236 
430 151 73 
325 381 183 
50 131 13 
7 94 443 
41 270 262 
180 471 346 
151 241 198 
1 204 91 
373 264 170 
323 490 131 
440 45 67 
168 12 330 
183 186 121 
64 283 310 
27 472 179 
44 68 491 
327 465 113 
482 86 120 
117 405 126 
120 27 22 
168 453 184 
480 379 31 
203 299 264 
124 81 3 
68 268 473 
258 97 351 
396 354 348 
20 243 260 
368 158 329 
110 56 213 
133 72 419 
254 417 196 
305 71 120 
475 259 58 
363 360 360 
293 46 324 
350 276 7 
352 20 90 
276 472 10 
257 25 488 
315 354 442 
89 36 118 
71 317 5 
192 51 56 
4 411 282 
140 303 187 
393 196 419 
401 181 33 
136 144 392 
125 404 359 
493 190 423 
311 488 208 
178 445 21 
499 123 459 
162 440 353 
441 468 13 
25 237 451 
156 164 190 
333 285 173 
29 196 69 
211 162 405 
184 176 421 
90 322 221 
59 377 158 
19 195 263 
67 367 11 
187 9 42 
28 162 220 
447 197 285 
160 105 405 
103 362 66 
439 241 114 
242 440 264 
106 431 260 
477 23 400 
253 197 438 
337 445 380 
79 298 170 
144 318 239 
145 299 211 
149 313 33 
280 38 410 
440 173 137 
162 467 1 
237 51 22 
180 36 103 
216 105 144 
186 479 39 
145 279 261 
143 342 138 
255 217 474 
440 363 168 
187 431 199 
459 185 61 
294 95 474 
278 412 119 
422 416 153 
256 459 0 
99 17 219 
265 439 410 
232 243 411 
481 390 230 
495 146 132 
22 254 190 
266 153 145 
51 231 379 
306 3 362 
270 199 270 
207 273 114 
145 128 399 
216 325 195 
54 325 205 
75 376 471 
34 485 171 
401 261 289 
85 309 442 
471 444 361 
292 24 77 
114 108 91 
194 278 204 
312 310 147 
169 4 325 
491 444 120 
466 123 151 
12 33 152 
180 244 197 
212 124 292 
103 74 98 
445 401 302 
281 85 495 
316 340 215 
276 413 342 
61 37 423 
239 444 254 
189 426 78 
150 182 3 
212 98 133 
16 122 205 
298 329 7 
3 20 158 
1 180 299 
115 446 149 
436 359 366 
34 45 68 
301 446 447 
378 21 204 
212 470 77 
379 33 427 
458 386 436 
294 131 59 
283 35 372 
357 225 120 
135 151 142 
193 202 288 
355 145 249 
6 148 376 
117 357 234 
222 488 293 
249 189 223 
474 347 199 
141 455 280 
60 241 90 
348 459 139 
385 487 75 
314 243 3 
68 466 105 
9 340 445 
119 356 194 
47 491 10 
373 442 385 
262 6 209 
434 369 16 
133 431 457 
156 87 44 
69 110 233 
23 442 79 
59 439 325 
146 270 451 
69 57 343 
469 116 376 
159 55 338 
450 167 485 
144 200 188 
119 368 36 
229 294 374 
462 452 388 
208 413 292 
197 376 13 
127 458 410 
81 301 296 
321 434 133 
456 19 123 
432 246 260 
27 453 388 
336 65 122 
59 329 91 
246 238 229 
459 148 154 
218 241 297 
430 303 386 
275 99 459 
414 136 167 
464 486 182 
113 202 362 
309 9 159 
489 463 410 
458 100 104 
420 328 275 
361 387 96 
340 264 328 
0 174 270 
338 205 317 
26 162 50 
61 26 384 
56 337 195 
241 483 107 
178 135 58 
414 137 144 
291 247 334 
147 260 148 
94 327 444 
102 455 246 
471 423 300 
403 194 142 
401 450 168 
447 471 413 
309 399 489 
199 388 192 
358 172 380 
209 363 150 
97 150 402 
361 493 383 
92 291 170 
295 200 12 
485 415 361 
476 470 325 
82 13 109 
297 390 473 
112 19 347 
405 215 211 
420 345 412 
77 446 449 
1 468 71 
308 173 118 
346 335 302 
490 20 52 
112 159 92 
358 262 357 
15 473 403 
19 411 372 
458 488 177 
331 443 222 
94 426 65 
321 403 121 
312 408 245 
141 132 102 
112 206 300 
360 192 214 
337 172 451 
164 32 91 
10 307 143 
36 242 353 
97 317 243 
210 92 122 
115 106 427 
388 458 126 
170 480 358 
276 217 105 
119 21 279 
328 289 6 
127 412 469 
443 88 343 
339 110 134 
85 333 435 
416 299 25 
172 491 411 
36 22 81 
278 363 61 
304 66 449 
457 177 75 
191 237 28 
54 284 256 
274 458 144 
439 178 307 
323 134 235 
456 492 459 
391 280 100 
133 285 118 
250 490 127 
255 96 277 
122 12 323 
147 400 88 
238 345 128 
180 269 346 
222 111 229 
492 362 426 
499 214 383 
213 450 175 
409 154 98 
177 48 22 
199 433 164 
451 319 372 
182 91 116 
480 473 292 
106 474 257 
72 101 227 
333 455 36 
445 56 163 
72 136 159 
196 449 162 
146 62 140 
356 161 213 
50 383 374 
427 349 292 
152 196 355 
372 288 135 
16 24 80 
281 242 137 
220 441 21 
495 161 3 
421 208 70 
265 127 52 
455 308 476 
360 492 115 
337 60 6 
451 432 42 
137 212 176 
383 174 335 
245 297 206 
481 387 206 
416 187 404 
7 55 48 
9 339 210 
490 369 364 
393 92 150 
170 415 370 
97 400 286 
26 309 199 
316 337 488 
125 75 204 
314 347 483 
389 485 488 
181 107 62 
274 496 129 
496 202 456 
54 373 40 
326 203 463 
93 243 10 
462 142 358 
116 321 198 
453 89 91 
227 124 51 
288 234 76 
157 465 73 
367 351 183 
491 5 192 
129 83 317 
252 276 101 
294 128 80 
