1000
3
79 225 14 
134 239 36 
261 167 177 
0 393 279 
88 499 248 
169 42 140 
180 235 219 
292 70 5 
429 156 420 
256 128 182 
370 63 417 
279 346 465 
475 392 87 
362 302 426 
256 215 483 
177 39 69 
145 15 184 
298 422 223 
113 180 399 
65 483 399 
255 61 130 
398 195 21 
283 181 170 
19 314 74 
470 280 416 
241 78 463 
87 283 261 
170 466 475 
282 259 209 
5 43 234 
221 161 331 
47 64 435 
114 460 375 
9 311 182 
181 280 433 
69 265 421 
349 253 441 
228 293 87 
481 188 150 
153 83 419 
55 59 185 
75 417 19 
282 470 480 
348 390 319 
259 335 188 
198 32 243 
389 423 16 
343 47 154 
398 262 202 
27 371 191 
8 206 341 
427 71 474 
53 181 162 
8 172 436 
445 373 346 
372 319 240 
230 131 187 
155 138 242 
27 89 214 
401 272 482 
125 147 154 
378 369 51 
21 48 163 
413 106 440 
34 169 83 
324 496 180 
498 137 320 
8 229 416 
60 265 239 
159 35 85 
60 383 208 
360 34 208 
157 391 44 
226 494 483 
156 10 242 
247 165 357 
341 347 469 
273 281 359 
191 96 470 
332 457 443 
272 425 281 
47 67 62 
241 12 431 
254 59 468 
220 448 30 
11 457 350 
183 198 152 
237 296 348 
253 280 426 
437 272 359 
372 290 362 
79 224 398 
52 449 13 
249 402 81 
63 434 367 
3 426 114 
306 177 144 
208 66 430 
103 343 108 
442 2 149 
425 186 371 
202 355 148 
248 396 305 
382 108 207 
310 200 91 
220 284 467 
210 308 429 
92 144 187 
235 19 230 
110 98 14 
34 230 338 
433 264 219 
61 352 126 
225 94 479 
84 319 356 
322 376 262 
414 94 261 
372 171 141 
193 278 11 
394 369 80 
252 420 135 
457 431 393 
122 483 168 
458 473 9 
493 162 267 
244 183 68 
245 363 107 
487 231 147 
147 314 184 
167 261 449 
228 25 29 
499 356 270 
12 461 312 
273 414 23 
206 416 44 
326 104 346 
163 470 364 
245 309 403 
307 340 421 
135 371 241 
459 379 27 
418 338 44 
45 113 9 
436 80 66 
341 266 440 
105 285 203 
198 198 305 
151 65 250 
405 364 251 
199 394 110 
130 83 123 
472 446 210 
365 255 256 
402 421 180 
421 268 400 
1 380 418 
397 25 411 
47 0 304 
129 392 219 
400 142 245 
332 281 332 
399 313 280 
445 473 420 
403 98 313 
333 25 139 
471 87 213 
186 385 167 
112 166 334 
320 469 448 
145 158 409 
272 125 358 
397 314 355 
387 312 312 
276 215 85 
322 422 385 
153 142 366 
31 149 181 
207 382 173 
474 22 301 
425 189 434 
63 485 25 
47 293 297 
335 396 3 
50 472 398 
84 160 277 
16 361 329 
453 221 99 
227 41 237 
365 358 21 
72 444 389 
248 311 250 
475 364 172 
6 54 100 
51 195 108 
151 192 393 
450 350 333 
440 242 486 
373 131 332 
436 425 17 
201 222 430 
440 413 442 
288 259 0 
347 412 154 
131 64 94 
37 149 290 
281 21 357 
239 243 160 
47 360 301 
376 31 179 
244 94 157 
289 407 413 
236 395 457 
150 98 261 
134 192 298 
304 210 325 
149 310 202 
184 249 388 
256 387 492 
95 73 493 
313 140 310 
179 454 10 
24 388 251 
278 298 2 
202 474 498 
125 57 468 
99 321 20 
321 234 191 
323 142 114 
358 313 295 
206 486 50 
179 423 250 
384 145 260 
435 473 116 
202 465 461 
410 416 112 
444 139 396 
327 330 53 
489 289 167 
432 358 136 
82 260 263 
479 182 167 
70 485 380 
37 240 124 
460 368 315 
41 314 49 
369 185 472 
397 283 304 
480 12 356 
282 161 231 
300 411 327 
386 409 33 
388 305 53 
229 68 84 
106 315 490 
375 496 2 
309 240 381 
64 253 67 
51 56 472 
215 34 351 
76 259 440 
85 437 382 
199 303 164 
108 403 382 
42 29 257 
106 47 264 
304 430 466 
329 203 470 
271 181 119 
63 108 303 
407 342 69 
47 354 263 
207 50 290 
37 444 193 
91 143 253 
412 170 227 
216 332 200 
355 85 481 
475 497 425 
74 105 276 
195 422 360 
397 407 295 
486 192 153 
315 13 415 
174 103 274 
6 341 437 
212 17 169 
146 469 370 
159 200 17 
400 76 290 
483 116 257 
298 393 120 
408 160 39 
494 431 109 
184 78 35 
99 29 373 
18 401 64 
21 126 251 
301 171 374 
222 359 0 
64 82 66 
431 207 66 
104 377 289 
314 183 271 
21 188 428 
349 114 65 
122 97 385 
242 489 358 
202 206 273 
158 204 44 
210 443 228 
218 314 249 
435 349 408 
222 205 288 
20 212 463 
365 380 445 
276 467 370 
141 132 45 
63 316 230 
80 405 379 
12 0 160 
56 349 161 
163 14 411 
197 86 126 
482 295 96 
37 98 242 
56 432 489 
236 253 439 
145 70 107 
315 21 73 
484 437 394 
131 164 67 
494 136 393 
389 173 109 
48 22 337 
34 277 266 
432 128 45 
212 380 298 
131 5 79 
141 72 332 
196 444 68 
281 258 413 
367 268 176 
414 400 363 
223 184 461 
341 97 330 
396 38 495 
319 439 64 
330 277 184 
340 154 490 
283 29 11 
313 132 215 
121 255 312 
32 435 356 
176 160 236 
140 490 491 
359 30 173 
15 370 284 
252 13 215 
299 176 308 
350 34 371 
313 489 489 
32 86 325 
267 75 442 
7 157 25 
416 449 76 
118 108 303 
219 381 270 
69 217 311 
349 446 409 
458 396 131 
195 140 49 
167 388 223 
52 128 359 
457 315 235 
90 246 290 
128 388 166 
392 69 116 
85 218 272 
240 469 234 
424 169 4 
382 334 458 
107 123 493 
57 70 459 
373 45 185 
481 124 191 
409 67 418 
136 245 352 
368 402 172 
78 444 463 
228 400 412 
375 252 464 
209 116 207 
10 375 125 
414 160 400 
83 420 18 
1 50 328 
79 12 315 
463 35 304 
285 53 281 
163 108 168 
225 108 78 
59 31 394 
207 165 106 
384 407 205 
54 473 23 
437 294 11 
446 192 6 
101 327 161 
302 355 120 
452 56 171 
489 47 87 
350 95 278 
78 32 341 
396 212 332 
348 16 247 
236 331 93 
439 106 385 
6 484 249 
403 43 84 
335 351 380 
315 423 444 
140 57 82 
233 83 463 
379 408 388 
302 133 7 
171 341 226 
33 135 15 
345 83 396 
400 360 27 
303 109 269 
131 243 166 
487 383 280 
228 33 121 
415 160 155 
498 118 347 
269 381 342 
497 170 83 
91 337 421 
249 467 19 
342 463 247 
41 188 76 
315 264 231 
140 485 259 
419 218 354 
98 24 217 
125 280 240 
233 361 127 
491 140 246 
441 434 315 
423 497 388 
35 287 176 
389 441 169 
15 184 386 
307 418 108 
113 32 461 
27 51 350 
119 136 148 
71 351 363 
83 247 28 
187 68 252 
262 96 107 
449 443 212 
194 122 89 
480 44 492 
161 383 149 
73 64 491 
310 16 379 
231 241 266 
444 237 282 
358 225 385 
29 461 45 
48 259 364 
69 92 397 
364 350 97 
372 239 168 
113 451 292 
389 452 360 
367 20 237 
353 33 47 
2 292 288 
36 108 429 
264 75 91 
184 193 55 
174 327 84 
8 226 437 
449 196 405 
427 371 442 
34 103 416 
70 4 139 
39 456 448 
277 253 277 
279 85 312 
69 169 256 
458 459 101 
238 250 409 
7 119 272 
440 373 259 
412 336 301 
393 339 218 
474 404 449 
287 273 488 
191 213 63 
224 140 140 
14 32 103 
143 55 482 
105 270 184 
158 164 273 
438 30 109 
435 477 33 
122 323 99 
276 20 316 
443 431 236 
51 160 411 
349 55 323 
180 355 63 
42 226 71 
343 97 257 
24 193 255 
286 328 122 
63 371 179 
102 421 270 
490 246 24 
493 352 252 
121 165 252 
4 110 484 
462 149 470 
287 391 72 
63 314 192 
394 106 336 
286 30 97 
486 302 285 
429 199 120 
394 259 130 
134 414 327 
31 347 316 
145 413 1 
411 13 160 
204 337 180 
328 445 40 
420 491 183 
499 357 152 
230 454 158 
78 282 60 
73 206 410 
443 18 452 
435 491 243 
445 39 284 
380 466 16 
37 122 495 
330 417 380 
31 144 53 
382 260 7 
85 218 63 
472 316 200 
13 57 346 
301 281 444 
241 476 333 
224 56 466 
333 417 209 
128 447 151 
491 127 65 
378 180 272 
150 322 268 
434 443 398 
73 33 151 
282 312 457 
409 226 22 
260 178 341 
432 5 100 
80 129 90 
244 17 141 
317 73 452 
499 387 370 
22 21 206 
214 135 420 
41 440 310 
103 106 365 
53 385 468 
10 66 131 
106 223 393 
412 476 90 
255 155 438 
438 473 347 
112 392 243 
39 149 99 
45 293 159 
488 476 493 
7 89 412 
491 382 451 
173 165 97 
331 12 196 
491 41 210 
390 149 165 
145 264 357 
184 50 450 
468 471 274 
212 499 347 
336 478 389 
44 357 456 
48 59 465 
115 293 332 
21 403 441 
85 461 385 
102 173 467 
270 92 462 
75 15 10 
397 320 57 
141 177 243 
304 224 322 
390 232 148 
148 159 319 
327 341 192 
354 88 11 
109 428 139 
95 77 249 
276 150 352 
413 93 90 
449 147 221 
34 60 193 
235 160 281 
266 0 416 
213 275 210 
142 205 165 
327 17 37 
240 498 298 
325 100 469 
444 124 260 
82 353 370 
419 476 426 
16 332 187 
446 152 251 
484 441 178 
243 291 80 
80 171 94 
132 149 215 
464 187 388 
168 403 308 
236 320 472 
263 448 165 
172 198 342 
46 275 119 
128 95 402 
353 375 113 
354 427 364 
109 477 448 
30 199 80 
418 79 85 
466 74 198 
22 321 440 
289 145 239 
124 290 441 
132 288 150 
74 207 430 
215 491 371 
330 367 263 
381 161 463 
204 39 314 
480 279 447 
454 185 21 
6 163 14 
394 448 337 
253 455 102 
124 264 375 
376 483 415 
272 25 498 
219 221 64 
4 452 120 
49 143 84 
157 117 120 
106 141 354 
396 486 69 
479 258 387 
484 165 68 
331 360 480 
491 210 49 
409 54 226 
451 364 19 
434 213 169 
170 307 160 
387 104 120 
459 218 468 
59 414 96 
21 358 246 
224 183 426 
323 114 356 
236 309 230 
279 78 132 
456 155 489 
215 276 103 
96 24 327 
155 308 222 
174 143 208 
61 112 487 
248 127 324 
154 307 161 
489 185 342 
108 397 76 
284 346 244 
349 447 52 
254 465 329 
25 156 3 
145 322 342 
328 308 286 
497 265 461 
430 448 80 
349 297 198 
386 339 334 
262 326 240 
295 236 239 
3 126 498 
160 149 27 
287 109 239 
272 57 231 
453 264 341 
17 140 243 
213 82 271 
273 70 426 
60 204 184 
112 14 71 
360 119 414 
216 409 73 
131 269 398 
58 299 266 
200 265 185 
80 7 269 
209 143 347 
91 135 167 
346 119 36 
200 72 483 
54 232 192 
363 458 290 
306 304 5 
200 59 76 
140 254 78 
470 146 382 
231 307 417 
413 450 248 
303 112 424 
480 131 377 
278 235 215 
416 257 301 
235 93 407 
144 45 104 
29 60 111 
388 320 113 
338 438 273 
29 427 309 
393 40 405 
380 358 133 
170 172 174 
282 347 332 
366 451 159 
188 186 78 
416 217 368 
131 203 350 
358 199 178 
248 153 177 
343 488 260 
400 91 150 
447 454 496 
131 231 411 
81 100 475 
111 317 227 
63 281 243 
342 208 319 
284 438 143 
151 146 35 
148 341 430 
217 429 44 
350 412 191 
391 326 489 
41 404 420 
72 8 419 
198 322 216 
202 88 68 
53 14 75 
183 344 350 
422 280 277 
175 447 68 
462 7 174 
152 87 60 
199 66 174 
350 261 491 
473 105 304 
402 2 176 
92 499 279 
182 132 397 
161 307 274 
499 327 441 
443 189 280 
186 259 15 
333 109 167 
158 136 124 
189 243 454 
156 223 58 
228 32 422 
127 403 481 
481 461 437 
139 41 27 
392 118 105 
93 178 220 
137 397 443 
82 119 218 
119 122 258 
290 100 243 
126 434 276 
469 312 348 
271 457 324 
182 245 473 
205 258 291 
185 386 191 
213 381 284 
81 443 383 
359 49 37 
41 205 296 
373 464 449 
163 207 300 
313 265 265 
252 457 120 
153 154 217 
210 137 280 
221 291 345 
10 231 240 
95 128 265 
312 172 369 
402 383 359 
218 284 375 
101 149 417 
251 160 317 
355 392 316 
234 360 484 
212 310 466 
433 353 139 
196 178 54 
433 395 97 
84 241 477 
341 293 17 
104 377 249 
251 247 34 
408 391 238 
493 15 224 
151 472 326 
263 190 298 
106 127 41 
51 289 163 
89 182 207 
266 330 4 
331 285 197 
482 96 438 
392 98 342 
168 315 435 
402 356 215 
413 329 399 
292 45 284 
395 92 479 
294 260 294 
187 339 159 
368 273 286 
29 82 280 
489 259 385 
406 272 283 
117 126 248 
123 158 157 
315 357 257 
78 290 146 
171 465 175 
321 158 94 
112 33 141 
443 24 415 
455 446 253 
282 208 496 
276 108 384 
451 462 437 
241 318 479 
299 436 150 
137 245 155 
174 58 358 
394 477 43 
271 188 41 
171 38 241 
332 0 34 
46 482 429 
278 321 185 
139 381 192 
89 161 88 
41 220 185 
196 456 126 
377 140 241 
339 328 338 
84 258 322 
418 79 130 
1 387 375 
345 375 411 
379 20 441 
124 55 445 
146 232 333 
472 57 161 
242 229 151 
201 75 256 
23 322 58 
191 265 47 
385 473 190 
170 443 164 
382 406 435 
333 262 197 
318 264 248 
51 35 382 
486 443 161 
231 412 286 
301 489 227 
37 151 196 
308 97 272 
36 440 407 
130 301 434 
51 268 150 
266 140 124 
224 257 473 
3 387 223 
344 173 471 
393 424 442 
297 61 38 
445 332 75 
276 59 80 
114 269 456 
174 239 342 
399 309 362 
479 159 418 
272 278 250 
362 398 144 
13 294 168 
409 463 412 
125 235 289 
317 94 252 
387 63 490 
341 172 172 
438 123 339 
366 262 279 
93 266 321 
286 388 147 
197 316 139 
316 435 391 
103 327 66 
352 495 189 
262 393 179 
239 257 278 
96 215 338 
386 68 251 
206 235 4 
79 100 106 
428 475 404 
196 338 352 
113 100 275 
292 225 366 
119 173 6 
480 300 391 
246 97 170 
410 463 187 
151 426 85 
396 18 359 
341 396 242 
461 152 47 
173 388 82 
2 234 469 
237 273 480 
237 9 179 
209 496 370 
469 88 106 
405 370 75 
478 84 489 
264 220 433 
213 27 37 
45 173 357 
426 42 67 
108 342 271 
28 60 28 
46 123 14 
217 305 423 
324 479 416 
315 324 72 
458 284 14 
443 130 221 
94 391 163 
480 231 419 
393 229 146 
189 55 132 
22 48 70 
340 228 486 
226 163 27 
73 136 198 
119 343 444 
145 165 39 
78 168 203 
220 69 245 
153 283 259 
219 339 328 
113 476 337 
67 110 10 
362 271 294 
88 341 228 
210 459 408 
