1000
3
182 61 372 
71 84 441 
389 25 434 
414 346 264 
0 452 381 
267 453 344 
73 215 347 
457 228 36 
310 155 81 
311 109 312 
316 106 456 
498 485 373 
374 37 440 
313 135 110 
135 456 186 
490 299 26 
348 406 346 
115 364 427 
23 173 104 
477 215 308 
226 233 154 
88 421 397 
482 88 315 
53 140 110 
359 92 487 
187 312 204 
191 21 264 
191 5 306 
315 207 337 
249 472 137 
368 77 134 
233 281 90 
25 446 164 
17 137 362 
301 398 100 
41 331 469 
235 176 249 
286 413 364 
287 430 280 
113 386 224 
50 441 421 
488 301 457 
43 423 441 
144 291 496 
94 134 203 
263 161 113 
290 129 74 
212 485 140 
164 397 135 
33 286 465 
138 204 371 
265 78 367 
239 180 186 
120 195 460 
154 41 443 
371 106 373 
290 483 293 
165 39 206 
223 356 380 
333 422 177 
443 467 413 
328 58 466 
302 236 195 
22 220 96 
361 37 273 
416 39 228 
190 219 415 
241 51 223 
108 53 11 
9 301 145 
391 188 89 
376 155 417 
263 200 173 
97 286 187 
95 155 195 
389 117 392 
148 453 172 
145 421 320 
46 188 162 
329 149 304 
215 116 371 
411 477 186 
72 437 182 
199 320 115 
168 431 277 
230 239 377 
22 379 208 
142 106 448 
155 163 470 
193 97 347 
377 176 395 
151 134 290 
379 183 153 
76 328 418 
31 223 313 
263 208 16 
51 412 115 
239 424 231 
37 131 441 
280 44 228 
33 57 123 
129 360 426 
359 169 462 
470 140 269 
160 142 125 
91 401 109 
151 458 458 
260 497 446 
404 33 109 
459 28 267 
379 130 177 
393 375 296 
203 56 374 
464 447 123 
498 152 122 
402 7 332 
111 479 449 
403 461 74 
423 14 324 
43 23 163 
463 322 304 
367 319 46 
466 284 350 
55 148 199 
142 398 168 
397 167 356 
496 433 124 
420 72 71 
259 93 98 
308 291 32 
121 131 334 
255 67 254 
177 388 310 
342 483 116 
429 61 239 
432 32 406 
258 177 25 
164 280 456 
283 455 420 
114 61 296 
142 434 65 
272 178 254 
127 125 31 
183 376 13 
445 86 152 
288 158 51 
307 248 251 
8 113 248 
483 191 286 
10 28 117 
445 174 473 
304 225 189 
45 293 125 
107 119 87 
348 17 197 
11 277 362 
390 301 402 
377 198 27 
265 28 284 
241 293 393 
416 474 121 
386 364 467 
482 238 353 
149 308 431 
339 89 75 
307 77 208 
485 173 188 
61 251 400 
140 227 441 
294 192 207 
379 339 190 
76 366 400 
191 145 337 
416 370 157 
60 39 196 
439 119 198 
499 28 336 
115 216 211 
460 158 208 
147 95 348 
123 212 6 
420 477 59 
471 252 109 
332 160 143 
446 431 3 
5 494 379 
22 107 303 
248 105 485 
138 427 287 
366 34 384 
410 484 169 
316 473 21 
118 229 261 
198 315 475 
285 102 151 
304 154 26 
153 332 294 
469 3 288 
85 171 21 
413 274 60 
210 394 268 
200 66 71 
300 373 39 
316 168 445 
437 477 322 
329 12 116 
447 283 60 
82 196 340 
129 459 243 
337 419 374 
415 369 441 
328 129 437 
273 189 227 
165 307 440 
211 239 75 
297 209 132 
498 94 6 
190 469 141 
65 181 264 
398 368 147 
374 440 292 
121 470 407 
174 91 199 
242 10 356 
374 111 278 
206 176 460 
93 40 235 
131 499 440 
426 394 475 
3 385 229 
311 149 311 
341 376 242 
146 231 151 
302 408 402 
261 270 408 
15 15 299 
133 331 353 
357 321 483 
420 280 271 
7 88 223 
50 207 105 
87 181 264 
142 35 239 
36 127 118 
488 230 456 
8 190 0 
267 462 254 
391 3 210 
276 29 84 
436 2 10 
495 412 425 
189 309 409 
162 277 384 
437 71 461 
95 486 34 
429 79 353 
27 368 180 
428 27 186 
106 207 30 
274 17 119 
105 318 43 
106 265 487 
304 38 292 
128 361 486 
93 338 494 
420 36 39 
26 22 420 
477 50 111 
408 410 118 
269 121 17 
67 13 62 
299 462 366 
383 104 18 
267 480 454 
393 41 370 
289 241 395 
204 40 462 
166 131 427 
28 263 420 
74 410 439 
96 487 495 
17 314 141 
458 152 190 
305 6 5 
246 329 163 
463 461 280 
339 162 135 
60 173 289 
494 204 147 
282 224 458 
476 409 204 
368 24 316 
464 476 177 
78 290 450 
320 422 457 
471 1 115 
110 143 293 
447 396 123 
176 144 229 
38 114 383 
476 455 223 
228 275 380 
275 243 227 
293 334 454 
319 386 469 
439 346 427 
166 410 41 
408 86 164 
353 318 79 
279 274 349 
414 414 232 
479 487 219 
187 162 80 
316 410 138 
133 104 2 
90 369 404 
386 361 134 
235 299 49 
331 230 120 
356 491 360 
491 183 454 
350 383 76 
8 235 91 
43 86 100 
418 205 494 
247 154 66 
239 369 350 
201 17 14 
398 130 243 
261 294 33 
130 117 239 
441 427 225 
379 313 194 
323 0 222 
6 159 307 
317 152 95 
203 309 139 
118 301 416 
387 4 81 
441 47 345 
478 249 449 
386 162 214 
272 329 346 
145 17 375 
345 248 427 
385 481 298 
497 485 490 
160 359 123 
102 188 292 
388 113 107 
38 354 122 
484 493 442 
185 432 334 
463 129 75 
49 136 446 
241 290 150 
87 188 464 
372 61 126 
420 12 188 
3 324 275 
400 395 189 
196 152 406 
24 477 63 
196 401 255 
339 288 314 
6 159 168 
278 142 498 
284 297 440 
234 356 113 
168 44 108 
211 476 345 
259 264 442 
89 160 80 
360 148 118 
360 469 174 
281 152 35 
321 74 59 
248 398 100 
72 238 185 
414 487 289 
482 387 93 
427 464 156 
362 286 233 
80 11 206 
265 421 55 
237 132 207 
323 277 371 
451 295 126 
195 122 85 
206 340 316 
213 273 497 
224 450 21 
458 130 235 
111 88 36 
490 216 332 
82 239 39 
262 384 347 
84 441 211 
216 110 4 
161 300 118 
121 369 268 
462 210 311 
362 117 381 
392 88 300 
177 455 302 
25 271 464 
356 495 456 
150 28 147 
103 61 194 
54 291 333 
477 369 183 
218 271 22 
474 209 386 
336 168 127 
425 422 113 
105 2 81 
246 144 197 
461 121 240 
195 286 490 
129 142 116 
246 238 340 
420 491 450 
456 478 266 
292 0 289 
356 454 401 
482 280 138 
13 277 223 
82 335 84 
202 307 50 
146 425 381 
363 185 66 
332 481 193 
264 299 51 
38 93 362 
81 296 83 
155 429 46 
474 479 93 
104 156 130 
1 110 223 
117 130 26 
21 243 14 
289 466 372 
416 383 494 
402 381 302 
426 230 185 
338 0 403 
320 167 491 
214 228 474 
400 295 224 
161 32 295 
19 271 248 
27 183 44 
96 125 62 
155 77 130 
173 86 20 
412 357 342 
379 177 183 
9 282 389 
352 212 312 
434 319 254 
329 78 318 
200 420 395 
372 390 242 
98 213 416 
386 201 304 
422 296 172 
267 153 444 
499 469 8 
60 207 100 
394 195 50 
83 86 133 
333 277 485 
272 481 200 
327 141 17 
466 115 84 
368 42 117 
350 355 156 
94 220 230 
163 55 5 
376 328 139 
461 24 99 
475 74 224 
189 387 145 
309 161 271 
449 390 213 
379 51 46 
318 197 49 
11 105 454 
182 437 380 
124 441 12 
119 27 50 
392 284 10 
302 455 331 
173 98 221 
388 205 205 
323 339 472 
495 60 464 
344 335 430 
328 27 203 
458 257 486 
411 148 311 
262 155 277 
157 51 393 
398 65 48 
11 323 440 
383 351 5 
250 335 5 
42 366 396 
66 311 491 
360 409 482 
285 96 56 
334 99 241 
258 392 295 
250 489 6 
117 171 492 
479 437 3 
9 157 55 
403 476 127 
277 315 427 
138 132 414 
98 152 105 
20 408 408 
71 144 38 
357 65 354 
28 105 425 
426 101 210 
377 71 48 
498 371 161 
496 216 63 
218 174 383 
21 147 134 
322 244 404 
375 497 211 
226 464 144 
340 457 3 
129 487 246 
495 16 433 
269 55 224 
216 8 162 
289 360 105 
290 334 84 
379 179 113 
295 369 109 
189 495 99 
474 228 28 
6 382 133 
389 70 181 
337 396 494 
444 351 64 
28 73 322 
191 360 24 
144 247 197 
47 116 58 
131 449 148 
291 211 191 
69 416 464 
177 285 405 
159 344 176 
139 294 245 
475 9 314 
277 166 457 
127 464 183 
196 253 489 
160 472 186 
196 38 407 
260 271 301 
296 144 295 
257 186 60 
279 10 197 
41 111 400 
97 42 470 
325 449 102 
362 253 317 
480 105 141 
386 490 274 
396 407 243 
430 94 125 
427 390 178 
91 409 102 
303 439 195 
358 127 470 
398 181 493 
164 293 54 
169 497 161 
436 466 59 
199 167 48 
443 214 21 
32 259 411 
228 190 342 
499 125 362 
172 96 341 
150 122 228 
357 444 14 
307 259 111 
304 221 281 
252 167 145 
394 448 339 
428 327 221 
317 197 321 
131 358 121 
372 120 394 
312 194 143 
431 212 106 
434 314 294 
122 167 481 
459 92 151 
99 131 261 
459 79 58 
57 339 88 
449 467 496 
331 476 212 
472 157 458 
131 129 135 
465 228 253 
228 132 79 
266 314 467 
410 114 67 
411 142 369 
175 383 405 
82 243 495 
448 193 76 
23 496 359 
58 168 437 
485 197 435 
436 178 101 
147 94 450 
422 382 53 
142 46 479 
45 454 184 
395 465 368 
355 303 470 
474 435 26 
317 17 413 
140 408 9 
256 199 441 
100 428 201 
279 325 109 
223 471 79 
33 461 416 
487 60 363 
373 47 75 
344 414 299 
227 302 85 
338 421 139 
211 450 222 
276 120 129 
183 443 29 
118 347 366 
232 280 479 
495 357 54 
332 270 167 
147 356 392 
207 49 220 
214 266 33 
14 18 135 
305 162 382 
487 486 107 
489 341 357 
72 48 374 
238 453 234 
46 177 464 
217 321 181 
37 34 408 
294 6 411 
248 91 193 
443 176 365 
412 146 364 
419 386 367 
255 482 59 
317 223 113 
71 82 117 
327 425 343 
310 421 439 
197 36 32 
333 124 493 
183 398 247 
478 414 300 
75 91 355 
172 177 311 
218 206 107 
38 240 447 
135 446 356 
465 9 114 
243 97 170 
300 418 345 
246 151 330 
16 478 205 
448 29 82 
134 479 132 
179 208 27 
148 157 480 
232 128 273 
295 160 177 
350 466 382 
116 298 348 
76 130 23 
385 496 76 
36 320 191 
237 258 307 
299 323 301 
347 71 137 
204 319 257 
144 360 454 
327 338 442 
153 19 72 
263 459 150 
232 182 71 
108 481 140 
152 359 207 
356 113 230 
412 406 148 
61 293 126 
113 374 235 
336 352 446 
414 398 203 
126 216 290 
135 21 63 
68 254 456 
116 496 457 
257 351 315 
204 25 396 
188 139 5 
77 155 270 
328 350 212 
13 7 363 
253 345 382 
344 155 158 
79 75 468 
225 245 364 
343 415 64 
497 367 433 
123 294 41 
324 259 135 
489 224 154 
417 426 29 
324 235 399 
161 208 113 
94 261 170 
388 143 216 
62 126 388 
442 456 257 
409 287 385 
211 83 374 
263 352 183 
69 154 451 
72 127 40 
188 161 285 
67 203 282 
60 273 438 
195 252 317 
65 444 25 
437 147 468 
406 7 170 
168 250 382 
256 174 288 
177 360 223 
308 247 484 
451 301 184 
209 101 146 
260 266 351 
132 154 2 
36 153 335 
119 88 294 
465 444 349 
88 390 347 
340 482 262 
106 16 428 
402 161 439 
463 143 67 
434 304 359 
174 368 112 
111 72 6 
418 158 273 
346 132 494 
436 334 368 
253 490 157 
217 447 350 
409 443 251 
390 236 189 
232 391 104 
67 466 291 
217 216 2 
348 359 264 
375 110 154 
247 191 95 
31 257 250 
151 116 55 
181 322 127 
305 248 278 
391 318 374 
410 181 116 
482 297 439 
153 439 374 
43 22 200 
72 323 408 
55 473 448 
33 449 167 
257 164 412 
314 178 425 
139 59 174 
335 66 131 
471 162 142 
89 261 453 
280 401 262 
225 255 132 
29 385 247 
333 28 118 
178 282 269 
494 375 277 
90 384 378 
376 245 307 
103 419 407 
119 113 481 
459 275 271 
97 196 349 
135 54 444 
452 455 239 
233 52 194 
249 367 255 
291 136 431 
298 376 388 
410 58 238 
273 397 413 
201 146 170 
124 300 11 
137 78 296 
218 101 332 
102 248 426 
489 383 110 
283 294 443 
470 8 394 
318 457 48 
192 295 74 
121 122 17 
217 441 230 
161 247 124 
92 3 49 
276 142 226 
136 338 355 
131 47 366 
428 296 28 
75 454 206 
346 284 478 
29 361 55 
118 186 344 
497 4 224 
452 75 206 
254 225 419 
192 300 470 
47 160 477 
346 323 235 
86 258 194 
28 101 119 
348 342 57 
44 419 495 
294 77 481 
54 265 166 
240 205 147 
295 57 468 
127 423 227 
145 101 289 
63 485 80 
167 39 361 
312 296 88 
175 67 491 
77 459 471 
22 265 365 
90 483 104 
413 140 200 
411 22 369 
334 367 497 
143 102 397 
193 479 147 
108 365 238 
497 6 290 
282 195 248 
395 132 349 
146 396 449 
360 428 126 
351 326 315 
96 94 403 
463 303 475 
259 306 404 
447 35 286 
0 467 254 
417 1 303 
224 118 391 
300 16 139 
295 170 16 
170 59 491 
107 53 24 
232 136 375 
454 106 450 
304 457 452 
43 209 117 
171 163 50 
351 14 1 
13 319 357 
233 425 178 
266 464 211 
473 353 349 
168 237 377 
375 315 11 
406 185 486 
420 309 146 
469 301 14 
444 251 360 
403 406 279 
382 231 459 
95 226 473 
267 395 312 
11 166 116 
256 146 424 
327 298 305 
155 13 417 
294 272 334 
80 101 101 
72 64 209 
428 218 330 
220 337 85 
438 251 354 
334 204 207 
136 85 495 
250 76 327 
279 154 463 
272 213 425 
94 64 318 
286 378 40 
344 484 263 
231 485 338 
249 172 374 
419 96 36 
257 219 105 
457 52 26 
314 374 497 
357 55 488 
303 376 156 
371 146 235 
131 295 231 
74 282 78 
164 467 310 
151 479 162 
295 68 230 
273 232 281 
306 146 223 
394 445 46 
462 251 355 
444 161 142 
77 79 384 
490 98 301 
42 19 394 
21 11 379 
204 315 427 
272 172 308 
472 143 94 
469 126 293 
71 294 384 
148 101 200 
6 403 487 
138 153 56 
287 5 306 
102 168 155 
214 143 477 
412 109 358 
43 204 35 
150 459 24 
432 13 435 
131 124 320 
486 409 6 
240 40 429 
10 385 424 
451 222 215 
311 353 206 
303 338 266 
469 40 171 
282 64 215 
473 458 61 
344 264 403 
416 206 117 
11 130 119 
392 194 7 
138 165 103 
52 82 29 
404 319 264 
256 380 470 
8 271 456 
314 333 172 
85 20 419 
124 425 395 
467 178 273 
221 454 426 
114 489 54 
68 477 102 
338 302 354 
205 101 90 
120 160 239 
393 228 115 
432 377 395 
213 62 109 
441 261 210 
