1000
3
195 34 107 
148 201 430 
376 109 449 
16 91 6 
225 218 335 
352 251 417 
473 428 243 
150 251 134 
336 72 495 
139 25 145 
38 285 131 
44 458 274 
85 495 103 
494 85 379 
42 335 398 
482 40 366 
462 351 172 
333 48 96 
20 15 123 
441 219 344 
363 333 253 
183 498 111 
308 326 420 
28 294 277 
56 419 44 
90 438 486 
94 61 173 
84 166 160 
310 276 147 
86 387 33 
162 350 155 
291 11 75 
367 307 6 
382 374 367 
410 420 174 
45 108 146 
398 54 133 
435 489 327 
189 326 260 
308 183 470 
97 218 255 
19 444 75 
156 137 178 
403 91 283 
446 458 45 
450 452 301 
467 285 266 
187 228 335 
297 253 14 
468 111 378 
438 135 83 
345 254 64 
255 65 52 
442 24 104 
388 289 73 
371 416 140 
356 302 52 
482 197 311 
365 310 185 
78 328 128 
4 353 91 
218 123 245 
172 81 192 
185 58 370 
356 114 184 
41 355 156 
211 241 41 
325 25 392 
144 476 55 
474 193 430 
95 327 412 
440 442 211 
473 424 277 
58 235 107 
60 107 478 
344 136 161 
380 264 451 
237 124 166 
158 56 311 
305 86 259 
114 436 16 
333 198 334 
63 408 39 
91 164 203 
295 464 221 
284 314 199 
480 385 171 
119 366 473 
395 80 396 
443 118 26 
150 424 163 
188 355 313 
296 296 174 
499 179 14 
138 95 449 
486 461 334 
405 19 191 
407 66 190 
10 277 452 
68 374 119 
177 391 455 
397 73 428 
71 81 256 
443 71 412 
144 48 14 
48 449 211 
49 263 474 
375 341 354 
119 403 473 
183 178 53 
97 209 71 
113 329 87 
294 418 25 
364 268 448 
129 26 82 
62 289 104 
411 314 115 
471 246 492 
199 98 259 
440 264 490 
310 260 273 
329 169 210 
289 25 216 
263 224 485 
432 66 66 
69 226 471 
434 229 319 
363 48 140 
107 129 101 
270 153 404 
332 255 18 
317 397 215 
479 4 413 
260 250 138 
461 110 242 
308 422 490 
187 137 186 
357 316 183 
492 141 339 
256 82 479 
415 147 188 
488 153 484 
441 14 333 
94 222 450 
137 260 323 
5 424 52 
187 364 145 
497 332 469 
463 412 427 
371 281 314 
246 86 335 
273 475 40 
347 32 107 
32 411 464 
324 418 8 
361 3 56 
63 50 382 
20 328 34 
289 25 132 
456 321 348 
121 430 6 
157 14 106 
419 424 221 
10 268 136 
168 18 415 
261 371 160 
37 405 339 
152 51 105 
497 262 324 
90 199 385 
139 68 68 
482 94 301 
92 394 82 
23 62 9 
230 265 269 
20 328 326 
410 234 80 
349 228 15 
22 75 71 
314 458 241 
303 381 439 
458 85 195 
93 30 96 
294 418 118 
246 170 397 
457 294 39 
153 158 354 
491 24 452 
81 348 235 
219 411 89 
327 345 441 
331 482 314 
144 336 448 
36 99 217 
442 116 333 
485 24 262 
302 350 155 
407 194 282 
38 374 19 
46 370 488 
183 436 74 
309 13 60 
257 473 298 
79 454 111 
358 127 269 
5 220 430 
4 241 359 
308 167 252 
198 384 466 
51 442 373 
8 406 385 
183 243 385 
131 270 234 
170 434 265 
300 423 242 
496 357 34 
38 212 24 
90 79 311 
159 122 458 
261 131 458 
262 269 495 
190 60 474 
107 460 159 
175 86 229 
428 453 165 
436 342 244 
341 386 187 
143 317 249 
323 446 208 
132 379 232 
409 117 255 
222 272 168 
469 400 86 
60 68 465 
130 51 88 
153 258 93 
57 7 321 
142 300 461 
78 54 171 
362 283 255 
16 390 113 
383 280 397 
71 115 434 
309 271 279 
287 194 284 
259 459 146 
151 92 362 
390 469 493 
40 196 68 
201 394 233 
366 338 133 
475 179 127 
66 140 73 
75 217 3 
431 114 252 
89 410 170 
288 291 127 
359 162 375 
152 335 243 
181 199 310 
102 413 223 
281 39 330 
370 58 121 
341 84 413 
362 344 357 
338 303 222 
102 159 427 
317 162 475 
125 280 52 
265 373 47 
394 208 341 
249 32 45 
117 24 343 
429 209 311 
122 328 103 
169 66 469 
192 22 126 
90 9 220 
65 321 142 
440 144 210 
451 175 325 
57 412 364 
75 425 491 
272 373 326 
397 482 365 
476 310 461 
321 296 378 
79 100 220 
256 100 247 
383 479 455 
156 151 164 
433 349 156 
102 240 119 
458 237 340 
93 262 410 
314 275 146 
38 269 327 
27 30 451 
270 437 406 
204 381 462 
394 78 172 
87 212 196 
446 368 77 
457 283 443 
340 114 482 
345 481 368 
118 129 324 
149 483 454 
128 421 83 
31 487 388 
55 386 308 
267 76 298 
300 89 303 
306 75 145 
293 484 231 
66 241 43 
483 346 328 
354 70 236 
162 396 215 
181 54 273 
241 266 72 
102 180 188 
220 37 43 
188 332 166 
341 106 352 
170 166 165 
341 327 371 
454 339 324 
434 403 399 
195 201 495 
185 284 266 
308 217 212 
248 316 321 
328 81 388 
163 268 195 
74 111 101 
114 339 127 
115 203 55 
281 151 119 
42 51 409 
360 167 11 
42 494 118 
345 3 10 
282 21 289 
50 54 449 
120 424 191 
116 19 458 
188 95 494 
364 221 108 
8 2 228 
182 344 481 
345 320 438 
71 494 293 
38 371 353 
353 14 75 
274 240 166 
398 160 42 
238 102 247 
144 247 434 
472 402 466 
110 422 42 
278 232 446 
243 125 19 
430 372 47 
311 262 493 
283 99 135 
400 410 475 
273 189 406 
78 93 254 
36 393 348 
186 350 247 
344 194 193 
148 485 106 
466 409 214 
423 100 21 
450 341 71 
146 426 472 
484 288 479 
161 438 71 
313 2 467 
129 434 112 
199 325 181 
236 87 143 
50 464 46 
229 244 249 
318 391 214 
266 194 385 
95 69 35 
193 388 53 
422 204 300 
352 101 277 
304 443 22 
321 178 253 
237 207 125 
289 340 68 
238 187 402 
267 228 338 
357 486 77 
143 61 13 
254 407 2 
5 282 399 
290 274 40 
129 10 310 
54 16 363 
117 406 457 
0 185 496 
368 18 86 
70 290 371 
128 17 40 
56 421 51 
74 180 263 
7 131 470 
332 345 413 
359 164 103 
385 325 276 
321 176 43 
404 480 397 
355 264 143 
146 244 60 
350 131 114 
257 365 162 
385 336 222 
401 269 70 
139 331 386 
272 375 393 
62 138 227 
50 204 41 
428 405 9 
432 140 335 
329 28 378 
414 337 337 
436 83 123 
435 68 209 
179 446 371 
155 62 344 
286 320 160 
37 234 455 
292 153 380 
77 423 440 
391 419 246 
366 143 17 
54 497 378 
361 257 161 
244 234 396 
258 75 17 
439 26 313 
65 354 162 
492 51 282 
467 69 109 
299 306 177 
276 13 429 
21 105 201 
68 84 100 
288 28 203 
257 112 419 
417 333 86 
442 12 365 
387 197 152 
142 18 395 
451 172 272 
478 279 164 
256 62 45 
394 186 463 
315 305 479 
367 173 453 
382 357 235 
351 170 98 
223 395 425 
133 402 432 
493 118 130 
74 377 362 
244 413 171 
99 435 171 
353 114 265 
154 439 98 
297 487 4 
159 223 55 
464 176 357 
16 122 372 
315 425 414 
99 365 16 
288 329 196 
405 157 399 
403 460 350 
281 328 4 
438 61 496 
238 92 227 
32 397 327 
487 55 275 
351 172 37 
18 206 230 
361 6 367 
58 7 346 
30 218 368 
154 61 180 
475 323 151 
205 222 455 
303 495 346 
273 20 96 
184 421 396 
266 22 345 
296 55 66 
407 315 214 
157 218 379 
465 3 49 
441 50 335 
55 196 173 
358 358 181 
483 422 235 
346 130 321 
250 25 357 
448 267 484 
419 63 204 
280 300 219 
3 407 335 
483 476 104 
472 150 477 
33 357 73 
18 55 305 
70 299 273 
493 146 405 
274 79 225 
52 63 397 
53 248 298 
206 63 476 
35 244 217 
44 232 454 
265 71 406 
370 427 431 
467 88 4 
377 90 361 
43 198 199 
150 32 49 
292 97 127 
316 53 258 
399 44 262 
380 485 196 
374 120 253 
306 76 331 
467 366 489 
195 231 325 
72 359 355 
310 120 271 
166 20 296 
208 58 55 
281 433 402 
241 308 200 
406 45 419 
429 121 23 
123 372 230 
163 91 175 
183 300 208 
238 291 81 
441 498 37 
154 258 97 
366 242 474 
483 284 270 
18 451 414 
394 205 386 
461 276 201 
106 44 457 
272 60 100 
376 321 238 
2 54 389 
182 195 180 
243 216 359 
372 136 160 
441 247 463 
493 402 92 
265 39 9 
294 60 399 
180 392 460 
469 478 442 
455 175 293 
297 390 433 
130 80 53 
261 288 414 
338 339 129 
347 0 91 
241 350 347 
60 73 334 
488 45 495 
369 322 435 
90 447 195 
246 60 383 
426 325 328 
400 331 433 
69 451 182 
170 461 112 
152 296 69 
117 419 321 
114 54 20 
160 141 40 
136 51 10 
213 172 2 
414 52 206 
3 324 386 
130 451 44 
376 406 211 
40 193 335 
8 83 249 
12 401 226 
240 488 122 
97 116 88 
130 16 373 
491 451 484 
15 171 439 
246 300 37 
467 135 437 
443 134 9 
54 394 387 
18 197 436 
37 355 38 
421 417 184 
390 155 239 
395 460 135 
274 342 353 
95 488 163 
392 221 49 
179 129 234 
289 150 227 
104 478 231 
385 437 353 
128 102 42 
12 302 417 
341 157 71 
260 108 274 
423 13 335 
347 169 460 
72 190 207 
332 241 358 
423 372 230 
36 106 214 
329 293 349 
190 456 268 
74 210 138 
483 496 151 
3 187 372 
292 19 417 
26 158 65 
349 252 51 
9 479 374 
225 271 329 
282 196 6 
316 446 324 
154 495 1 
92 478 38 
410 467 39 
77 357 453 
286 43 89 
300 225 23 
198 454 326 
25 292 74 
355 30 452 
254 154 315 
428 215 392 
215 346 8 
481 66 202 
22 145 385 
385 109 366 
196 290 265 
67 86 116 
108 96 191 
462 251 415 
134 104 288 
471 182 109 
375 243 284 
442 457 83 
362 359 10 
64 266 333 
276 402 162 
265 76 372 
276 391 165 
94 472 71 
60 358 325 
225 475 86 
97 479 59 
163 384 25 
476 256 24 
1 341 373 
492 213 20 
377 215 362 
411 403 92 
419 299 102 
427 75 333 
433 459 232 
295 455 432 
37 353 142 
485 227 189 
311 62 116 
78 266 179 
172 420 273 
5 281 121 
48 171 467 
323 399 461 
10 107 31 
401 41 239 
390 150 291 
476 82 418 
175 219 206 
85 24 360 
478 484 419 
290 336 92 
463 226 464 
360 444 447 
452 6 464 
276 389 182 
255 340 315 
344 357 84 
23 164 82 
6 371 104 
137 309 462 
274 82 466 
179 482 71 
126 230 95 
86 75 82 
169 89 429 
21 346 311 
305 409 266 
419 384 116 
313 87 187 
436 1 208 
72 292 418 
252 381 379 
401 429 189 
122 220 144 
14 130 268 
330 306 150 
26 404 399 
446 476 54 
414 13 479 
443 398 287 
78 315 25 
336 250 94 
131 326 146 
293 2 285 
240 143 277 
174 397 190 
139 377 424 
320 429 324 
357 4 17 
474 49 214 
66 377 460 
104 335 13 
160 156 23 
157 353 131 
59 167 233 
7 172 167 
425 217 361 
157 143 449 
0 433 491 
323 281 153 
72 112 183 
406 375 90 
292 135 444 
245 286 44 
242 331 287 
375 58 327 
469 245 376 
27 338 227 
336 303 0 
355 40 462 
290 151 191 
180 31 302 
3 125 495 
323 92 342 
163 118 140 
494 182 425 
136 264 235 
64 437 44 
408 233 69 
163 316 31 
256 137 276 
446 470 191 
119 433 395 
397 72 96 
186 38 38 
297 36 406 
84 373 405 
494 432 168 
453 20 97 
294 72 293 
288 46 241 
32 383 249 
397 184 329 
171 404 123 
147 98 273 
423 173 348 
242 293 293 
80 312 84 
360 416 96 
292 258 143 
92 457 277 
86 465 128 
91 473 57 
440 229 19 
146 161 16 
258 169 211 
465 6 402 
486 90 414 
469 159 316 
466 226 146 
264 495 242 
78 226 52 
166 183 140 
137 201 487 
346 59 417 
105 319 356 
467 10 425 
225 0 405 
241 86 213 
398 412 344 
23 40 273 
207 180 349 
197 336 294 
327 171 378 
305 20 493 
157 293 418 
436 454 186 
257 366 487 
379 279 63 
372 54 87 
83 284 102 
221 87 242 
45 369 131 
489 77 299 
418 455 81 
248 414 239 
329 252 175 
223 226 432 
115 441 392 
318 468 428 
303 328 222 
0 221 237 
476 348 25 
88 354 417 
49 171 14 
304 362 75 
391 263 410 
371 316 116 
463 23 286 
99 23 24 
120 27 73 
365 68 469 
54 188 286 
10 385 235 
98 103 384 
499 103 442 
383 132 459 
78 28 343 
315 471 146 
193 275 169 
288 259 115 
37 358 127 
189 24 305 
119 12 275 
444 101 202 
438 359 267 
209 208 461 
264 176 484 
119 453 328 
384 230 163 
479 47 54 
49 438 489 
357 170 278 
367 208 80 
205 467 318 
148 459 139 
154 300 309 
122 158 267 
122 149 34 
212 99 17 
276 124 161 
125 399 89 
327 371 234 
494 219 375 
237 189 471 
407 335 177 
220 451 441 
429 469 321 
236 208 442 
257 162 407 
353 384 374 
1 462 223 
417 444 219 
472 473 406 
343 19 277 
277 357 311 
80 183 298 
84 467 221 
46 105 54 
24 452 100 
91 140 124 
17 342 318 
350 301 445 
48 471 39 
287 427 235 
465 408 20 
415 86 428 
351 240 19 
165 262 77 
380 53 491 
115 402 217 
63 169 463 
35 318 212 
218 10 343 
21 48 67 
108 335 196 
418 234 44 
272 119 449 
435 320 459 
307 448 293 
392 212 379 
438 284 86 
128 98 42 
398 393 444 
249 471 123 
380 318 118 
349 259 162 
464 98 265 
154 61 90 
495 301 177 
157 173 203 
392 157 186 
295 146 62 
191 293 234 
424 345 75 
166 191 454 
498 445 96 
360 94 328 
140 390 244 
314 62 132 
55 22 434 
10 318 475 
445 376 339 
456 445 429 
442 334 89 
486 26 271 
19 443 221 
492 258 489 
468 72 150 
459 365 352 
186 319 256 
444 37 91 
53 364 326 
62 24 291 
131 329 325 
469 446 28 
394 434 277 
162 303 409 
279 224 0 
259 180 31 
33 397 459 
191 73 481 
384 333 265 
308 357 346 
366 415 470 
126 484 235 
24 237 33 
68 11 4 
406 9 120 
23 36 429 
474 198 385 
11 93 174 
142 287 453 
3 221 179 
1 293 136 
208 163 345 
173 106 474 
90 413 383 
291 159 64 
435 201 155 
162 310 168 
33 460 439 
251 290 399 
433 390 150 
430 192 75 
315 351 22 
399 496 171 
144 457 427 
299 197 139 
366 416 437 
41 312 487 
6 362 207 
254 204 105 
113 195 68 
181 277 99 
340 170 220 
311 481 236 
458 83 121 
288 83 3 
253 34 199 
346 216 312 
386 179 486 
236 164 124 
3 444 245 
355 222 13 
261 348 318 
159 424 112 
418 172 272 
