1000
3
193 170 199 
187 174 373 
100 217 437 
441 444 448 
23 453 497 
483 419 71 
145 440 48 
75 442 240 
211 264 21 
450 419 119 
344 104 174 
451 178 142 
85 198 109 
407 471 138 
387 418 18 
262 166 248 
332 28 3 
271 318 234 
118 406 279 
121 305 402 
152 50 370 
343 391 17 
435 152 94 
265 141 388 
382 454 189 
420 458 433 
44 105 342 
17 269 188 
124 59 245 
315 126 432 
66 199 466 
451 213 16 
68 214 319 
488 70 39 
315 260 22 
72 486 110 
228 412 468 
367 415 201 
499 497 187 
163 226 244 
20 183 260 
391 358 145 
383 360 337 
224 172 16 
317 75 125 
276 203 81 
139 476 166 
419 129 94 
425 178 165 
232 486 20 
310 216 73 
91 116 380 
3 273 236 
58 342 356 
280 210 101 
445 404 420 
21 429 430 
278 108 232 
124 265 97 
446 160 416 
353 437 8 
76 93 84 
60 464 238 
61 170 439 
214 233 190 
260 240 194 
55 219 72 
244 393 192 
225 281 377 
124 207 186 
274 156 129 
226 374 367 
76 25 110 
278 158 411 
419 310 211 
333 150 69 
142 153 339 
209 424 193 
59 406 97 
397 315 21 
396 306 281 
222 93 272 
477 23 234 
76 377 201 
76 407 135 
204 36 426 
92 453 18 
478 288 355 
296 81 243 
12 237 80 
35 249 226 
329 24 405 
110 265 284 
24 290 51 
93 491 222 
139 232 149 
324 17 97 
127 296 414 
205 361 478 
112 0 54 
52 411 161 
210 205 245 
167 201 215 
124 465 179 
262 31 50 
366 255 129 
372 88 388 
130 163 1 
257 275 151 
234 356 94 
359 280 242 
489 396 308 
19 152 10 
205 453 402 
445 72 224 
448 148 12 
80 332 231 
145 49 52 
188 110 256 
332 234 391 
40 331 485 
51 100 22 
125 422 367 
279 145 455 
6 281 495 
426 454 385 
212 348 59 
356 147 73 
429 228 59 
486 138 290 
401 419 388 
230 379 373 
241 71 239 
309 201 78 
497 130 285 
420 433 485 
446 359 228 
10 196 414 
86 360 357 
291 180 393 
382 386 209 
143 337 304 
431 23 38 
163 36 389 
384 148 88 
222 95 327 
272 198 269 
198 190 45 
350 277 64 
57 361 110 
171 235 236 
25 202 215 
431 497 479 
349 278 362 
78 108 490 
58 308 251 
330 450 411 
157 407 162 
413 79 421 
285 70 268 
65 28 365 
332 177 482 
283 81 350 
53 374 324 
194 244 221 
29 129 308 
196 241 278 
262 340 213 
400 163 253 
135 390 191 
192 470 161 
304 312 72 
316 142 481 
392 294 340 
88 58 141 
438 70 262 
310 58 412 
116 314 142 
368 91 160 
428 267 21 
48 498 14 
379 152 449 
70 375 342 
408 443 382 
307 197 134 
217 463 219 
445 203 477 
132 100 132 
350 199 190 
174 434 246 
97 337 144 
122 47 58 
64 432 494 
33 182 260 
123 499 125 
165 126 223 
65 171 206 
437 390 117 
433 489 127 
423 59 439 
356 173 365 
43 88 359 
80 76 327 
1 480 122 
72 354 451 
380 239 144 
18 385 146 
198 424 80 
281 186 325 
387 408 44 
395 413 25 
173 97 243 
335 194 136 
84 79 139 
288 30 441 
399 91 265 
155 46 101 
56 314 361 
336 91 442 
31 58 298 
261 325 217 
485 492 202 
31 473 263 
469 481 171 
226 107 330 
57 344 201 
92 489 451 
246 459 207 
102 395 197 
322 441 204 
159 239 411 
135 446 330 
171 391 86 
373 160 475 
176 81 149 
426 339 39 
330 459 262 
24 393 273 
264 337 62 
224 477 498 
438 129 136 
404 154 185 
430 97 436 
269 42 399 
454 21 324 
276 96 74 
441 285 482 
10 93 432 
47 107 96 
468 116 9 
245 23 404 
73 85 214 
456 131 305 
301 268 432 
336 123 22 
417 311 119 
380 431 82 
497 60 428 
464 98 190 
236 88 442 
234 257 168 
460 205 125 
442 109 180 
493 266 91 
87 104 482 
129 116 342 
22 364 414 
323 181 140 
469 332 488 
428 130 267 
90 21 24 
48 56 214 
43 297 296 
422 163 436 
469 351 217 
148 342 90 
330 172 448 
255 189 356 
194 310 116 
38 484 394 
315 298 244 
396 481 83 
210 360 491 
280 66 367 
287 367 68 
452 490 153 
327 84 399 
484 203 73 
208 15 81 
196 194 230 
209 107 157 
391 233 30 
13 448 361 
87 406 312 
335 97 419 
10 1 178 
146 99 189 
156 204 377 
304 14 103 
216 43 228 
166 205 139 
72 492 499 
461 481 285 
49 142 490 
478 319 293 
113 464 425 
276 482 465 
22 420 466 
291 183 442 
209 497 278 
182 196 28 
214 138 13 
255 217 472 
40 464 402 
121 70 452 
158 287 213 
353 317 266 
156 490 466 
416 179 336 
474 471 450 
24 439 144 
378 349 158 
253 360 296 
111 122 63 
255 13 249 
286 108 77 
26 91 491 
85 435 443 
339 42 142 
129 165 419 
0 146 330 
37 212 347 
157 431 213 
136 253 131 
460 10 277 
60 48 19 
278 83 4 
237 345 17 
287 236 98 
463 96 101 
133 233 136 
73 221 57 
346 404 254 
439 401 487 
372 458 449 
76 26 386 
123 181 445 
338 79 365 
287 466 337 
470 17 145 
300 328 497 
220 432 470 
159 123 310 
267 478 482 
310 361 27 
84 400 447 
295 96 153 
379 287 188 
357 121 174 
331 158 473 
430 172 285 
428 107 189 
12 378 405 
402 164 442 
381 382 12 
191 151 408 
419 322 263 
264 288 457 
71 46 32 
171 137 156 
410 351 274 
147 419 3 
387 175 355 
464 51 335 
385 356 354 
233 122 117 
204 192 70 
473 347 116 
60 48 128 
443 347 441 
61 257 424 
149 337 35 
126 347 379 
42 46 93 
97 494 439 
24 497 174 
45 18 450 
462 483 280 
330 96 291 
484 407 485 
155 309 65 
295 185 214 
207 204 178 
470 46 318 
269 200 279 
415 456 268 
499 253 265 
438 485 131 
339 331 49 
310 267 460 
357 478 382 
62 229 321 
416 376 144 
458 164 286 
57 480 119 
38 436 358 
143 27 223 
155 214 206 
309 215 415 
226 190 428 
448 96 0 
407 370 355 
326 459 159 
479 352 217 
155 469 402 
379 405 23 
374 186 96 
60 181 415 
187 58 466 
57 374 222 
224 185 480 
121 233 456 
5 190 235 
262 360 244 
490 184 439 
65 453 231 
375 489 167 
177 211 9 
266 413 132 
161 60 474 
480 133 384 
105 21 43 
164 389 321 
138 221 329 
139 314 160 
312 140 328 
413 81 432 
311 77 205 
189 189 258 
93 191 180 
394 382 329 
340 328 129 
259 129 265 
297 353 275 
447 48 237 
498 348 217 
66 313 46 
231 57 179 
126 398 232 
80 276 404 
366 54 250 
253 373 347 
308 396 372 
452 440 77 
201 476 354 
395 78 376 
92 427 261 
187 285 64 
162 121 68 
226 398 477 
100 41 225 
300 170 463 
464 386 399 
290 126 127 
32 233 262 
31 252 355 
314 471 42 
25 46 108 
321 1 350 
370 197 251 
342 262 102 
429 254 341 
183 207 171 
374 421 308 
173 155 363 
133 194 483 
416 47 40 
31 63 205 
331 99 318 
420 42 350 
54 474 456 
294 287 22 
231 362 405 
310 485 429 
95 53 486 
439 0 92 
435 16 11 
143 381 21 
476 137 94 
20 53 172 
445 36 179 
283 200 129 
387 462 244 
78 260 100 
338 228 240 
485 445 424 
2 447 479 
218 383 360 
468 369 419 
14 382 167 
453 29 41 
85 160 194 
251 195 120 
360 454 142 
324 493 66 
383 324 36 
106 170 70 
382 396 181 
88 16 158 
242 385 315 
459 15 231 
299 264 16 
68 202 359 
456 33 273 
25 409 453 
421 89 339 
36 15 324 
212 497 205 
149 425 365 
154 71 61 
405 22 189 
62 286 123 
498 37 245 
332 346 276 
395 491 421 
136 387 227 
167 110 20 
157 60 46 
225 160 19 
66 126 475 
106 37 1 
185 373 83 
351 272 84 
406 342 184 
155 475 228 
20 145 207 
470 168 393 
486 486 390 
390 81 271 
482 92 160 
472 405 320 
231 360 425 
245 158 145 
150 2 36 
378 474 338 
437 276 336 
422 417 309 
360 497 365 
177 154 141 
49 47 85 
2 31 166 
246 205 446 
461 81 155 
411 328 482 
204 154 375 
94 455 298 
393 197 468 
346 350 350 
101 265 306 
138 146 13 
249 130 231 
443 252 385 
104 459 174 
107 142 310 
373 459 9 
78 163 199 
346 59 98 
285 70 399 
327 324 184 
164 363 365 
320 133 184 
352 133 477 
335 67 295 
141 405 1 
434 239 267 
21 390 68 
347 466 432 
402 468 107 
357 468 454 
392 274 112 
131 459 284 
398 38 202 
235 175 331 
46 403 213 
192 44 423 
166 287 245 
134 437 351 
283 215 200 
177 344 148 
320 21 55 
27 171 231 
333 442 184 
110 39 334 
46 290 133 
31 334 413 
72 129 307 
232 325 398 
236 227 54 
133 373 1 
370 329 112 
437 305 136 
239 366 386 
490 246 231 
8 24 110 
311 280 173 
177 205 437 
257 71 486 
299 118 250 
439 142 105 
342 327 291 
45 327 274 
213 495 183 
497 110 215 
153 143 153 
350 24 195 
112 493 246 
464 234 442 
440 210 287 
274 415 463 
281 319 221 
91 339 95 
174 416 477 
222 426 387 
298 414 128 
4 222 209 
342 352 184 
289 268 230 
493 443 251 
23 191 477 
450 251 153 
479 463 393 
0 41 132 
163 279 188 
134 184 228 
262 244 147 
302 220 213 
465 12 319 
39 367 36 
362 408 97 
37 336 215 
87 314 174 
149 267 128 
336 254 415 
56 125 394 
121 442 120 
172 444 406 
39 6 287 
492 459 432 
122 271 115 
195 1 132 
346 223 322 
122 226 109 
306 70 303 
39 239 355 
325 170 373 
492 348 285 
175 126 46 
159 93 277 
39 263 337 
432 340 249 
339 329 488 
226 82 51 
57 280 308 
42 383 492 
353 174 297 
121 485 36 
33 278 124 
146 437 438 
428 318 493 
83 382 257 
86 16 218 
187 14 423 
141 231 266 
291 176 469 
148 252 300 
331 275 121 
472 68 308 
272 339 30 
377 201 307 
480 185 109 
343 315 114 
5 494 234 
51 22 164 
456 41 20 
279 98 114 
92 319 63 
377 377 322 
367 1 138 
456 49 440 
58 210 409 
328 332 38 
378 159 261 
435 18 272 
441 172 178 
142 81 76 
253 472 340 
435 414 218 
197 140 50 
396 325 74 
48 308 463 
70 331 398 
380 472 82 
409 54 238 
311 41 353 
271 219 245 
156 343 67 
195 427 84 
435 174 325 
73 51 68 
185 143 403 
412 146 418 
209 95 99 
386 290 404 
82 295 162 
145 461 66 
357 11 283 
169 327 278 
217 91 208 
405 45 238 
128 33 409 
97 406 148 
401 271 460 
114 226 342 
188 240 135 
369 486 65 
290 69 37 
438 377 362 
65 118 495 
202 35 19 
433 186 221 
121 469 158 
152 396 50 
264 350 56 
208 493 482 
49 131 468 
212 9 195 
307 267 112 
109 256 225 
435 85 474 
481 297 209 
17 276 246 
259 288 150 
437 448 341 
97 497 487 
195 97 432 
352 477 74 
392 34 418 
279 252 217 
289 144 420 
94 250 341 
17 293 16 
215 432 196 
460 432 361 
398 27 389 
140 339 59 
288 423 312 
95 2 235 
459 453 364 
414 472 137 
73 434 234 
196 325 385 
165 155 393 
125 426 266 
442 434 290 
121 420 42 
193 339 48 
452 178 222 
300 262 183 
3 343 14 
289 99 480 
277 7 443 
299 20 113 
212 426 483 
129 206 168 
431 371 460 
304 266 484 
154 358 330 
445 207 178 
396 49 450 
4 281 334 
71 225 64 
162 362 80 
470 214 413 
71 286 384 
64 457 316 
249 359 172 
297 297 459 
352 49 367 
37 90 130 
126 24 63 
177 462 242 
105 364 146 
363 344 219 
214 382 223 
324 244 52 
282 101 439 
215 228 51 
336 396 342 
206 491 249 
203 232 326 
202 59 384 
329 227 51 
401 404 272 
227 308 430 
298 214 422 
96 414 111 
338 323 398 
181 236 348 
135 10 467 
456 426 269 
65 376 153 
70 177 467 
7 123 18 
419 486 252 
335 434 357 
229 431 109 
221 120 240 
316 107 270 
311 361 461 
2 78 184 
65 249 326 
320 67 298 
492 284 317 
214 452 416 
298 40 246 
290 300 71 
377 446 151 
28 357 42 
95 343 297 
484 34 135 
462 390 436 
30 407 335 
49 188 297 
88 453 303 
271 398 246 
251 328 363 
94 404 245 
268 338 37 
295 17 424 
157 181 313 
202 165 251 
50 2 384 
251 53 387 
267 261 15 
52 462 474 
347 355 105 
13 391 263 
232 319 374 
476 441 21 
389 90 483 
84 199 349 
124 25 44 
340 244 487 
369 436 13 
446 57 149 
375 298 455 
485 341 373 
216 352 260 
290 445 227 
292 451 338 
72 441 354 
387 271 395 
420 155 373 
341 327 204 
370 296 142 
178 181 143 
495 127 159 
145 176 248 
124 47 343 
1 384 240 
465 32 250 
47 438 100 
312 75 392 
437 338 75 
170 337 204 
389 140 270 
171 157 464 
458 383 175 
491 296 68 
25 445 401 
11 115 68 
391 349 318 
77 351 359 
388 406 41 
381 266 421 
457 245 164 
408 181 451 
21 398 181 
320 8 348 
397 487 34 
26 121 104 
147 70 463 
8 497 67 
199 214 90 
185 415 245 
447 395 283 
99 108 214 
451 366 172 
444 288 349 
311 49 441 
322 311 392 
106 147 122 
69 52 67 
304 308 233 
204 168 481 
59 407 168 
497 348 460 
19 234 472 
119 413 476 
434 212 470 
377 314 40 
179 147 304 
444 84 444 
311 183 231 
219 204 340 
32 294 349 
282 240 43 
203 5 211 
429 136 291 
188 115 152 
63 15 68 
210 125 419 
352 186 291 
407 3 230 
156 83 32 
273 351 48 
128 274 315 
12 297 489 
274 21 437 
71 257 29 
40 249 63 
359 375 43 
214 373 271 
229 311 25 
298 154 348 
395 453 223 
365 333 495 
440 345 82 
6 465 259 
268 300 330 
185 277 481 
425 44 38 
344 8 214 
235 216 360 
6 235 197 
283 6 360 
156 231 434 
258 48 180 
356 113 95 
332 320 398 
493 423 268 
87 95 114 
42 219 233 
440 18 124 
386 236 90 
97 257 106 
271 480 45 
141 22 489 
457 390 301 
73 467 86 
9 397 492 
51 289 119 
293 145 373 
148 336 41 
13 345 101 
208 12 159 
256 265 49 
325 498 368 
317 328 36 
22 303 467 
263 274 130 
246 153 123 
429 382 181 
145 165 463 
475 330 223 
380 419 453 
169 492 204 
357 215 10 
473 292 303 
392 140 440 
199 254 411 
84 355 125 
213 21 199 
91 212 227 
230 421 413 
27 157 67 
10 198 367 
437 336 219 
430 188 298 
334 192 241 
73 245 288 
26 206 93 
315 170 122 
278 172 314 
109 206 412 
265 98 163 
374 266 55 
20 159 306 
176 85 393 
117 343 166 
