1000
3
431 222 416 
261 134 291 
446 160 196 
174 0 218 
258 174 75 
304 273 466 
160 42 147 
157 183 349 
50 364 53 
74 47 106 
69 418 412 
319 319 281 
463 254 279 
311 83 320 
61 249 484 
301 342 379 
411 262 267 
490 312 438 
405 329 185 
295 265 261 
368 96 188 
102 112 324 
488 266 200 
254 219 305 
358 428 381 
207 236 223 
10 97 230 
97 317 30 
164 330 344 
266 197 157 
337 154 137 
471 186 359 
327 50 209 
126 108 231 
42 293 285 
134 319 187 
259 268 447 
82 386 63 
198 370 427 
498 441 195 
103 283 461 
476 142 250 
427 78 245 
417 420 319 
340 330 366 
76 383 382 
271 283 136 
186 400 483 
246 224 123 
134 414 61 
224 225 107 
462 278 362 
24 157 454 
214 357 264 
291 487 250 
254 33 229 
414 251 229 
266 496 227 
18 24 488 
415 59 46 
204 327 480 
295 57 91 
411 414 146 
425 484 84 
281 209 216 
349 114 387 
315 233 28 
342 205 427 
182 182 149 
308 475 373 
10 114 34 
404 454 129 
481 309 223 
407 477 377 
477 44 104 
478 178 424 
239 390 310 
332 435 187 
192 100 30 
204 133 16 
2 346 148 
358 311 349 
350 109 363 
254 192 61 
356 413 392 
101 381 16 
21 98 241 
58 460 245 
397 146 112 
240 409 376 
21 315 419 
274 349 411 
247 341 63 
424 147 179 
310 263 31 
329 6 471 
458 455 290 
466 369 475 
257 112 248 
219 183 191 
326 126 401 
90 240 325 
137 195 339 
452 370 325 
73 88 31 
203 471 186 
114 419 489 
2 335 47 
494 409 71 
234 454 433 
208 457 77 
154 243 312 
214 386 161 
15 446 499 
250 213 93 
421 200 216 
387 47 205 
77 495 310 
34 391 76 
353 168 267 
388 465 431 
358 279 109 
136 414 326 
210 152 59 
201 316 113 
471 174 270 
110 282 296 
436 295 104 
60 91 326 
173 76 178 
348 434 130 
223 268 490 
496 166 359 
247 82 217 
158 180 219 
493 245 201 
185 138 296 
181 141 18 
67 88 208 
177 158 133 
429 8 328 
103 120 71 
411 329 231 
357 202 120 
259 63 203 
52 197 414 
390 163 55 
30 62 113 
399 471 103 
231 223 180 
461 247 304 
23 492 104 
309 312 497 
175 424 118 
454 288 41 
496 127 465 
402 293 69 
486 178 286 
296 366 244 
261 56 6 
165 75 16 
142 496 480 
228 214 347 
463 257 148 
423 66 95 
248 319 383 
150 317 402 
12 450 5 
435 153 14 
412 407 284 
301 375 218 
315 256 252 
494 346 447 
475 225 284 
474 24 53 
400 216 224 
483 197 265 
177 190 215 
409 385 214 
237 436 327 
25 131 292 
322 270 48 
34 412 273 
230 226 115 
290 211 278 
31 398 296 
230 251 420 
242 110 86 
97 56 381 
162 247 52 
255 251 105 
213 270 234 
288 402 381 
30 373 254 
92 90 300 
28 201 57 
145 407 61 
69 157 302 
419 98 51 
73 459 143 
342 347 26 
248 64 153 
166 60 394 
213 212 222 
263 24 175 
298 461 402 
349 302 386 
312 236 203 
424 88 91 
155 477 197 
482 136 39 
438 253 406 
440 192 105 
120 150 92 
21 312 54 
55 405 358 
426 366 367 
26 237 375 
0 349 175 
145 302 335 
275 4 320 
427 254 48 
300 322 184 
212 463 24 
461 180 12 
336 138 276 
118 400 275 
436 396 333 
63 460 472 
394 175 313 
280 12 167 
91 494 261 
346 370 143 
174 205 436 
463 219 447 
313 371 283 
360 458 231 
132 244 456 
227 220 204 
236 441 119 
468 444 114 
373 408 237 
59 328 381 
388 246 463 
414 364 242 
367 165 263 
228 19 200 
105 144 223 
205 117 460 
45 31 98 
499 155 402 
177 394 173 
403 310 201 
208 457 106 
130 209 16 
217 484 64 
9 393 465 
105 69 181 
424 240 278 
444 39 121 
340 386 402 
275 65 26 
170 66 18 
142 449 16 
143 300 173 
53 302 250 
136 159 259 
332 204 109 
247 203 93 
28 103 325 
216 373 184 
405 273 366 
457 53 401 
99 221 258 
74 5 312 
469 241 317 
372 175 255 
468 217 116 
344 491 226 
37 144 231 
392 192 319 
75 334 253 
257 457 426 
179 111 52 
70 369 185 
170 334 19 
413 31 291 
120 57 434 
218 53 181 
308 419 166 
104 344 288 
193 61 296 
222 409 85 
483 396 171 
248 148 56 
167 406 464 
294 80 313 
57 54 266 
265 109 150 
59 123 314 
310 311 463 
83 9 143 
353 381 293 
150 242 273 
98 263 149 
177 8 441 
61 458 336 
120 270 368 
326 40 20 
282 292 101 
91 390 154 
294 390 170 
197 135 50 
280 50 350 
176 106 6 
249 96 118 
220 486 37 
77 400 345 
14 209 210 
47 154 93 
66 376 15 
497 459 366 
84 278 393 
37 318 431 
38 312 179 
287 322 326 
395 123 400 
46 210 149 
129 469 343 
82 290 33 
474 73 342 
240 469 57 
85 43 198 
409 90 261 
13 272 52 
268 370 220 
156 2 481 
484 418 141 
346 121 169 
161 299 317 
187 0 321 
231 73 373 
336 247 477 
350 144 127 
138 255 37 
73 397 370 
145 364 214 
40 250 417 
401 368 499 
409 95 77 
448 381 140 
403 2 22 
279 254 484 
268 183 389 
281 363 430 
78 219 80 
371 191 46 
307 237 94 
74 298 250 
162 361 22 
66 285 373 
217 74 499 
59 255 0 
0 405 90 
134 183 290 
130 118 91 
216 387 229 
478 179 478 
341 402 237 
435 427 255 
202 484 431 
228 118 463 
372 170 181 
233 16 347 
320 27 382 
125 367 223 
213 78 119 
85 457 455 
453 305 98 
441 60 164 
256 412 484 
346 235 264 
208 405 78 
102 391 277 
123 363 359 
402 132 233 
307 19 361 
38 112 261 
343 195 123 
387 84 435 
477 129 388 
60 159 484 
140 163 105 
325 477 399 
495 299 233 
216 232 338 
339 138 359 
298 321 417 
423 197 127 
13 58 393 
366 19 182 
218 39 239 
65 428 407 
317 439 2 
336 491 474 
141 474 133 
98 25 495 
72 131 439 
328 385 64 
400 194 197 
58 226 294 
66 402 259 
86 353 44 
391 24 376 
445 440 236 
420 480 366 
409 307 257 
369 389 123 
338 478 76 
323 480 398 
35 428 334 
326 95 252 
445 260 340 
387 48 35 
95 58 303 
182 4 441 
168 336 484 
286 161 96 
456 144 333 
332 103 411 
129 166 127 
136 11 39 
16 157 291 
297 73 480 
131 408 440 
481 341 346 
292 486 259 
359 305 218 
182 177 181 
358 472 288 
422 304 481 
258 205 303 
433 146 18 
441 429 171 
130 60 487 
293 6 46 
3 171 261 
44 56 40 
470 490 1 
111 219 326 
130 75 146 
424 235 121 
158 117 379 
498 378 403 
17 336 26 
40 336 435 
123 180 258 
397 438 206 
160 315 77 
444 248 340 
254 178 304 
381 105 233 
455 471 77 
68 146 240 
322 324 165 
421 362 66 
152 146 469 
166 288 348 
412 136 139 
159 415 314 
237 39 375 
380 430 449 
12 280 341 
300 426 286 
498 183 339 
188 256 110 
385 284 424 
268 262 399 
71 320 290 
391 485 93 
228 81 183 
124 146 19 
343 352 371 
24 205 288 
462 318 110 
81 369 391 
130 56 92 
410 375 364 
80 284 30 
121 325 362 
437 228 260 
344 50 119 
85 48 312 
353 429 131 
124 259 212 
285 499 50 
408 165 463 
381 238 314 
15 284 56 
433 337 343 
415 149 387 
480 199 217 
375 84 402 
278 60 25 
32 343 221 
373 173 370 
385 351 52 
357 351 287 
255 54 485 
152 135 285 
329 302 299 
220 5 143 
65 74 20 
427 429 65 
160 491 399 
85 255 234 
64 69 355 
443 8 224 
3 96 100 
94 209 461 
115 218 324 
434 482 316 
381 470 457 
252 343 348 
309 285 64 
332 381 273 
48 418 393 
242 390 119 
438 262 169 
38 356 340 
118 255 121 
54 267 303 
331 48 160 
280 233 230 
26 75 150 
131 116 115 
184 74 264 
269 81 126 
353 203 20 
310 447 483 
215 138 85 
97 225 342 
455 453 303 
76 485 354 
187 410 475 
252 169 474 
331 273 390 
178 473 23 
391 331 401 
86 148 458 
316 477 270 
275 89 199 
66 442 195 
40 120 0 
21 455 445 
42 81 339 
93 106 30 
385 440 339 
340 293 480 
419 78 277 
288 160 436 
38 13 95 
391 2 390 
81 407 457 
65 161 256 
213 373 495 
288 240 115 
491 32 380 
394 106 418 
433 159 458 
164 375 233 
493 408 88 
18 127 475 
26 448 317 
303 10 491 
358 413 312 
204 61 349 
127 66 6 
95 345 292 
118 174 68 
144 247 394 
468 168 493 
302 53 135 
406 313 246 
279 460 340 
80 53 148 
113 241 366 
320 170 288 
362 190 408 
185 62 233 
244 146 448 
382 173 218 
267 423 496 
359 188 484 
400 59 381 
318 380 311 
428 481 232 
459 243 231 
245 43 248 
319 418 200 
320 165 136 
4 310 391 
64 134 63 
281 48 21 
260 465 149 
268 268 349 
465 224 295 
183 397 267 
479 136 77 
368 343 158 
271 325 366 
275 30 424 
347 210 297 
219 451 465 
236 494 475 
134 107 310 
445 268 474 
141 282 381 
465 293 154 
241 394 180 
492 326 88 
112 72 407 
30 75 202 
360 61 86 
57 152 299 
484 470 406 
499 0 28 
390 139 203 
458 460 112 
440 432 442 
304 197 286 
143 236 34 
169 221 49 
74 28 92 
291 102 92 
333 118 130 
396 485 369 
167 441 4 
208 159 226 
318 145 492 
60 173 291 
152 497 90 
312 363 375 
136 162 107 
96 219 397 
465 219 298 
363 28 434 
232 64 10 
100 489 125 
407 343 209 
9 87 232 
244 396 429 
226 149 368 
410 320 213 
168 188 202 
59 4 115 
120 277 395 
314 39 382 
269 438 261 
471 122 45 
228 437 340 
282 74 480 
345 161 84 
158 159 28 
265 200 109 
223 407 442 
71 281 57 
295 151 396 
363 183 264 
243 136 308 
308 179 173 
112 269 467 
188 69 260 
30 208 297 
234 44 119 
109 57 198 
398 488 251 
194 92 388 
202 489 155 
143 105 48 
448 177 278 
487 143 240 
225 194 52 
163 364 314 
397 28 485 
198 88 163 
270 99 155 
131 24 263 
351 243 160 
451 310 287 
159 337 463 
378 224 299 
81 356 443 
458 55 421 
381 199 323 
37 263 108 
437 332 297 
436 387 413 
198 192 243 
50 417 265 
497 58 82 
15 155 103 
158 173 460 
201 309 356 
465 9 363 
159 499 315 
182 339 338 
322 455 148 
117 393 56 
260 432 151 
121 383 99 
104 188 250 
302 468 96 
340 279 426 
17 183 42 
217 370 452 
384 486 87 
110 454 457 
383 218 286 
315 370 327 
106 95 229 
221 121 450 
251 33 230 
392 394 47 
10 207 419 
228 334 154 
83 424 459 
395 337 443 
87 187 461 
36 261 324 
250 18 45 
305 215 135 
261 251 323 
340 300 24 
101 172 50 
188 228 375 
21 151 61 
485 491 21 
74 6 456 
450 357 285 
11 223 458 
73 445 407 
145 242 102 
235 374 304 
88 436 460 
182 298 309 
364 122 478 
145 380 133 
268 456 362 
300 116 236 
139 48 131 
12 330 323 
245 391 286 
84 273 170 
282 21 426 
419 226 1 
359 451 255 
272 207 73 
120 227 27 
229 30 428 
93 311 464 
299 497 355 
388 245 195 
162 82 258 
164 333 423 
2 90 75 
305 300 276 
329 40 59 
423 181 101 
22 491 111 
70 131 493 
363 86 337 
106 9 58 
282 233 220 
378 88 279 
187 351 372 
124 14 361 
285 17 432 
208 363 401 
321 227 376 
201 238 230 
29 61 42 
431 170 241 
109 116 451 
169 461 88 
202 425 380 
152 190 476 
229 84 383 
459 186 210 
109 266 195 
63 220 472 
418 181 89 
142 402 354 
142 202 252 
444 399 245 
432 33 309 
354 489 278 
409 289 223 
475 6 117 
133 491 461 
491 129 107 
281 125 288 
176 271 78 
180 499 169 
286 284 180 
267 430 186 
218 427 491 
224 90 48 
213 458 167 
14 324 181 
199 486 174 
16 453 245 
103 471 75 
412 154 104 
54 34 121 
447 196 390 
40 255 158 
321 147 115 
220 172 398 
408 335 23 
115 492 274 
413 16 228 
436 247 66 
327 361 212 
138 122 7 
483 386 224 
46 9 119 
463 177 480 
234 18 448 
269 222 122 
431 401 339 
444 143 393 
69 189 224 
367 207 205 
123 350 13 
445 339 55 
313 136 0 
172 175 269 
83 110 169 
119 9 282 
103 468 263 
440 347 80 
19 58 144 
130 49 401 
261 279 301 
411 317 291 
269 14 422 
389 454 30 
300 191 221 
404 364 276 
452 159 342 
470 155 12 
499 304 97 
458 39 300 
376 425 280 
455 414 490 
401 470 292 
429 150 345 
21 351 369 
103 105 359 
261 377 129 
441 443 463 
379 309 492 
221 190 154 
469 59 119 
11 397 297 
171 36 356 
382 126 490 
397 264 389 
460 460 382 
325 433 18 
204 199 11 
474 268 188 
215 73 154 
78 409 117 
75 24 307 
256 427 259 
60 332 65 
179 134 134 
124 390 97 
252 315 284 
120 263 163 
47 262 359 
273 229 466 
154 75 348 
116 305 203 
390 233 139 
351 371 303 
487 413 41 
345 469 491 
187 297 92 
112 357 166 
371 21 80 
290 186 274 
170 182 72 
193 493 14 
7 229 361 
97 360 296 
151 84 490 
447 157 483 
270 428 413 
156 253 419 
99 485 98 
50 275 114 
78 42 395 
152 2 22 
437 325 405 
379 233 11 
139 331 79 
200 81 287 
492 16 210 
128 92 411 
108 145 331 
143 45 75 
216 7 269 
279 56 318 
413 64 43 
397 281 146 
286 487 59 
299 334 7 
44 205 209 
185 461 125 
83 142 475 
142 222 318 
271 103 379 
156 418 219 
269 133 376 
35 148 23 
340 401 357 
389 348 436 
41 307 267 
112 276 88 
142 341 39 
404 447 245 
489 89 393 
86 447 346 
116 311 39 
225 416 333 
348 98 42 
298 9 45 
143 46 491 
319 98 106 
229 334 405 
4 471 226 
404 216 111 
103 34 356 
96 104 472 
82 176 95 
160 272 386 
207 243 75 
481 88 335 
210 397 493 
49 205 84 
111 251 340 
480 347 226 
33 292 418 
442 26 88 
271 266 6 
338 313 344 
352 355 214 
299 245 295 
192 237 106 
439 65 92 
410 277 44 
219 359 2 
304 12 168 
340 465 94 
283 289 462 
207 293 316 
84 453 483 
67 462 49 
240 427 194 
236 465 264 
465 394 376 
33 487 93 
100 400 16 
204 27 327 
400 385 207 
8 306 201 
132 186 49 
322 243 53 
40 191 139 
343 106 120 
384 250 294 
169 169 91 
482 406 123 
488 220 97 
289 373 79 
16 39 88 
54 25 299 
472 226 472 
479 90 355 
232 140 260 
65 42 377 
118 30 31 
355 10 495 
157 413 407 
404 222 365 
63 393 314 
318 298 283 
