1000
3
411 39 407 
280 135 273 
222 21 335 
54 19 69 
225 343 321 
99 444 477 
496 0 369 
483 389 252 
119 266 60 
418 353 461 
352 216 416 
190 457 126 
17 334 332 
242 422 193 
168 154 220 
365 256 27 
356 354 179 
65 363 74 
359 299 76 
496 127 69 
302 108 164 
25 340 145 
78 64 148 
444 468 494 
323 344 329 
453 490 275 
439 418 167 
204 174 369 
464 166 199 
256 54 157 
75 83 143 
284 199 255 
288 204 389 
94 309 385 
120 315 310 
371 234 47 
67 67 434 
128 110 404 
418 454 21 
45 296 152 
52 361 429 
400 220 434 
227 467 210 
242 427 147 
83 244 303 
400 172 28 
190 383 119 
191 213 470 
160 162 403 
413 78 80 
253 277 202 
323 288 300 
355 429 410 
116 385 208 
259 89 120 
161 140 126 
456 101 417 
376 385 14 
237 239 497 
465 72 6 
463 384 44 
6 357 316 
277 478 242 
180 258 390 
89 358 454 
291 410 156 
45 83 322 
323 249 254 
259 100 180 
344 421 274 
430 233 364 
140 4 108 
179 423 64 
24 482 417 
325 334 290 
407 131 164 
246 274 189 
230 106 493 
275 336 475 
433 263 76 
433 117 492 
458 436 324 
257 286 267 
54 72 225 
135 228 238 
12 497 276 
275 29 455 
233 76 456 
177 160 137 
208 357 449 
134 112 212 
225 303 393 
104 460 166 
176 214 30 
321 108 273 
471 424 30 
305 65 314 
439 315 31 
201 236 242 
16 223 312 
27 16 93 
470 430 407 
54 153 300 
156 385 175 
66 462 220 
390 24 347 
165 402 487 
489 219 484 
276 435 18 
227 377 404 
396 273 455 
223 40 297 
36 219 46 
340 432 213 
317 90 322 
484 169 340 
75 445 260 
396 277 385 
170 301 131 
465 134 144 
191 137 249 
139 135 57 
96 210 240 
224 86 209 
107 402 234 
162 270 465 
431 196 243 
184 153 147 
169 301 388 
374 344 49 
169 167 95 
331 234 167 
445 301 203 
164 128 463 
43 479 67 
222 308 314 
210 160 354 
471 316 388 
319 207 438 
452 437 387 
59 327 347 
5 289 141 
446 395 245 
177 110 72 
4 431 412 
11 390 55 
183 219 283 
366 120 285 
109 421 132 
281 177 399 
232 152 239 
116 392 257 
333 224 69 
451 93 85 
258 212 266 
494 186 378 
209 288 39 
239 20 115 
130 193 208 
487 375 24 
469 138 190 
104 170 147 
364 404 488 
299 248 277 
51 499 137 
483 344 453 
12 6 323 
378 416 393 
206 479 82 
313 99 291 
328 236 70 
452 318 433 
254 320 187 
37 141 180 
378 372 72 
324 465 290 
226 447 491 
368 454 459 
50 390 403 
121 380 472 
51 415 319 
322 416 162 
97 401 359 
398 285 476 
264 160 236 
76 472 193 
48 176 158 
50 335 332 
80 261 413 
349 257 141 
23 397 292 
121 288 494 
212 39 98 
66 167 292 
150 18 290 
174 6 76 
363 73 320 
358 62 3 
71 170 66 
234 117 115 
347 429 104 
454 169 452 
207 482 473 
324 62 298 
172 147 167 
418 366 248 
107 134 108 
268 99 435 
441 466 76 
321 371 396 
115 486 170 
211 255 321 
376 408 32 
405 207 333 
248 238 27 
420 218 65 
108 43 480 
32 456 42 
283 91 359 
74 221 371 
161 162 317 
169 173 244 
370 388 187 
337 399 336 
218 150 393 
146 296 224 
108 34 100 
175 0 323 
159 411 410 
311 233 28 
426 371 182 
116 476 157 
176 219 492 
457 323 243 
204 225 359 
150 201 259 
195 478 5 
129 299 79 
111 223 29 
376 10 6 
74 183 216 
228 155 459 
0 325 383 
401 383 337 
139 443 428 
35 389 90 
31 78 156 
454 458 11 
444 164 239 
152 54 431 
62 308 438 
380 179 204 
228 441 14 
258 279 334 
491 260 161 
63 397 59 
172 101 475 
6 2 216 
25 159 283 
185 25 390 
377 186 201 
238 253 127 
282 61 181 
336 184 391 
283 221 201 
90 167 337 
480 220 129 
288 334 34 
378 212 483 
462 117 283 
335 413 79 
388 489 72 
184 203 242 
124 69 39 
91 28 271 
287 465 439 
66 308 385 
307 431 83 
424 370 416 
410 53 159 
193 38 137 
253 412 297 
65 253 170 
29 154 341 
97 150 440 
438 263 308 
282 494 266 
76 480 267 
138 257 136 
53 471 67 
289 355 311 
110 407 446 
244 61 17 
485 467 417 
419 160 41 
449 177 208 
476 215 188 
53 182 178 
370 452 43 
140 386 281 
433 78 260 
68 407 178 
211 223 218 
104 340 184 
104 475 281 
357 141 348 
423 147 41 
281 76 487 
99 56 193 
279 304 281 
55 164 264 
70 367 81 
386 319 204 
278 195 147 
168 147 244 
282 159 28 
453 423 363 
218 90 113 
298 99 74 
228 182 75 
183 239 223 
384 65 453 
168 499 447 
196 256 157 
279 53 180 
486 355 386 
357 125 316 
295 183 357 
360 401 101 
214 373 424 
90 105 268 
156 285 499 
403 463 245 
325 330 26 
151 269 34 
458 376 40 
193 277 452 
64 79 271 
93 489 102 
151 166 469 
16 302 463 
112 409 348 
34 282 444 
34 452 292 
148 41 366 
187 8 466 
52 185 499 
245 203 80 
198 43 364 
293 368 475 
156 222 261 
405 371 413 
136 361 61 
469 418 103 
399 398 483 
20 257 57 
168 89 172 
82 340 415 
55 103 185 
463 415 470 
158 390 132 
378 182 102 
488 450 236 
149 15 88 
6 471 17 
426 433 436 
335 352 91 
143 0 262 
428 30 420 
463 375 35 
40 439 385 
252 69 65 
128 387 8 
234 317 348 
87 447 152 
93 189 285 
414 257 268 
484 357 296 
368 269 436 
463 473 441 
157 267 182 
76 256 393 
444 95 107 
494 113 106 
76 228 262 
345 308 289 
125 254 56 
214 281 256 
106 221 316 
176 431 114 
143 241 168 
148 488 234 
159 60 36 
467 22 421 
349 48 264 
315 183 264 
93 175 300 
450 169 380 
114 278 485 
341 220 2 
109 378 389 
95 241 385 
12 428 339 
206 74 43 
347 90 187 
200 289 61 
191 106 384 
67 297 384 
248 207 122 
25 279 296 
476 272 350 
288 431 59 
483 69 365 
71 311 227 
154 446 456 
488 374 469 
480 276 126 
477 429 146 
34 204 34 
487 234 344 
76 390 488 
9 423 36 
291 177 144 
86 339 34 
459 290 75 
3 270 107 
168 11 92 
350 483 271 
392 18 378 
31 286 403 
137 429 40 
107 397 333 
103 481 182 
393 121 128 
185 277 151 
432 173 216 
393 172 328 
351 293 15 
322 486 165 
469 285 452 
344 467 140 
170 151 427 
277 237 202 
360 467 183 
206 233 341 
477 52 184 
273 39 388 
5 161 20 
283 117 8 
100 199 254 
347 487 464 
161 262 428 
344 135 25 
108 457 144 
155 323 307 
122 478 233 
473 415 451 
325 0 44 
205 134 427 
430 33 474 
239 9 468 
269 383 414 
480 444 212 
242 157 455 
414 27 157 
396 480 200 
0 94 422 
109 158 430 
325 468 155 
138 444 110 
156 172 145 
334 360 354 
248 45 425 
364 103 460 
442 97 111 
111 211 67 
20 498 199 
67 80 301 
102 34 259 
164 359 447 
154 58 165 
298 173 285 
55 381 411 
416 218 341 
77 65 2 
79 116 248 
281 205 220 
108 375 337 
137 13 45 
221 122 331 
489 390 317 
486 46 315 
254 7 293 
14 104 124 
274 375 190 
33 367 196 
119 303 104 
324 240 442 
4 318 399 
278 404 235 
37 106 308 
66 302 494 
320 9 269 
271 278 61 
88 249 226 
261 93 364 
467 336 214 
24 247 421 
235 424 278 
69 302 383 
81 180 433 
422 418 300 
388 441 361 
207 134 340 
254 247 386 
162 430 177 
483 215 83 
252 141 11 
455 180 159 
178 137 495 
101 42 180 
100 78 460 
114 47 472 
144 317 124 
269 264 449 
292 438 52 
85 90 328 
476 408 419 
90 399 376 
273 110 129 
173 107 367 
232 148 114 
456 427 0 
7 404 254 
300 270 494 
175 451 51 
249 151 239 
139 460 369 
384 497 371 
329 165 332 
213 208 230 
62 119 264 
434 324 199 
390 124 101 
310 317 304 
451 136 127 
136 280 134 
234 53 458 
430 73 485 
379 479 368 
474 309 136 
179 24 430 
378 27 38 
416 394 343 
182 332 109 
359 428 44 
384 41 84 
143 189 178 
3 493 7 
224 297 77 
86 462 409 
268 302 106 
16 226 450 
305 450 303 
6 22 170 
312 222 308 
74 349 442 
478 103 289 
486 230 196 
385 491 154 
402 253 177 
332 31 156 
340 49 428 
215 162 409 
269 349 375 
233 69 102 
148 1 254 
410 486 385 
186 282 102 
283 461 290 
338 292 375 
98 451 229 
230 363 54 
348 301 400 
262 152 361 
499 217 314 
233 134 411 
106 233 291 
219 50 15 
453 464 29 
325 164 471 
304 299 485 
488 271 226 
251 208 284 
79 166 103 
186 354 215 
427 443 391 
359 379 138 
410 392 470 
101 75 146 
144 356 489 
383 480 256 
40 336 272 
155 306 37 
74 435 211 
164 308 366 
217 137 198 
478 219 277 
357 7 50 
221 19 6 
347 50 7 
15 356 175 
91 155 1 
115 160 112 
391 330 87 
103 323 258 
453 281 234 
163 478 234 
429 152 495 
330 453 298 
370 397 397 
308 207 403 
207 352 125 
217 350 464 
487 391 120 
176 121 187 
281 49 302 
435 236 312 
167 67 454 
293 92 198 
358 458 295 
231 174 164 
107 203 21 
242 133 318 
434 342 305 
400 142 220 
270 479 315 
212 76 259 
67 244 9 
329 272 20 
125 401 313 
199 357 399 
139 259 12 
384 203 364 
425 107 163 
486 203 279 
348 310 146 
452 318 328 
218 450 136 
98 295 29 
224 272 204 
348 460 31 
393 472 2 
84 412 466 
48 124 459 
470 316 334 
364 375 127 
270 187 272 
431 208 345 
484 495 40 
22 13 263 
13 12 10 
480 155 343 
272 289 352 
110 401 21 
484 480 201 
285 326 100 
56 211 67 
335 113 140 
472 43 140 
119 124 46 
63 299 259 
233 104 119 
52 391 399 
374 226 278 
352 310 458 
336 311 338 
356 495 168 
279 259 463 
425 51 273 
150 283 253 
427 23 62 
177 291 296 
342 421 204 
233 383 439 
151 392 255 
358 244 14 
360 107 403 
94 489 179 
421 427 178 
495 118 193 
16 176 125 
52 354 58 
433 295 323 
237 76 24 
121 138 265 
141 20 65 
311 128 176 
120 364 16 
263 32 300 
27 335 459 
436 33 25 
109 206 310 
459 108 332 
481 352 88 
368 197 222 
209 47 272 
117 316 387 
20 179 425 
285 321 456 
358 217 378 
20 473 350 
96 379 447 
134 421 454 
73 288 267 
485 13 43 
104 225 271 
91 301 295 
83 300 451 
266 186 162 
430 314 52 
333 98 166 
395 232 256 
365 451 125 
189 61 148 
398 223 21 
221 471 400 
442 231 233 
125 201 189 
266 221 239 
259 146 422 
253 14 458 
453 231 315 
487 485 345 
153 451 346 
226 416 189 
324 245 412 
335 367 317 
75 497 323 
72 171 24 
277 340 388 
5 169 219 
34 89 123 
337 168 34 
317 36 455 
336 179 376 
59 221 382 
389 121 270 
155 166 102 
344 35 368 
36 296 392 
488 437 144 
51 102 81 
186 374 39 
238 398 246 
322 420 27 
121 75 471 
31 449 436 
480 218 361 
30 72 77 
30 48 416 
9 82 67 
94 46 413 
230 401 469 
388 129 196 
234 103 474 
294 390 104 
15 194 242 
134 335 182 
145 469 495 
428 17 266 
73 233 50 
447 221 499 
39 342 29 
66 406 427 
135 172 258 
244 213 153 
95 396 304 
363 467 4 
478 194 432 
470 99 280 
35 137 7 
340 108 15 
191 105 112 
154 449 27 
32 476 85 
301 487 466 
338 70 280 
184 39 321 
373 348 272 
493 0 470 
345 367 392 
35 437 488 
424 429 123 
106 68 34 
54 81 149 
486 472 215 
392 256 274 
73 79 162 
466 442 96 
112 370 215 
371 91 41 
433 195 38 
464 162 128 
162 407 107 
420 488 250 
420 403 0 
90 106 242 
206 57 373 
405 188 139 
273 265 18 
360 435 390 
38 367 290 
400 100 280 
453 349 422 
238 208 27 
110 194 170 
104 353 117 
134 4 297 
383 167 306 
67 157 338 
368 145 317 
294 77 162 
499 26 252 
236 484 483 
403 65 60 
66 30 4 
217 154 270 
294 60 207 
139 376 431 
70 178 402 
456 357 139 
378 134 63 
487 53 374 
201 298 67 
253 120 102 
75 185 339 
268 460 321 
422 62 51 
115 401 489 
291 121 350 
189 47 429 
26 184 140 
246 59 306 
373 303 115 
51 364 407 
169 298 287 
489 205 437 
452 283 386 
281 323 83 
160 121 290 
239 185 131 
112 234 421 
79 43 230 
89 237 295 
229 80 74 
299 313 165 
282 182 141 
458 458 336 
491 415 77 
484 278 80 
456 334 79 
300 463 202 
113 202 391 
159 222 450 
499 479 338 
284 363 348 
228 65 0 
216 51 424 
354 110 484 
221 15 440 
81 473 365 
194 78 426 
139 300 72 
441 92 57 
190 217 402 
220 302 11 
7 248 471 
1 390 332 
397 417 105 
188 479 307 
287 264 313 
71 193 74 
55 436 285 
104 169 66 
499 276 65 
419 424 424 
83 377 285 
49 447 56 
102 256 142 
255 216 273 
239 433 444 
76 245 454 
250 206 143 
385 151 396 
443 261 27 
12 468 467 
82 445 122 
315 50 489 
36 315 38 
166 406 76 
143 101 489 
212 288 99 
293 175 179 
3 182 23 
463 109 370 
186 497 73 
254 154 8 
76 244 235 
397 400 442 
393 423 451 
394 250 252 
293 173 128 
250 123 105 
492 337 220 
187 94 494 
95 27 209 
252 64 157 
483 198 380 
220 202 266 
81 4 186 
406 399 164 
147 125 156 
459 4 45 
130 14 270 
175 310 307 
383 264 174 
324 402 364 
340 282 47 
272 283 78 
44 482 68 
79 492 213 
409 22 465 
258 250 70 
229 435 40 
290 77 198 
355 182 85 
373 393 403 
457 358 433 
172 330 478 
303 306 270 
480 417 214 
452 369 203 
190 339 290 
479 439 278 
434 455 175 
150 297 253 
347 325 325 
306 299 106 
185 100 361 
335 132 341 
300 162 161 
124 211 233 
293 343 198 
172 489 312 
221 256 79 
378 336 355 
160 235 395 
291 296 327 
64 314 54 
40 298 122 
414 369 320 
237 96 118 
67 404 279 
406 273 114 
224 492 281 
474 218 240 
177 169 96 
286 382 182 
338 148 310 
231 452 389 
62 260 395 
411 375 140 
342 182 317 
376 238 371 
224 428 466 
231 299 401 
131 146 58 
321 484 232 
83 166 414 
31 317 462 
395 384 198 
1 129 190 
464 25 274 
361 151 367 
177 48 89 
126 8 338 
290 260 234 
415 123 165 
201 103 295 
205 430 406 
362 351 56 
147 350 224 
410 159 158 
110 120 33 
322 241 302 
387 73 144 
393 232 195 
128 223 313 
188 251 22 
