1000
3
455 204 10 
438 378 433 
299 258 91 
390 351 466 
234 452 224 
244 329 445 
203 449 246 
117 88 351 
452 108 383 
151 208 291 
122 377 339 
96 160 125 
164 75 88 
431 185 99 
68 174 66 
319 495 450 
348 467 362 
292 485 415 
486 215 50 
26 410 38 
207 103 263 
362 182 269 
437 5 478 
18 174 80 
319 55 27 
149 119 210 
331 14 109 
169 107 443 
350 255 4 
66 129 477 
213 146 220 
55 140 73 
245 380 196 
112 255 488 
325 369 325 
138 479 219 
341 15 478 
279 447 78 
499 150 457 
449 333 280 
467 377 203 
175 284 274 
278 101 39 
397 403 172 
261 287 325 
188 476 123 
429 452 192 
245 347 61 
494 368 18 
493 430 321 
369 199 427 
497 293 53 
179 128 123 
395 145 84 
158 87 298 
126 162 474 
18 248 384 
480 204 64 
238 425 383 
201 187 280 
192 8 316 
26 410 486 
174 40 56 
49 144 81 
349 176 178 
431 39 41 
448 77 289 
462 217 275 
76 316 471 
414 16 293 
135 455 493 
185 286 362 
286 195 327 
68 165 137 
342 130 233 
70 274 493 
51 400 267 
328 41 412 
87 129 189 
338 234 192 
128 269 393 
25 447 415 
147 361 409 
122 464 161 
344 73 499 
211 372 70 
99 133 20 
280 459 444 
28 284 178 
182 131 360 
343 232 48 
377 394 468 
74 464 459 
195 311 5 
216 14 153 
327 205 235 
155 463 33 
103 384 251 
332 200 20 
327 296 169 
346 256 70 
206 245 113 
57 390 76 
192 362 178 
454 4 131 
121 386 241 
442 339 289 
158 243 207 
340 259 422 
321 29 408 
67 164 354 
225 31 240 
96 204 167 
432 323 209 
313 353 404 
460 414 108 
357 26 176 
26 90 350 
73 181 259 
279 218 253 
329 128 415 
221 238 211 
142 417 421 
75 395 111 
352 416 102 
85 376 249 
65 105 436 
210 97 76 
74 288 69 
432 451 327 
78 159 42 
179 141 241 
95 226 135 
330 142 209 
170 213 383 
298 190 20 
115 463 319 
190 145 490 
255 62 346 
476 472 482 
322 119 231 
25 275 52 
8 33 417 
143 142 249 
65 475 23 
287 324 358 
61 198 355 
445 229 56 
244 372 161 
351 420 86 
308 2 105 
8 57 199 
236 404 497 
403 380 152 
43 429 441 
385 99 105 
394 0 152 
278 94 96 
6 15 315 
250 370 459 
475 85 197 
187 152 400 
5 105 466 
303 267 364 
251 435 178 
135 78 151 
438 315 67 
160 449 232 
280 271 451 
159 36 186 
44 371 492 
38 286 210 
31 421 181 
320 368 448 
231 288 39 
347 268 466 
205 340 215 
140 257 86 
349 289 267 
324 383 368 
492 42 182 
339 337 324 
180 243 489 
350 190 240 
234 220 41 
434 72 224 
11 427 77 
201 314 158 
405 146 57 
84 277 364 
235 174 263 
277 135 38 
409 272 38 
139 443 283 
145 291 456 
291 480 44 
78 94 432 
265 26 29 
96 196 362 
269 387 141 
113 134 162 
120 281 424 
297 332 244 
266 301 12 
53 316 12 
295 175 28 
329 189 273 
413 51 108 
124 149 313 
401 190 334 
448 41 307 
240 41 332 
253 293 119 
433 235 413 
252 483 491 
205 345 92 
430 0 75 
40 464 413 
469 149 120 
401 256 322 
479 400 133 
415 216 299 
279 20 221 
261 253 242 
201 190 468 
79 241 162 
342 129 341 
235 394 251 
332 11 108 
291 341 72 
258 28 254 
57 300 336 
407 446 309 
258 495 29 
23 379 230 
497 269 242 
294 408 297 
486 385 116 
0 396 169 
234 133 347 
335 451 70 
217 398 325 
255 439 168 
454 394 336 
175 252 313 
175 166 133 
186 491 27 
262 224 472 
309 444 30 
384 499 118 
469 492 311 
322 357 78 
105 310 117 
33 456 367 
267 335 459 
466 103 78 
70 244 231 
489 64 364 
25 78 441 
390 75 76 
453 307 490 
271 72 80 
158 43 257 
49 97 236 
498 184 192 
299 465 419 
309 481 177 
383 365 34 
137 102 274 
85 194 192 
288 14 176 
85 378 154 
458 34 262 
84 463 451 
153 311 6 
235 188 248 
7 307 215 
403 423 297 
228 380 469 
128 361 152 
438 108 88 
131 4 352 
287 208 317 
436 252 261 
7 331 3 
367 340 221 
296 446 226 
103 173 8 
81 316 311 
292 417 66 
233 319 247 
174 180 302 
337 89 331 
158 38 437 
169 402 429 
257 289 327 
21 369 203 
229 385 397 
283 421 345 
376 62 191 
373 49 305 
255 412 147 
395 377 215 
59 320 166 
428 390 344 
238 60 169 
110 236 99 
205 301 125 
367 247 305 
169 38 11 
59 111 185 
423 279 188 
50 463 179 
407 381 206 
284 56 431 
219 442 83 
229 363 38 
208 29 365 
403 274 15 
196 235 245 
273 343 15 
413 137 478 
58 308 412 
74 192 464 
496 438 338 
391 452 411 
379 347 84 
216 196 458 
240 59 313 
307 306 100 
373 420 172 
412 332 265 
332 113 78 
249 22 411 
239 435 280 
455 477 15 
365 419 297 
216 289 194 
202 111 130 
49 278 66 
108 147 55 
346 150 116 
50 410 419 
416 350 327 
464 23 32 
73 121 409 
375 437 437 
11 427 48 
64 39 451 
106 326 131 
3 33 108 
438 117 300 
451 120 60 
10 86 320 
304 117 51 
281 386 115 
410 164 411 
28 181 474 
195 140 280 
414 191 428 
436 299 319 
109 128 499 
340 470 3 
175 83 136 
213 287 395 
243 50 22 
65 263 473 
185 41 12 
467 237 58 
420 438 319 
54 288 433 
339 27 286 
82 384 362 
386 423 23 
415 23 443 
139 15 406 
125 294 150 
78 408 79 
48 326 25 
80 255 148 
422 198 112 
18 496 271 
211 385 291 
292 24 30 
434 101 330 
425 118 55 
208 157 301 
205 293 488 
100 66 210 
321 54 114 
482 108 228 
435 61 123 
161 129 445 
23 255 459 
347 358 401 
377 391 328 
364 419 406 
324 285 470 
277 113 196 
398 118 470 
55 208 472 
80 267 455 
113 446 260 
402 296 359 
237 297 469 
445 14 342 
400 277 50 
287 65 388 
353 97 131 
433 254 111 
8 136 146 
438 101 287 
144 321 16 
0 186 357 
426 316 242 
279 27 331 
187 389 25 
356 267 251 
5 244 77 
200 6 364 
260 470 84 
236 342 203 
404 107 211 
216 42 388 
38 304 239 
62 318 239 
306 409 63 
337 55 422 
193 279 410 
237 18 365 
279 489 267 
57 214 465 
399 152 178 
491 96 242 
103 318 132 
76 340 57 
493 315 416 
46 87 496 
2 201 258 
340 200 410 
391 473 489 
314 291 394 
234 175 102 
416 466 282 
11 238 371 
339 321 389 
77 120 95 
149 51 106 
374 168 393 
437 327 113 
339 232 52 
367 465 21 
451 460 68 
95 250 376 
153 229 475 
277 138 478 
152 178 385 
128 443 87 
261 114 48 
361 192 108 
0 78 368 
298 233 416 
490 460 192 
243 68 32 
187 276 386 
73 321 421 
328 348 137 
496 292 454 
39 229 276 
350 493 36 
168 33 364 
395 277 452 
263 336 45 
225 466 491 
114 290 474 
292 198 108 
281 360 250 
96 176 62 
56 140 473 
341 323 349 
254 329 349 
299 412 216 
315 387 185 
346 349 265 
497 396 414 
182 25 359 
329 419 483 
473 350 46 
34 138 306 
103 465 60 
101 131 145 
299 410 344 
240 29 282 
250 160 351 
219 104 193 
259 12 308 
26 102 58 
326 438 344 
193 315 118 
105 92 363 
497 207 60 
184 185 248 
300 490 20 
231 87 49 
410 283 191 
66 453 327 
493 171 49 
372 281 149 
439 265 127 
466 460 358 
318 188 7 
1 79 473 
227 385 422 
239 332 100 
460 305 361 
193 48 471 
367 223 23 
471 372 94 
75 151 150 
112 301 404 
1 355 131 
438 340 169 
493 166 145 
245 77 329 
471 78 490 
498 172 82 
62 295 61 
165 447 120 
253 404 448 
358 199 173 
349 44 480 
41 416 153 
312 478 472 
161 50 34 
460 89 283 
464 442 466 
444 50 102 
190 479 136 
141 103 19 
169 451 65 
226 73 324 
335 429 471 
324 249 207 
89 215 9 
90 137 48 
59 266 214 
410 200 135 
220 432 263 
279 17 346 
448 99 434 
404 151 170 
146 367 148 
68 3 208 
365 212 295 
318 119 330 
97 116 455 
428 252 8 
185 267 137 
455 388 443 
246 148 42 
3 391 56 
293 72 98 
468 407 450 
246 112 451 
81 193 277 
113 277 63 
145 317 303 
287 30 95 
204 249 483 
155 204 237 
240 357 449 
204 279 104 
408 128 297 
16 414 327 
495 425 80 
109 415 167 
31 455 227 
329 449 437 
209 477 440 
287 450 102 
110 61 327 
333 249 80 
16 486 290 
81 444 357 
144 220 221 
60 113 37 
26 191 24 
184 489 174 
379 128 302 
40 477 460 
401 247 433 
237 175 467 
149 455 472 
12 166 7 
291 375 480 
22 279 496 
78 112 269 
372 493 83 
171 290 285 
419 204 239 
82 484 479 
199 316 116 
190 279 339 
483 290 274 
47 159 441 
452 15 24 
117 270 257 
210 60 11 
337 436 494 
315 355 122 
402 403 344 
166 489 166 
25 331 386 
432 434 426 
419 496 74 
454 89 27 
484 495 266 
88 491 128 
15 222 8 
54 106 427 
408 357 162 
475 261 35 
262 440 78 
267 261 306 
203 8 430 
418 143 399 
93 425 108 
231 266 359 
476 24 198 
497 139 198 
154 292 142 
77 487 276 
295 334 75 
85 192 153 
281 258 424 
115 80 163 
165 198 172 
201 337 71 
342 58 96 
120 425 323 
252 132 346 
371 99 288 
224 492 378 
136 355 245 
50 191 236 
223 447 109 
397 101 6 
283 129 244 
109 464 322 
75 351 42 
56 296 366 
431 283 192 
435 304 99 
394 140 193 
12 64 178 
499 408 25 
84 246 379 
299 176 150 
246 433 95 
402 161 21 
480 372 308 
425 206 280 
73 395 356 
280 327 159 
219 53 162 
317 106 352 
147 289 73 
244 81 436 
488 180 278 
72 460 368 
212 483 316 
245 495 113 
286 167 275 
404 120 428 
364 285 458 
451 198 158 
235 314 372 
350 368 161 
129 293 446 
335 57 214 
171 103 38 
431 71 414 
446 300 1 
251 130 363 
148 224 89 
368 42 24 
212 33 376 
214 178 33 
392 385 299 
399 37 309 
122 310 168 
7 88 19 
444 289 13 
191 211 117 
113 424 196 
140 272 255 
229 463 111 
143 215 498 
363 425 213 
266 124 308 
343 9 11 
312 67 139 
209 256 337 
168 120 61 
460 213 165 
354 444 169 
320 466 281 
65 343 149 
190 292 266 
146 156 362 
344 249 466 
67 187 489 
149 100 354 
107 304 381 
284 27 85 
342 61 239 
248 73 349 
354 466 482 
149 301 482 
479 15 45 
212 289 154 
434 395 207 
314 449 213 
246 406 246 
46 18 19 
188 441 49 
254 497 395 
230 467 306 
310 238 309 
420 495 395 
497 126 301 
36 447 495 
389 337 80 
27 219 396 
382 186 470 
182 462 29 
189 238 300 
350 138 491 
354 154 459 
408 398 110 
477 288 494 
143 276 259 
178 32 186 
78 361 383 
259 323 345 
475 438 173 
82 137 83 
240 310 360 
377 452 354 
35 436 493 
433 115 231 
442 221 399 
363 218 7 
192 136 289 
437 201 202 
287 12 116 
452 448 397 
496 85 176 
84 52 415 
281 31 432 
497 248 37 
6 42 161 
238 231 137 
432 252 161 
312 477 196 
266 259 443 
367 383 457 
53 349 339 
122 113 231 
218 166 99 
217 434 223 
6 147 69 
262 234 177 
233 287 126 
438 473 250 
192 94 234 
450 4 205 
475 341 50 
172 365 207 
409 206 410 
332 324 340 
172 289 251 
426 163 427 
440 278 52 
483 447 272 
446 249 161 
195 316 324 
417 302 351 
100 442 368 
282 227 253 
490 12 246 
430 244 179 
463 442 271 
135 332 95 
337 245 255 
421 307 430 
223 269 468 
384 480 60 
103 77 301 
409 379 11 
478 348 91 
328 16 308 
122 370 94 
392 453 362 
287 343 334 
407 190 286 
298 386 42 
354 383 374 
386 131 292 
59 117 439 
219 448 280 
392 368 437 
401 226 252 
445 284 129 
261 41 26 
224 101 279 
197 346 359 
467 435 422 
289 259 314 
118 420 154 
396 372 98 
411 74 238 
466 493 222 
272 207 65 
323 480 294 
254 250 46 
430 184 170 
486 306 287 
289 228 346 
467 477 78 
476 146 302 
436 302 42 
246 473 192 
338 16 35 
399 405 39 
386 185 330 
286 498 18 
238 384 26 
444 451 450 
296 106 333 
298 111 119 
407 107 84 
86 177 167 
406 191 422 
128 453 57 
321 406 23 
474 253 152 
282 255 450 
243 393 336 
354 364 238 
82 241 313 
25 486 433 
402 99 37 
227 370 333 
158 419 433 
168 431 302 
86 470 388 
139 462 460 
154 347 296 
45 347 150 
336 206 160 
36 355 231 
328 152 332 
337 133 244 
361 466 458 
430 257 243 
250 232 210 
192 299 472 
129 183 155 
366 254 143 
33 46 222 
224 326 289 
306 126 462 
312 433 422 
217 229 419 
32 302 255 
174 181 179 
181 7 393 
28 311 205 
447 290 398 
65 158 61 
5 433 465 
206 488 89 
73 51 493 
233 206 137 
325 20 92 
183 2 154 
469 244 276 
472 388 211 
150 121 316 
120 43 265 
84 152 489 
387 479 185 
470 417 149 
164 494 235 
73 288 225 
469 265 292 
35 81 344 
218 26 265 
78 239 204 
375 199 319 
150 459 106 
377 388 202 
376 400 474 
312 306 496 
53 0 44 
316 180 121 
344 438 142 
281 123 94 
93 210 415 
189 296 345 
355 448 134 
206 439 332 
412 51 375 
333 205 44 
183 220 376 
236 38 440 
446 304 261 
464 99 160 
439 198 17 
40 210 136 
271 172 159 
464 236 94 
148 79 459 
166 497 58 
402 264 193 
20 416 487 
178 220 336 
402 123 19 
454 315 319 
128 224 369 
16 312 258 
119 25 465 
331 184 349 
487 186 178 
348 369 122 
149 124 471 
110 445 426 
392 237 192 
275 347 150 
342 3 79 
401 216 473 
39 107 272 
412 393 51 
3 441 27 
285 380 305 
272 436 133 
328 129 92 
41 378 324 
94 249 221 
259 281 73 
191 346 353 
262 192 254 
335 109 217 
50 109 159 
469 340 376 
21 53 98 
376 227 208 
19 143 36 
448 64 22 
53 16 483 
325 259 471 
227 222 1 
406 420 90 
375 214 226 
76 464 417 
61 283 258 
439 86 355 
283 384 401 
15 14 133 
396 14 221 
137 100 111 
34 383 324 
280 88 242 
71 268 290 
288 343 109 
139 428 435 
161 10 27 
398 328 494 
490 366 320 
79 450 192 
92 411 352 
58 23 224 
424 131 257 
367 81 243 
305 18 196 
471 387 195 
167 317 364 
155 333 85 
195 303 476 
102 301 274 
98 328 95 
498 272 404 
282 186 72 
439 228 147 
371 53 228 
254 21 192 
258 472 250 
169 415 43 
17 438 277 
