1000
3
16 137 252 
194 85 406 
318 470 453 
43 195 330 
66 407 185 
278 319 189 
102 333 259 
401 222 384 
496 414 147 
494 329 485 
195 7 186 
258 144 87 
224 153 48 
58 348 168 
275 83 472 
184 393 414 
189 373 73 
167 201 105 
236 357 365 
201 55 71 
343 378 443 
166 225 190 
455 368 390 
206 365 453 
454 46 160 
401 382 385 
210 290 258 
495 57 228 
443 116 138 
358 313 422 
393 471 69 
84 49 211 
73 179 145 
261 133 389 
434 218 35 
148 295 324 
46 333 427 
481 463 311 
193 94 332 
312 285 216 
2 91 168 
482 125 170 
346 365 127 
59 325 178 
70 270 109 
378 481 455 
363 212 321 
256 423 187 
187 53 42 
318 254 248 
150 347 155 
354 288 172 
141 330 80 
493 242 487 
431 66 61 
42 123 344 
126 199 169 
89 323 86 
76 313 350 
280 79 416 
343 280 227 
37 57 271 
258 313 425 
180 472 26 
30 82 36 
123 345 363 
229 209 285 
248 308 74 
216 467 341 
358 460 413 
225 432 220 
60 429 121 
207 144 178 
44 391 402 
22 44 364 
129 252 283 
272 439 385 
187 130 361 
137 61 383 
479 114 131 
173 359 339 
138 41 472 
413 116 349 
30 407 215 
109 425 435 
68 150 376 
34 172 276 
409 389 77 
274 51 199 
144 326 383 
414 67 206 
83 10 10 
101 204 425 
4 11 28 
238 424 80 
182 221 425 
190 446 411 
32 270 361 
191 416 276 
17 340 117 
199 153 107 
482 274 177 
69 304 318 
93 203 300 
362 440 174 
448 72 180 
234 20 452 
297 222 468 
114 159 237 
131 212 372 
124 194 318 
187 128 321 
126 260 233 
183 202 270 
237 281 132 
355 388 348 
377 343 304 
452 314 246 
192 260 107 
467 265 355 
243 404 216 
156 365 480 
65 447 489 
89 174 265 
418 119 241 
102 360 209 
467 474 287 
403 368 389 
234 296 196 
100 10 254 
281 390 296 
480 172 483 
106 52 190 
173 427 492 
383 360 333 
240 222 476 
431 365 432 
311 393 468 
363 256 339 
461 215 348 
491 11 360 
7 379 325 
23 291 154 
216 343 274 
112 364 336 
286 301 37 
163 482 267 
480 378 103 
496 14 439 
152 445 209 
296 448 46 
157 305 475 
232 103 29 
320 205 366 
212 114 448 
142 378 73 
192 274 430 
29 343 178 
146 370 392 
14 342 258 
77 102 36 
180 87 494 
442 381 440 
78 147 334 
311 304 373 
146 56 334 
349 338 143 
56 254 283 
107 66 43 
268 176 359 
195 5 242 
142 274 71 
373 5 366 
26 142 301 
481 145 488 
373 282 201 
367 379 468 
257 462 438 
298 11 36 
453 38 76 
410 236 357 
346 340 481 
271 275 446 
303 332 373 
298 304 98 
272 187 0 
452 292 138 
162 76 494 
117 371 124 
398 320 70 
98 292 316 
411 194 27 
384 429 375 
326 159 366 
346 14 108 
25 35 173 
125 428 61 
478 51 315 
332 257 403 
97 115 458 
366 442 464 
290 83 144 
261 467 405 
308 484 18 
19 36 31 
82 245 246 
51 491 270 
410 30 96 
204 413 457 
378 213 144 
103 231 415 
445 308 40 
346 401 89 
499 211 142 
213 485 57 
447 19 488 
312 463 187 
249 221 407 
83 16 33 
317 246 281 
131 442 216 
488 61 179 
121 404 239 
247 468 41 
442 469 228 
224 28 165 
66 260 137 
454 310 400 
124 284 180 
9 360 199 
128 289 17 
292 274 129 
459 87 251 
215 248 99 
353 205 271 
230 442 323 
229 201 276 
3 497 297 
225 368 209 
251 478 424 
447 326 122 
396 290 351 
296 487 389 
314 223 217 
458 136 368 
26 253 304 
402 10 296 
48 201 453 
263 180 475 
301 261 326 
119 396 157 
423 417 240 
183 354 356 
321 371 271 
481 371 305 
230 196 72 
268 105 304 
473 33 448 
217 101 279 
344 77 411 
28 232 296 
210 274 286 
440 143 396 
477 173 55 
74 111 380 
302 341 49 
415 444 168 
474 25 108 
147 402 16 
231 13 213 
487 486 53 
114 142 380 
495 494 436 
495 37 488 
219 78 369 
426 421 49 
89 65 216 
189 162 143 
69 371 479 
247 410 207 
198 203 31 
378 493 82 
351 409 455 
396 409 113 
94 255 122 
429 253 75 
447 239 38 
330 311 92 
461 91 127 
169 101 298 
475 490 485 
237 116 367 
168 389 325 
346 194 411 
50 281 394 
122 415 33 
396 187 107 
360 188 417 
284 175 498 
59 168 396 
389 15 43 
236 442 476 
204 0 42 
436 482 478 
157 108 387 
183 266 198 
372 189 192 
174 372 211 
439 125 179 
281 71 22 
431 166 263 
454 442 328 
214 400 76 
163 123 50 
228 222 218 
339 289 155 
370 286 238 
54 244 496 
319 146 163 
410 480 80 
122 326 397 
496 122 459 
120 366 428 
476 455 62 
126 435 309 
301 363 204 
408 325 174 
490 97 267 
185 272 79 
419 487 208 
271 16 450 
52 421 463 
135 311 425 
454 360 145 
1 151 281 
263 179 211 
72 370 499 
241 326 166 
237 88 402 
382 181 87 
152 295 196 
369 396 427 
232 189 18 
168 233 317 
198 482 455 
372 41 490 
268 145 319 
74 274 14 
93 102 406 
218 91 140 
284 91 338 
155 7 320 
3 249 410 
335 427 100 
213 251 63 
49 421 26 
377 185 302 
234 290 179 
483 418 460 
26 337 476 
404 40 229 
233 304 105 
96 5 439 
303 410 173 
193 426 83 
311 478 323 
246 17 92 
358 412 403 
440 362 19 
51 311 307 
12 166 350 
122 260 34 
152 147 468 
442 104 152 
424 423 210 
386 236 301 
303 383 119 
477 365 495 
217 447 126 
59 417 238 
378 183 372 
357 8 228 
132 294 60 
179 453 106 
347 317 305 
304 360 328 
481 458 451 
107 331 14 
93 343 247 
222 491 130 
214 164 408 
432 278 493 
314 8 65 
64 277 220 
108 450 422 
226 101 426 
175 369 348 
473 433 332 
131 280 444 
346 5 357 
11 398 265 
439 450 357 
244 160 12 
426 80 446 
51 106 169 
292 488 47 
7 424 297 
71 434 250 
285 273 390 
126 10 284 
214 219 206 
111 455 448 
428 234 271 
453 471 424 
101 383 309 
338 465 203 
114 111 43 
29 84 100 
396 38 63 
268 433 434 
378 221 228 
464 452 443 
479 327 410 
267 332 37 
110 12 39 
338 469 18 
350 288 430 
254 54 411 
442 391 236 
72 32 354 
219 450 337 
290 18 489 
54 60 111 
479 168 89 
285 302 101 
386 403 473 
361 320 157 
239 467 102 
448 476 104 
0 380 113 
15 50 113 
436 19 154 
112 406 139 
403 91 322 
353 403 268 
28 33 231 
460 234 30 
206 203 178 
5 413 188 
97 237 471 
314 420 88 
202 415 354 
268 344 314 
386 388 87 
16 155 190 
336 471 129 
437 19 371 
266 91 34 
214 415 13 
284 379 262 
64 212 204 
10 436 331 
476 53 40 
222 352 213 
104 329 274 
225 135 254 
268 172 133 
114 411 438 
222 447 468 
446 229 58 
228 183 456 
320 256 442 
157 16 228 
181 286 124 
162 112 415 
421 400 14 
384 240 482 
6 289 427 
445 460 153 
114 47 365 
108 128 272 
92 78 446 
100 204 425 
66 148 107 
371 132 320 
486 205 302 
218 320 108 
58 192 385 
150 267 208 
205 297 293 
109 91 135 
22 478 233 
114 149 79 
221 296 361 
132 480 267 
223 298 175 
490 221 13 
201 96 417 
224 145 275 
90 157 296 
490 62 360 
169 220 303 
443 246 276 
483 464 308 
128 404 159 
123 226 90 
88 32 267 
138 169 23 
100 95 53 
212 208 351 
71 307 140 
311 214 253 
162 76 190 
358 467 19 
17 345 347 
256 54 327 
47 448 114 
456 7 420 
417 75 220 
470 178 337 
82 59 279 
173 162 294 
41 183 425 
449 304 451 
100 278 309 
213 476 429 
16 148 360 
413 364 308 
479 192 274 
421 364 13 
285 81 76 
17 284 362 
81 110 307 
210 461 137 
497 243 159 
450 288 275 
404 166 61 
265 51 65 
50 279 157 
158 47 237 
207 336 385 
118 110 382 
51 133 229 
479 247 38 
223 457 48 
40 212 321 
253 92 218 
260 107 220 
361 24 193 
85 167 245 
144 227 286 
303 194 8 
76 150 472 
67 150 106 
128 208 226 
177 493 264 
486 333 146 
475 234 287 
367 123 477 
474 491 415 
109 2 27 
370 125 446 
436 386 63 
69 62 57 
287 289 172 
443 63 424 
149 440 115 
4 470 13 
484 122 68 
155 441 144 
361 69 173 
185 182 104 
164 98 194 
492 322 222 
193 361 414 
462 122 195 
408 455 144 
316 425 129 
121 309 305 
486 299 424 
255 233 499 
425 185 301 
41 387 294 
157 26 51 
25 390 482 
128 473 231 
258 153 479 
13 469 396 
29 189 203 
467 180 379 
487 259 252 
149 130 329 
40 363 13 
297 385 265 
379 102 357 
228 81 330 
440 294 40 
184 76 16 
301 280 366 
102 248 404 
333 268 130 
474 311 44 
428 133 14 
430 397 300 
279 125 329 
17 412 281 
89 199 193 
467 43 209 
93 474 79 
100 194 421 
368 255 336 
278 412 17 
150 250 462 
360 120 400 
290 225 136 
141 400 433 
361 257 167 
247 226 176 
345 451 160 
335 171 59 
323 79 423 
113 298 57 
258 442 443 
367 273 346 
89 82 259 
245 30 466 
424 161 133 
395 174 230 
197 462 233 
323 332 472 
187 87 122 
127 213 97 
382 348 232 
492 131 68 
375 276 441 
123 101 198 
99 98 337 
370 266 341 
251 399 332 
366 107 372 
81 437 368 
75 339 125 
130 459 204 
372 329 335 
410 327 330 
9 441 21 
332 361 21 
306 292 39 
214 48 129 
328 219 246 
135 86 140 
402 493 230 
169 317 94 
136 357 224 
189 446 236 
486 104 398 
79 141 499 
273 238 339 
19 129 488 
367 441 151 
484 400 225 
2 376 478 
255 237 18 
271 301 219 
68 234 181 
251 240 144 
151 97 265 
307 435 12 
62 216 67 
191 85 392 
90 70 489 
71 253 499 
81 130 197 
365 20 196 
52 25 117 
279 461 300 
47 365 17 
73 111 106 
179 97 75 
257 324 433 
219 347 401 
7 483 240 
183 34 143 
37 469 304 
408 14 425 
341 112 126 
348 118 241 
181 432 188 
387 375 491 
380 151 190 
414 172 229 
130 346 455 
198 157 199 
37 131 332 
11 219 377 
287 113 215 
170 13 87 
437 14 405 
163 138 103 
425 184 252 
291 200 106 
87 335 451 
271 290 482 
475 122 255 
352 119 236 
82 409 74 
284 16 230 
465 125 485 
482 35 257 
435 206 29 
246 354 371 
497 106 330 
290 274 155 
460 330 419 
258 358 290 
70 251 401 
126 235 103 
52 204 358 
18 334 292 
329 208 268 
189 331 24 
455 343 447 
335 178 309 
353 388 125 
119 120 4 
330 258 416 
73 403 481 
158 484 349 
297 443 448 
132 125 462 
495 117 319 
106 19 365 
62 193 458 
71 52 426 
426 317 309 
390 472 299 
367 442 82 
354 50 292 
8 293 7 
449 80 451 
37 446 405 
152 344 324 
30 437 121 
7 201 67 
291 241 26 
256 424 81 
163 230 385 
447 281 121 
25 455 420 
124 161 23 
437 131 440 
105 124 432 
160 86 98 
187 196 289 
401 45 71 
464 120 241 
244 381 387 
7 5 396 
375 431 261 
385 22 293 
60 458 341 
423 109 44 
115 278 227 
27 115 19 
455 323 411 
378 55 141 
391 146 272 
367 49 341 
177 93 167 
289 115 73 
276 92 282 
406 392 133 
365 229 458 
220 302 285 
23 353 278 
297 41 444 
128 4 452 
129 361 265 
310 460 439 
245 425 412 
299 303 232 
26 334 78 
303 75 300 
366 37 486 
232 493 249 
113 296 432 
485 403 456 
443 498 216 
19 349 344 
472 191 149 
367 138 61 
95 24 10 
100 495 125 
458 178 382 
236 443 254 
86 247 378 
134 19 437 
481 385 451 
10 425 226 
370 228 66 
259 113 46 
104 88 325 
134 260 60 
141 491 251 
67 205 319 
467 407 381 
193 26 432 
106 475 417 
234 55 79 
81 25 88 
439 386 329 
352 189 94 
54 162 40 
213 443 96 
373 60 198 
303 486 218 
247 162 0 
51 198 113 
302 132 316 
241 486 28 
386 435 251 
75 336 423 
253 448 157 
29 408 448 
152 371 374 
150 172 180 
409 345 30 
200 208 327 
463 184 229 
316 413 406 
290 354 19 
420 74 277 
360 442 109 
410 366 89 
336 366 423 
406 246 81 
277 209 332 
132 452 232 
372 336 120 
267 254 53 
35 422 80 
191 432 129 
86 285 354 
264 478 476 
268 148 495 
126 201 179 
475 372 153 
324 227 206 
250 106 49 
139 189 135 
196 201 130 
176 495 411 
147 456 89 
438 125 418 
495 421 65 
125 445 65 
21 432 434 
293 423 375 
382 151 299 
53 406 132 
230 483 490 
259 404 405 
92 158 418 
236 270 488 
417 108 342 
499 467 357 
341 242 223 
149 121 283 
433 277 361 
52 244 466 
411 275 447 
470 102 244 
391 420 38 
219 407 201 
236 456 283 
393 279 200 
35 6 325 
169 100 60 
420 389 77 
302 360 348 
67 261 354 
208 471 378 
67 402 38 
39 206 180 
331 495 117 
357 458 54 
483 98 237 
6 472 303 
222 343 326 
489 463 342 
359 103 230 
485 344 3 
135 427 437 
41 249 367 
224 79 129 
466 460 404 
382 447 98 
287 128 219 
130 323 280 
147 156 37 
149 66 226 
346 269 275 
192 284 183 
395 336 276 
177 479 111 
481 448 207 
368 152 167 
467 11 224 
369 23 151 
253 223 271 
265 178 165 
324 138 24 
198 442 423 
206 175 407 
359 7 125 
237 243 71 
235 72 31 
214 450 119 
194 313 248 
349 230 462 
460 216 14 
53 125 10 
77 126 179 
24 456 83 
422 72 460 
171 429 382 
254 43 279 
155 132 396 
26 395 360 
422 449 278 
69 94 156 
377 482 312 
95 35 60 
63 447 347 
489 477 358 
285 154 259 
450 397 481 
230 284 87 
7 189 479 
294 385 115 
32 460 11 
160 130 424 
374 224 127 
479 88 36 
338 171 378 
150 157 186 
177 411 19 
303 490 260 
45 388 388 
150 262 233 
308 256 44 
408 392 24 
15 171 138 
393 151 474 
23 344 193 
145 292 8 
332 75 409 
128 224 212 
285 117 16 
498 187 410 
433 459 434 
180 459 263 
220 362 362 
378 365 362 
401 220 499 
327 351 369 
398 372 170 
92 338 73 
389 420 257 
384 411 410 
311 362 462 
174 266 297 
71 16 267 
387 359 194 
203 189 126 
162 98 274 
28 203 465 
42 17 5 
404 71 335 
374 279 315 
23 278 338 
216 373 416 
397 234 152 
383 86 63 
90 279 161 
305 442 110 
121 436 25 
106 477 474 
379 299 236 
453 389 102 
358 361 464 
488 103 315 
192 489 470 
286 252 260 
47 197 256 
281 15 125 
293 382 53 
421 164 187 
85 408 81 
73 356 156 
