1000
3
224 257 387 
177 222 26 
400 352 158 
456 23 369 
266 247 16 
372 289 1 
223 463 96 
81 174 164 
98 22 52 
264 461 312 
332 206 174 
413 63 423 
128 61 128 
277 186 248 
77 254 379 
326 288 48 
182 325 454 
39 264 402 
225 348 413 
458 440 430 
97 107 175 
355 107 424 
208 451 111 
457 437 180 
18 133 342 
486 394 490 
315 167 306 
439 471 185 
167 166 383 
431 12 499 
290 369 248 
66 162 72 
413 277 3 
7 143 34 
241 220 56 
360 125 230 
219 453 61 
216 491 89 
57 75 281 
229 225 274 
262 391 379 
323 19 77 
455 409 340 
301 484 469 
436 473 227 
466 395 56 
106 283 342 
269 62 259 
7 127 481 
243 173 151 
367 228 403 
328 70 287 
18 384 305 
175 303 11 
322 467 361 
8 455 157 
403 483 334 
339 46 484 
322 432 222 
387 154 375 
345 409 473 
65 320 202 
192 425 129 
268 48 489 
270 408 325 
107 204 89 
364 278 53 
398 433 331 
472 13 316 
64 254 475 
189 224 143 
498 256 418 
424 286 256 
52 315 227 
280 44 453 
272 2 378 
179 447 444 
35 312 29 
126 43 140 
465 282 223 
109 311 405 
202 28 142 
138 78 455 
308 40 406 
62 71 157 
351 20 463 
85 296 63 
93 70 391 
104 287 233 
127 58 34 
111 167 386 
105 236 197 
244 301 96 
181 373 264 
96 297 364 
435 399 398 
60 404 449 
481 51 10 
302 139 498 
369 336 159 
441 57 87 
119 10 363 
282 169 246 
135 147 84 
483 233 273 
406 486 19 
398 386 140 
0 127 297 
81 423 148 
454 16 67 
148 2 426 
195 62 280 
0 233 464 
58 151 176 
433 86 352 
432 214 385 
175 184 494 
39 397 454 
46 288 119 
133 452 477 
217 432 68 
398 449 383 
84 124 112 
456 469 252 
251 141 408 
88 388 121 
348 266 257 
408 95 383 
421 283 103 
49 30 169 
118 266 90 
357 185 209 
338 213 374 
135 58 456 
314 30 498 
96 130 389 
139 375 91 
89 366 93 
169 496 494 
399 389 398 
150 394 238 
44 140 393 
270 213 353 
321 286 71 
410 289 175 
442 72 347 
105 294 342 
439 298 222 
7 445 228 
402 335 457 
381 65 138 
483 148 360 
28 489 68 
488 141 407 
329 175 325 
246 351 394 
324 301 327 
282 80 440 
81 49 31 
246 444 340 
129 242 338 
44 43 22 
368 241 294 
281 262 127 
307 376 315 
56 450 372 
299 384 124 
350 74 245 
157 371 466 
258 364 255 
293 26 11 
18 313 105 
197 263 454 
160 240 189 
110 179 379 
438 324 68 
266 211 238 
402 442 198 
216 256 26 
136 370 88 
296 88 36 
57 69 8 
221 229 156 
40 362 404 
456 12 340 
202 277 303 
340 323 384 
426 328 497 
178 258 147 
470 130 31 
63 89 456 
146 131 64 
159 49 431 
96 344 374 
224 237 345 
91 29 281 
32 66 368 
224 299 230 
127 89 210 
416 398 492 
397 67 17 
331 12 7 
231 480 290 
313 451 190 
276 354 192 
44 479 465 
72 483 249 
447 346 263 
366 330 368 
290 208 190 
36 445 260 
341 119 376 
124 233 313 
68 172 167 
336 23 342 
75 490 240 
187 247 150 
18 484 322 
455 124 26 
427 162 16 
77 63 423 
137 357 244 
234 454 427 
315 383 196 
140 88 106 
267 420 105 
147 318 200 
437 487 113 
401 396 92 
441 53 193 
118 307 121 
23 410 209 
30 17 469 
142 395 145 
238 61 319 
376 326 394 
334 448 265 
381 426 210 
398 131 348 
187 43 227 
102 484 451 
494 88 214 
365 372 495 
404 405 272 
62 99 71 
354 287 70 
136 39 130 
292 385 385 
41 448 136 
486 376 141 
62 8 434 
91 339 375 
21 137 7 
7 250 276 
178 108 408 
265 52 383 
127 151 207 
136 454 406 
292 187 170 
324 20 80 
254 49 135 
267 491 338 
338 320 246 
146 498 69 
25 142 94 
170 255 231 
159 137 59 
311 152 227 
359 408 92 
442 308 313 
14 331 442 
411 248 201 
275 199 133 
63 289 207 
77 430 451 
342 296 433 
477 354 266 
448 440 157 
446 390 397 
452 414 315 
95 429 203 
141 4 147 
43 185 73 
68 199 158 
234 147 344 
419 241 55 
334 363 71 
101 43 303 
13 82 10 
187 240 277 
355 425 296 
389 395 159 
188 301 422 
43 246 154 
201 362 403 
74 223 235 
165 126 424 
227 93 284 
352 406 90 
358 155 43 
115 359 153 
272 254 476 
477 45 329 
450 299 200 
313 172 447 
355 366 424 
322 31 149 
255 103 244 
355 331 327 
181 447 360 
486 246 28 
158 382 401 
21 207 422 
315 92 137 
244 408 390 
119 392 469 
496 41 369 
458 37 266 
183 167 144 
74 431 377 
73 465 426 
236 13 199 
488 111 109 
58 58 253 
421 385 480 
469 41 479 
240 60 385 
186 116 380 
191 130 111 
137 478 449 
43 430 151 
312 328 433 
459 80 317 
303 359 340 
471 490 419 
276 358 393 
15 323 388 
88 261 349 
431 54 181 
123 447 284 
359 397 445 
147 45 262 
79 369 53 
251 371 328 
486 198 312 
8 168 393 
256 132 155 
496 224 45 
127 484 6 
323 350 331 
77 1 311 
81 264 468 
148 403 348 
375 425 303 
428 50 42 
232 423 210 
298 449 437 
213 197 190 
179 239 473 
426 401 192 
474 448 350 
104 252 252 
231 362 119 
399 286 393 
41 212 75 
118 316 261 
136 251 210 
222 488 292 
425 196 62 
313 297 267 
112 484 454 
414 300 217 
300 140 236 
312 154 205 
58 2 42 
474 43 256 
326 218 140 
464 492 30 
431 154 492 
107 364 89 
20 91 252 
215 181 106 
247 256 80 
37 406 462 
145 70 180 
293 459 369 
434 362 318 
10 3 330 
147 7 193 
94 465 395 
442 341 117 
47 143 34 
203 356 270 
372 460 297 
173 261 353 
381 199 375 
354 382 27 
114 460 387 
476 79 361 
311 258 85 
264 383 115 
86 454 41 
490 169 269 
124 430 499 
20 245 17 
148 133 284 
59 88 465 
191 430 112 
223 399 103 
404 420 5 
478 174 362 
304 196 8 
321 219 73 
258 202 313 
499 464 424 
46 210 280 
289 120 269 
369 133 26 
370 491 26 
34 165 113 
344 50 21 
333 426 338 
492 208 195 
412 333 27 
214 424 327 
446 407 71 
108 428 242 
388 177 104 
50 30 381 
435 416 98 
166 426 247 
180 223 467 
80 496 276 
71 123 168 
460 360 457 
257 361 6 
374 496 223 
452 206 90 
106 266 204 
195 310 189 
146 88 361 
458 64 148 
168 331 293 
139 136 24 
259 255 343 
196 196 303 
243 9 369 
225 435 281 
43 491 213 
294 174 274 
429 284 306 
259 387 163 
74 75 340 
22 307 427 
495 10 149 
353 351 295 
238 227 53 
265 395 414 
316 187 469 
158 89 314 
65 417 38 
304 439 93 
463 364 422 
200 391 59 
36 311 461 
129 286 463 
134 470 467 
200 120 315 
58 63 466 
12 286 368 
143 489 141 
282 145 422 
425 279 366 
468 240 171 
333 242 292 
168 435 233 
118 443 422 
220 247 272 
164 243 104 
97 257 346 
76 209 374 
210 394 7 
494 26 493 
105 159 149 
123 84 254 
216 329 154 
269 265 445 
179 421 358 
427 236 220 
221 254 235 
125 89 219 
320 279 39 
259 326 429 
6 430 382 
159 457 453 
23 438 284 
457 164 462 
98 2 78 
361 331 158 
487 396 384 
60 333 86 
224 57 298 
93 270 138 
142 402 253 
60 259 341 
73 416 185 
29 251 119 
19 466 133 
226 344 48 
15 372 271 
353 494 161 
127 300 135 
48 439 73 
89 393 423 
261 392 84 
3 446 121 
229 260 248 
456 64 490 
46 40 93 
474 180 339 
462 485 319 
130 222 241 
340 367 215 
90 410 478 
101 46 34 
389 52 83 
321 61 319 
462 37 39 
338 258 410 
104 287 430 
332 446 487 
208 385 263 
356 395 228 
187 126 492 
129 346 297 
321 309 447 
62 403 407 
481 40 342 
173 493 407 
323 121 317 
20 362 127 
100 271 442 
320 107 96 
378 73 300 
234 133 434 
205 11 274 
330 471 210 
95 368 41 
102 252 9 
497 115 29 
340 35 159 
216 295 2 
323 176 87 
468 293 32 
324 453 382 
128 424 83 
145 452 266 
424 134 374 
11 205 486 
472 415 44 
396 191 470 
166 453 66 
27 156 401 
409 67 103 
305 139 263 
490 418 434 
59 472 464 
227 227 191 
68 136 300 
309 184 255 
364 141 304 
6 100 474 
470 239 339 
373 467 415 
75 188 230 
218 335 356 
346 175 252 
27 240 335 
74 299 379 
379 416 400 
211 91 25 
213 426 301 
53 471 246 
380 346 329 
53 131 400 
83 414 337 
357 98 211 
98 355 286 
40 16 359 
348 156 449 
351 488 233 
158 84 466 
470 217 362 
36 332 151 
466 200 237 
428 285 272 
313 120 203 
416 40 112 
423 39 14 
23 147 375 
193 235 144 
115 196 167 
219 423 485 
378 130 143 
53 497 290 
351 401 475 
467 391 325 
484 147 7 
205 281 377 
136 460 246 
308 199 284 
128 28 310 
449 210 68 
389 150 343 
2 86 477 
47 258 398 
392 196 326 
228 476 312 
91 63 139 
12 380 179 
11 159 212 
393 389 221 
394 342 16 
103 357 26 
205 166 262 
266 168 332 
226 436 67 
278 329 478 
483 99 145 
307 245 354 
229 358 374 
261 385 288 
70 130 411 
309 428 314 
92 338 155 
408 205 307 
434 244 386 
89 428 2 
240 491 406 
3 163 447 
183 279 163 
59 171 360 
0 456 465 
198 242 192 
142 60 79 
252 290 476 
347 154 94 
67 398 17 
381 304 380 
249 41 59 
335 347 461 
334 407 395 
52 396 406 
414 105 350 
488 475 326 
372 120 36 
457 460 273 
133 77 429 
410 245 434 
323 185 234 
299 435 144 
228 160 264 
412 234 230 
301 33 22 
91 134 192 
338 28 185 
369 43 189 
389 7 461 
463 295 142 
209 125 412 
282 408 234 
228 21 142 
499 220 331 
196 437 52 
431 290 97 
45 367 220 
252 253 457 
160 224 346 
300 101 188 
171 210 216 
408 275 459 
104 472 380 
176 160 446 
332 263 324 
237 164 427 
296 197 192 
436 103 341 
19 199 16 
48 456 1 
123 47 303 
366 70 26 
195 297 70 
430 93 404 
98 170 101 
309 0 121 
121 140 388 
367 107 196 
9 253 376 
473 446 472 
311 301 318 
270 190 422 
424 127 29 
156 470 231 
262 96 249 
418 390 100 
195 218 303 
92 257 489 
141 138 376 
374 438 494 
30 473 282 
228 1 331 
332 442 329 
412 265 455 
196 180 259 
454 204 114 
261 209 4 
320 438 434 
67 365 287 
199 50 420 
387 438 429 
481 390 116 
282 486 98 
378 277 456 
494 127 428 
462 336 173 
75 10 3 
204 489 23 
166 333 19 
306 173 19 
488 193 85 
225 230 487 
15 474 27 
457 334 159 
181 239 65 
211 470 39 
369 113 123 
167 71 136 
380 114 276 
131 192 292 
354 273 251 
371 470 270 
265 123 296 
17 169 362 
233 479 396 
330 442 456 
17 79 283 
406 19 248 
227 65 338 
274 438 167 
326 160 23 
313 341 227 
253 459 327 
430 82 379 
81 479 52 
343 187 180 
40 433 259 
432 164 396 
112 161 16 
425 355 64 
230 305 454 
497 252 141 
235 469 359 
287 56 47 
285 432 285 
134 434 159 
437 337 272 
195 110 272 
358 443 401 
499 101 305 
75 369 39 
36 155 331 
172 478 161 
205 322 134 
22 190 64 
117 222 423 
423 288 43 
9 418 94 
228 212 284 
155 86 209 
352 403 22 
420 333 394 
294 267 24 
126 270 130 
163 244 488 
87 456 433 
72 476 303 
328 52 137 
113 309 155 
208 14 296 
144 215 422 
127 60 71 
332 422 174 
115 343 325 
8 449 427 
425 315 219 
420 437 74 
423 15 289 
4 428 54 
372 8 355 
204 474 67 
121 178 8 
37 160 413 
476 400 90 
391 190 18 
166 157 293 
189 369 354 
377 446 33 
45 65 240 
310 112 48 
331 79 283 
285 37 160 
37 95 273 
481 6 416 
171 357 325 
310 451 497 
21 400 398 
405 464 424 
199 346 103 
210 483 123 
188 24 396 
334 105 253 
420 131 199 
423 139 74 
289 294 267 
437 108 172 
21 118 483 
315 84 96 
442 418 168 
470 60 178 
77 248 158 
462 323 189 
312 190 368 
234 167 229 
317 193 309 
414 393 315 
442 85 246 
124 215 252 
142 301 21 
448 39 416 
139 143 499 
64 114 219 
144 140 243 
112 224 133 
82 260 197 
480 198 56 
116 55 424 
448 39 328 
466 140 33 
384 177 238 
110 173 7 
487 41 143 
347 37 95 
378 370 407 
64 321 208 
345 280 464 
196 164 336 
171 105 110 
96 230 166 
439 111 169 
494 167 26 
57 209 36 
45 386 218 
320 183 277 
29 320 293 
473 100 432 
494 133 423 
142 422 45 
299 111 421 
398 89 301 
160 61 455 
268 303 484 
374 148 22 
184 434 259 
450 379 169 
129 246 85 
284 475 120 
175 300 134 
282 328 407 
86 454 247 
94 135 135 
299 377 444 
205 42 263 
345 417 65 
308 399 446 
369 396 463 
164 418 293 
357 44 317 
490 429 362 
152 92 391 
239 379 481 
99 168 287 
471 499 272 
222 15 262 
420 330 16 
407 372 322 
192 82 98 
255 430 292 
398 76 48 
385 293 482 
52 387 196 
348 490 154 
436 114 402 
319 400 213 
402 226 255 
425 242 252 
357 272 88 
203 188 28 
305 308 308 
28 412 59 
372 321 312 
110 61 254 
478 413 438 
327 178 186 
369 387 92 
75 224 388 
121 85 411 
365 84 220 
151 130 154 
294 89 137 
310 111 225 
453 67 175 
209 119 315 
170 30 366 
183 16 127 
404 397 216 
494 191 478 
179 179 62 
348 323 6 
491 370 90 
433 331 180 
206 360 94 
274 442 446 
369 467 243 
221 343 228 
118 21 215 
441 361 150 
152 452 13 
453 371 356 
394 370 393 
317 411 135 
205 131 46 
219 281 61 
152 394 414 
29 354 34 
479 26 475 
29 185 277 
98 434 113 
420 28 184 
63 0 47 
114 224 15 
410 197 88 
476 164 201 
261 175 25 
42 176 389 
104 470 145 
308 60 449 
202 491 407 
82 57 362 
471 118 155 
157 276 110 
410 255 418 
189 232 266 
269 363 30 
165 240 19 
31 315 342 
88 101 163 
148 22 110 
137 203 72 
201 409 3 
326 420 54 
175 343 325 
474 88 68 
125 21 179 
163 317 279 
158 371 337 
107 487 41 
303 447 296 
385 41 446 
104 479 495 
214 212 231 
459 303 394 
140 192 428 
103 238 262 
437 488 417 
61 209 30 
191 356 234 
238 431 384 
131 244 92 
46 106 365 
84 225 125 
125 227 95 
252 427 478 
468 12 492 
427 40 490 
30 136 342 
462 29 427 
449 419 329 
161 427 488 
239 464 206 
438 266 161 
