1000
3
155 330 413 
194 64 178 
146 28 109 
108 237 381 
49 91 4 
317 316 329 
478 83 138 
61 459 431 
280 186 185 
310 232 487 
420 301 151 
383 37 101 
269 69 343 
363 457 256 
308 126 126 
24 164 50 
201 120 316 
68 236 185 
394 234 452 
445 343 346 
321 30 265 
14 135 130 
252 30 25 
262 241 249 
397 135 443 
407 94 173 
42 64 488 
20 249 107 
383 265 427 
18 459 17 
82 341 138 
38 133 62 
367 26 497 
239 243 118 
359 187 147 
161 160 364 
118 181 282 
335 133 471 
51 483 262 
89 367 119 
489 262 115 
350 353 243 
33 208 459 
289 448 83 
224 416 334 
197 274 361 
109 81 414 
308 319 234 
285 29 80 
211 153 162 
374 342 277 
347 301 200 
222 453 45 
421 10 233 
109 349 255 
324 202 78 
134 16 105 
170 324 126 
246 158 358 
56 62 357 
112 391 368 
130 385 225 
4 169 52 
308 88 40 
202 311 109 
255 168 207 
62 175 118 
466 120 124 
414 200 355 
78 36 382 
88 312 112 
84 212 396 
176 248 84 
259 239 97 
339 150 277 
387 78 168 
68 59 395 
223 296 267 
282 237 28 
493 389 99 
465 228 414 
420 5 21 
311 180 269 
96 482 100 
392 455 98 
367 224 228 
54 236 254 
26 257 463 
158 107 8 
26 105 317 
385 396 308 
446 225 121 
466 75 444 
445 345 176 
344 407 434 
275 212 258 
199 36 292 
411 171 340 
199 186 465 
181 404 11 
97 65 402 
442 1 68 
299 402 207 
17 276 299 
477 282 136 
8 17 255 
270 11 54 
277 160 469 
458 487 258 
289 142 218 
420 269 45 
367 346 408 
335 366 150 
401 465 319 
267 75 459 
236 492 138 
454 257 272 
292 33 24 
298 17 359 
269 238 75 
175 462 299 
334 384 61 
139 447 328 
475 244 217 
199 50 93 
73 116 186 
466 483 232 
184 145 490 
296 484 299 
261 403 265 
322 249 365 
29 77 447 
414 3 489 
2 454 144 
71 286 385 
297 61 404 
68 38 313 
266 496 393 
18 167 19 
387 117 196 
325 44 391 
474 371 126 
294 465 368 
355 81 202 
338 265 474 
60 112 96 
164 113 451 
491 206 455 
73 19 150 
387 134 319 
394 470 378 
449 145 455 
19 391 359 
462 86 27 
191 487 308 
309 90 151 
415 91 405 
395 64 496 
7 38 228 
70 123 93 
36 309 97 
324 361 256 
155 48 344 
270 346 339 
158 375 63 
296 200 234 
497 467 215 
143 357 335 
381 342 326 
263 180 106 
367 438 7 
361 446 80 
114 21 2 
188 46 468 
381 433 478 
313 152 365 
362 230 65 
425 251 167 
120 444 404 
152 53 374 
17 332 30 
425 153 342 
401 479 418 
36 5 295 
148 436 486 
274 126 439 
207 175 186 
22 436 355 
324 275 233 
35 59 348 
498 499 284 
255 257 491 
440 218 466 
117 444 90 
42 459 100 
40 19 156 
49 148 323 
6 80 286 
80 230 161 
351 289 171 
132 244 468 
106 236 131 
320 471 198 
39 430 318 
489 482 435 
277 376 358 
184 342 83 
44 378 145 
300 113 148 
434 110 316 
292 157 489 
93 428 167 
405 68 259 
470 152 22 
215 58 144 
381 304 247 
489 15 107 
139 265 420 
25 296 1 
416 192 259 
256 437 421 
124 188 171 
400 242 200 
211 225 412 
278 494 299 
230 45 10 
286 397 499 
91 317 157 
334 227 151 
309 225 116 
285 338 450 
478 81 489 
170 362 21 
31 129 251 
187 196 360 
225 17 68 
469 397 393 
482 114 261 
75 290 383 
85 162 341 
266 322 13 
57 380 192 
316 360 311 
473 264 31 
263 388 372 
334 438 213 
473 141 243 
474 469 155 
406 487 104 
228 83 318 
179 390 129 
141 66 5 
443 442 269 
108 79 274 
216 8 214 
343 297 135 
304 419 79 
373 176 89 
413 155 171 
147 327 482 
134 435 309 
180 255 187 
487 159 411 
432 437 61 
266 331 349 
47 314 463 
70 331 445 
67 420 185 
483 147 318 
347 89 450 
7 12 309 
431 133 447 
290 114 484 
485 495 419 
224 396 23 
240 211 244 
492 32 74 
493 131 160 
374 91 28 
291 167 34 
380 287 25 
301 87 186 
51 477 83 
0 353 52 
263 61 105 
93 420 159 
90 288 464 
62 486 301 
328 188 327 
293 140 198 
133 253 483 
492 338 139 
445 445 359 
213 218 9 
102 497 451 
112 21 111 
208 166 175 
225 416 306 
170 284 46 
149 486 313 
51 114 68 
287 252 467 
111 497 306 
275 96 101 
271 303 340 
494 72 264 
100 407 350 
286 148 228 
11 343 406 
282 135 104 
27 333 99 
305 15 457 
389 201 326 
207 130 316 
286 49 461 
212 121 353 
418 311 237 
188 263 135 
247 286 370 
369 349 66 
220 397 314 
15 42 2 
420 131 495 
414 125 109 
238 416 83 
338 322 489 
7 440 323 
275 473 307 
188 133 7 
93 243 249 
119 129 441 
455 35 29 
68 262 224 
156 99 381 
263 419 177 
388 153 147 
113 58 465 
49 14 59 
484 223 139 
287 124 487 
450 394 66 
110 470 175 
303 469 176 
160 446 128 
163 192 168 
33 292 375 
340 413 457 
79 207 391 
56 48 385 
33 105 451 
374 442 498 
444 176 206 
195 158 300 
273 26 412 
100 412 472 
345 193 51 
74 173 350 
468 171 127 
261 269 11 
240 81 400 
46 479 146 
156 395 111 
441 476 232 
101 116 476 
131 278 194 
312 230 153 
128 181 455 
459 145 63 
16 40 216 
497 23 437 
127 257 42 
31 254 411 
222 44 39 
449 493 387 
326 17 70 
335 486 383 
148 319 67 
271 144 340 
114 363 434 
316 14 338 
475 111 417 
55 136 129 
240 289 398 
58 404 160 
25 222 486 
98 107 86 
298 158 12 
97 320 313 
104 352 412 
283 274 336 
313 379 15 
212 44 491 
254 327 227 
420 211 465 
364 138 394 
476 392 466 
183 295 235 
100 153 177 
481 427 172 
223 200 483 
88 339 204 
250 15 170 
239 132 71 
467 39 214 
6 230 41 
231 198 371 
121 221 398 
102 144 177 
422 160 97 
77 427 490 
337 229 468 
422 331 206 
344 248 84 
55 218 482 
344 498 54 
148 429 230 
135 219 391 
438 258 212 
398 19 21 
462 397 452 
330 436 249 
138 314 390 
430 63 314 
463 248 108 
17 495 54 
315 108 299 
216 171 11 
222 228 15 
462 364 425 
423 320 447 
107 74 427 
421 6 345 
433 325 317 
445 200 269 
338 310 262 
165 438 459 
135 319 80 
451 359 246 
335 387 395 
435 260 480 
340 90 141 
8 237 294 
432 467 167 
167 393 339 
142 216 452 
85 42 359 
414 429 215 
149 6 470 
371 324 44 
62 287 355 
168 107 278 
184 21 458 
321 393 465 
31 307 10 
56 359 5 
220 67 446 
441 442 284 
205 253 192 
101 15 155 
148 71 436 
189 478 57 
431 92 405 
121 129 158 
416 50 87 
244 304 212 
12 468 135 
194 489 439 
394 363 335 
69 64 231 
47 223 242 
477 253 86 
351 18 22 
423 89 436 
331 401 355 
194 95 191 
30 260 234 
339 123 267 
453 292 31 
87 426 65 
253 81 129 
223 377 152 
425 61 383 
276 64 327 
203 190 445 
384 72 95 
420 445 424 
28 265 395 
251 39 335 
200 408 376 
328 39 496 
215 277 71 
294 422 180 
71 380 294 
242 63 345 
312 128 366 
161 118 357 
128 425 264 
453 384 187 
129 26 31 
438 375 432 
211 288 396 
441 270 257 
430 218 423 
368 258 159 
73 317 88 
482 460 398 
79 483 369 
391 293 458 
148 244 158 
99 405 21 
486 446 172 
170 253 430 
394 434 380 
11 85 391 
41 20 264 
292 400 221 
69 401 397 
462 344 448 
285 401 253 
285 210 357 
241 353 251 
122 486 104 
365 431 173 
297 360 183 
330 275 318 
397 339 257 
131 379 446 
324 69 41 
237 193 214 
40 39 470 
300 257 77 
305 313 452 
206 376 438 
273 33 161 
482 314 354 
442 263 109 
348 230 213 
190 114 426 
58 416 343 
178 51 252 
233 232 85 
74 491 55 
172 284 259 
209 153 271 
28 375 106 
65 159 339 
377 433 453 
477 182 452 
205 475 45 
249 480 274 
296 53 15 
457 1 145 
248 357 176 
90 90 460 
153 335 243 
167 453 202 
287 291 56 
384 187 135 
126 303 220 
0 170 377 
75 331 381 
459 26 443 
195 353 344 
72 318 210 
446 124 100 
189 394 85 
430 286 362 
400 499 126 
130 244 109 
390 50 160 
57 154 79 
427 274 115 
269 258 228 
155 436 463 
396 453 31 
29 75 130 
53 188 497 
329 2 404 
259 345 50 
435 116 352 
111 359 93 
364 66 199 
144 423 461 
336 8 183 
358 324 396 
409 158 287 
1 265 284 
94 170 316 
94 171 307 
498 47 169 
82 395 56 
145 399 462 
70 114 185 
244 144 267 
474 32 83 
149 377 147 
38 375 343 
211 179 65 
285 161 211 
427 412 156 
193 199 391 
366 445 239 
234 165 396 
78 455 38 
325 66 299 
298 62 159 
339 191 60 
435 357 268 
413 161 198 
125 55 6 
238 132 176 
410 163 96 
33 440 355 
96 372 429 
161 426 330 
402 111 38 
65 166 490 
45 91 250 
387 255 76 
472 134 405 
210 75 493 
25 440 345 
210 471 76 
296 366 228 
66 384 163 
102 191 402 
493 476 343 
413 282 414 
395 37 384 
217 70 272 
284 435 147 
146 188 253 
88 371 320 
478 454 372 
350 49 214 
295 434 264 
496 298 362 
79 199 158 
75 184 5 
314 416 137 
477 455 296 
193 94 16 
80 328 414 
251 26 377 
312 275 112 
353 348 165 
428 330 426 
378 414 144 
483 475 290 
388 0 196 
289 99 247 
31 218 461 
20 220 144 
155 116 282 
495 56 314 
453 104 175 
432 247 307 
254 445 459 
244 246 329 
89 206 19 
337 143 77 
161 153 276 
126 193 424 
386 233 145 
276 432 442 
411 359 46 
90 389 365 
134 325 142 
288 311 153 
442 330 19 
251 355 323 
116 201 112 
275 320 356 
463 78 103 
343 107 276 
232 337 338 
379 191 165 
51 477 111 
76 432 291 
225 157 151 
158 83 213 
114 162 149 
320 86 389 
93 293 169 
207 218 225 
173 481 84 
124 233 391 
195 13 62 
438 297 251 
246 274 314 
91 418 261 
47 480 458 
55 69 471 
51 191 320 
71 281 391 
7 392 366 
307 14 13 
324 366 166 
0 410 134 
363 87 266 
26 208 36 
170 459 212 
72 73 269 
153 26 499 
273 17 120 
417 204 202 
296 286 102 
387 77 439 
120 401 72 
150 227 484 
202 7 27 
94 495 60 
372 498 350 
449 69 239 
484 24 343 
288 59 208 
364 256 252 
82 70 30 
445 234 374 
131 389 411 
54 313 418 
368 476 232 
438 283 136 
420 201 292 
298 90 350 
157 436 316 
176 93 327 
111 5 18 
354 313 444 
357 159 32 
5 428 399 
38 205 259 
413 239 219 
56 119 112 
308 137 96 
126 80 168 
226 62 375 
142 96 494 
71 53 112 
174 202 296 
32 0 194 
105 2 22 
321 323 346 
333 366 494 
404 340 478 
327 460 407 
225 133 171 
6 237 30 
211 182 370 
352 447 14 
251 179 148 
260 4 220 
155 111 425 
336 361 340 
212 318 333 
313 480 116 
413 250 38 
181 121 356 
68 49 313 
101 249 62 
186 149 327 
38 311 427 
33 238 214 
139 437 278 
47 284 69 
108 124 335 
311 119 320 
394 475 396 
50 23 254 
91 53 154 
388 24 226 
454 378 265 
442 477 211 
173 219 499 
418 464 454 
160 309 215 
187 5 119 
43 12 380 
475 481 251 
141 38 380 
140 169 301 
341 48 431 
29 13 497 
79 266 125 
113 338 294 
484 265 268 
43 359 416 
48 485 478 
170 398 455 
64 364 140 
384 255 357 
443 301 290 
262 66 435 
416 326 87 
195 486 186 
202 207 229 
497 368 3 
157 236 168 
336 339 405 
22 58 94 
301 169 492 
150 32 391 
191 90 93 
416 151 151 
471 331 406 
390 348 453 
255 67 17 
80 115 129 
167 161 252 
342 41 387 
326 375 70 
15 95 60 
186 393 145 
106 313 169 
451 351 468 
395 283 444 
193 84 216 
478 489 241 
321 362 5 
295 165 135 
267 422 81 
46 139 276 
75 153 310 
61 224 170 
130 148 243 
166 364 113 
365 318 35 
271 197 498 
494 426 366 
193 158 373 
95 137 314 
438 423 408 
52 438 258 
245 89 32 
332 221 328 
339 85 45 
307 423 301 
440 87 110 
227 367 312 
80 365 225 
206 400 23 
6 474 431 
385 484 120 
134 463 448 
158 441 200 
387 450 200 
330 341 306 
33 451 207 
265 44 280 
485 289 385 
183 203 60 
484 111 305 
292 321 319 
375 241 440 
286 131 285 
36 381 121 
350 355 283 
444 392 185 
486 79 421 
326 482 240 
23 19 8 
146 406 433 
457 98 72 
365 25 220 
25 471 55 
104 351 490 
187 219 18 
18 39 496 
13 249 235 
199 175 316 
447 217 418 
201 119 283 
386 499 392 
45 192 374 
146 24 205 
29 250 32 
155 478 473 
360 488 452 
310 471 34 
360 205 11 
3 482 209 
498 373 480 
173 25 166 
17 16 474 
74 16 215 
202 298 204 
99 363 118 
200 444 124 
366 392 224 
455 111 166 
169 120 333 
255 375 332 
72 19 10 
165 52 232 
377 458 394 
295 499 103 
2 221 491 
313 103 408 
59 28 441 
231 293 215 
323 0 483 
482 156 73 
165 207 328 
210 90 23 
29 480 231 
67 263 184 
463 26 306 
388 413 302 
42 395 19 
36 162 156 
118 390 34 
37 447 172 
278 102 444 
139 116 141 
8 313 57 
445 63 318 
401 454 179 
88 474 244 
413 479 276 
468 92 499 
351 93 369 
466 156 237 
456 431 449 
451 422 445 
409 445 212 
26 336 182 
164 259 477 
49 499 121 
294 266 271 
138 304 203 
462 258 281 
448 48 114 
142 328 67 
450 30 231 
213 207 310 
445 80 200 
78 68 233 
246 326 10 
418 324 41 
154 211 196 
347 17 200 
132 147 126 
110 173 84 
107 71 362 
186 232 292 
470 283 185 
338 31 447 
255 152 307 
65 196 221 
45 281 48 
213 298 408 
181 127 370 
495 235 91 
41 336 449 
189 158 363 
20 219 15 
185 109 422 
232 267 163 
196 399 413 
43 203 73 
121 308 458 
326 111 455 
498 135 432 
59 139 361 
105 26 53 
123 254 80 
234 208 183 
178 110 195 
173 16 446 
192 410 343 
65 148 136 
333 149 406 
393 51 362 
304 369 133 
283 365 196 
291 322 12 
335 344 329 
111 389 467 
23 23 315 
25 80 219 
401 93 367 
485 384 448 
190 156 150 
326 499 449 
92 327 329 
164 239 51 
1 450 441 
403 13 42 
176 224 308 
129 475 471 
220 177 409 
160 20 485 
3 213 297 
178 92 451 
457 480 31 
227 187 192 
126 334 146 
221 130 415 
456 143 148 
298 47 232 
