1000
3
343 23 496 
400 425 36 
268 436 396 
295 399 351 
214 425 158 
71 457 468 
290 74 1 
91 102 96 
388 477 230 
110 314 182 
440 412 121 
331 88 147 
300 112 195 
141 189 401 
404 36 287 
150 220 369 
218 0 100 
482 34 476 
485 298 115 
211 108 220 
321 293 204 
184 298 300 
29 77 433 
377 147 306 
35 249 452 
248 352 309 
471 324 157 
272 262 391 
8 214 343 
485 473 491 
3 148 241 
146 232 482 
284 484 41 
406 405 405 
228 282 489 
488 123 9 
137 332 380 
399 442 52 
44 213 486 
365 36 455 
222 23 52 
162 174 344 
271 420 82 
37 491 290 
491 379 337 
37 201 214 
154 217 320 
163 411 351 
97 495 223 
420 189 251 
455 213 150 
172 493 354 
317 92 342 
263 367 123 
231 93 327 
403 499 248 
146 319 284 
337 127 36 
347 392 478 
358 449 328 
248 246 436 
242 160 214 
332 208 286 
60 440 210 
421 320 1 
88 226 290 
137 127 239 
371 432 470 
110 433 325 
209 329 161 
488 409 12 
110 13 415 
374 332 492 
188 119 122 
10 218 494 
270 221 409 
207 427 29 
417 278 125 
248 395 168 
9 228 483 
150 32 215 
403 48 45 
420 403 242 
215 409 174 
322 401 472 
110 331 343 
424 297 331 
218 349 162 
289 71 187 
243 113 316 
221 221 481 
334 58 142 
324 277 445 
0 121 187 
211 290 415 
210 110 96 
272 72 240 
92 209 159 
213 107 473 
251 318 292 
26 115 124 
331 385 145 
17 27 333 
137 238 50 
28 496 446 
116 393 192 
199 108 9 
240 235 218 
149 283 126 
108 278 65 
303 492 154 
305 333 70 
92 159 476 
120 350 173 
453 10 421 
230 343 440 
328 499 164 
155 390 250 
180 220 296 
497 108 232 
320 167 372 
13 254 6 
379 22 0 
337 96 434 
455 214 67 
279 45 444 
60 155 341 
83 64 252 
59 457 175 
488 85 181 
175 112 367 
127 91 130 
65 110 239 
362 326 182 
476 297 357 
267 415 50 
240 68 439 
135 211 168 
260 104 348 
210 472 79 
161 180 218 
243 167 182 
298 366 487 
482 484 339 
135 76 123 
150 380 60 
250 403 105 
312 423 209 
103 283 168 
63 209 113 
88 446 459 
160 74 298 
376 64 480 
43 393 333 
163 0 393 
369 399 35 
146 213 339 
29 490 120 
296 73 336 
323 376 4 
341 77 469 
439 176 315 
378 104 294 
373 110 312 
286 283 100 
490 361 294 
132 150 226 
127 472 149 
386 218 279 
36 474 289 
223 20 270 
136 193 175 
91 465 55 
158 88 460 
282 65 395 
209 310 73 
171 487 432 
309 189 333 
447 54 240 
488 454 264 
498 384 369 
230 410 484 
235 43 496 
428 241 212 
88 466 46 
330 315 478 
134 152 183 
323 36 66 
413 99 28 
456 30 419 
483 250 199 
344 88 150 
474 454 159 
345 387 430 
99 224 208 
163 408 463 
86 362 392 
499 216 112 
289 187 181 
130 441 296 
450 119 164 
391 70 389 
42 54 443 
457 417 463 
430 123 131 
245 394 359 
366 367 265 
189 347 479 
376 356 446 
434 234 293 
324 262 109 
192 287 281 
302 291 144 
159 407 7 
493 424 198 
105 90 321 
192 406 259 
232 39 24 
49 295 158 
80 122 365 
63 204 65 
269 303 1 
11 278 335 
271 45 432 
167 354 400 
363 477 46 
387 468 11 
359 19 349 
341 198 143 
68 73 407 
120 278 209 
135 261 414 
237 424 353 
216 258 8 
298 466 71 
467 348 342 
74 317 328 
227 83 59 
170 62 74 
203 88 46 
78 167 93 
319 99 279 
404 364 268 
7 499 193 
274 335 467 
56 311 422 
499 231 78 
322 121 90 
424 342 129 
335 322 140 
406 440 462 
46 490 14 
94 447 30 
132 459 415 
467 135 4 
339 239 475 
442 19 328 
388 300 378 
416 292 58 
340 219 356 
322 136 433 
491 387 421 
40 222 220 
51 410 102 
253 463 255 
192 463 204 
363 22 122 
37 255 320 
309 156 219 
350 272 208 
23 206 281 
155 467 378 
250 236 1 
231 60 96 
353 157 198 
108 325 430 
24 350 63 
291 213 401 
321 251 332 
124 155 383 
344 184 399 
319 392 185 
42 229 375 
258 435 452 
431 189 434 
493 397 471 
240 227 89 
273 130 354 
21 371 192 
440 65 235 
267 408 201 
122 194 404 
98 131 414 
294 394 389 
305 359 323 
158 155 67 
464 310 224 
222 237 334 
109 104 76 
219 185 177 
297 331 492 
268 442 275 
257 357 72 
8 228 22 
411 83 175 
451 476 299 
321 22 349 
389 126 38 
29 132 452 
441 220 433 
377 193 287 
194 142 199 
60 142 262 
38 21 48 
236 188 237 
237 426 20 
353 81 395 
219 122 386 
16 333 467 
148 6 384 
475 68 207 
48 463 100 
444 483 312 
449 331 436 
149 480 2 
225 174 447 
116 314 418 
15 227 130 
325 443 328 
382 75 448 
88 197 14 
465 175 382 
262 367 207 
298 436 326 
406 97 301 
342 453 76 
213 356 279 
481 468 41 
150 38 283 
69 385 201 
100 386 33 
141 381 56 
253 303 64 
333 278 112 
29 46 425 
302 200 240 
122 471 377 
345 282 449 
338 284 423 
312 80 328 
414 430 2 
101 19 124 
432 221 222 
67 232 309 
483 498 467 
404 451 39 
22 74 289 
442 99 158 
160 178 280 
171 67 71 
96 428 70 
320 370 198 
491 445 462 
403 312 154 
86 300 204 
459 334 434 
64 481 84 
2 257 370 
416 463 132 
460 179 18 
350 335 71 
492 462 193 
67 304 92 
181 237 15 
149 304 106 
225 205 300 
346 394 29 
22 229 466 
127 342 310 
204 499 91 
414 181 236 
162 409 45 
263 220 106 
135 444 363 
92 101 124 
77 125 492 
228 153 74 
445 344 8 
410 454 162 
371 26 32 
186 331 326 
321 4 17 
213 215 230 
45 397 55 
344 188 162 
345 293 373 
307 77 78 
229 76 303 
79 369 410 
492 304 13 
120 52 258 
292 270 437 
54 183 437 
410 418 48 
435 233 208 
447 281 135 
132 144 299 
304 170 456 
374 224 417 
303 2 94 
367 139 0 
308 321 170 
479 313 88 
206 275 9 
102 353 462 
440 27 117 
235 414 333 
102 453 78 
418 79 34 
471 246 324 
5 255 443 
113 277 308 
217 497 272 
85 484 326 
253 30 464 
312 54 4 
270 57 161 
55 53 211 
177 222 255 
290 198 373 
258 138 131 
427 81 84 
129 200 181 
385 349 422 
99 140 293 
43 440 141 
43 257 104 
408 187 462 
290 104 80 
477 209 416 
311 194 53 
495 473 287 
277 160 263 
55 258 495 
251 215 240 
11 128 293 
392 88 110 
228 454 465 
413 287 446 
55 62 230 
391 14 10 
446 235 425 
478 66 98 
220 338 178 
334 345 157 
496 4 204 
102 399 286 
346 479 236 
344 105 403 
81 80 385 
306 424 238 
51 397 93 
421 135 423 
404 250 241 
460 261 258 
260 279 458 
459 410 347 
203 492 197 
148 325 462 
152 49 25 
312 86 352 
410 233 32 
289 414 146 
360 427 189 
434 422 99 
176 155 376 
114 308 132 
110 375 123 
396 150 104 
452 455 237 
3 220 482 
207 161 441 
421 48 489 
466 222 54 
150 382 365 
124 204 94 
356 266 322 
266 32 124 
374 472 21 
325 112 472 
467 196 129 
163 487 222 
52 91 254 
344 331 369 
105 444 145 
30 105 198 
295 264 125 
12 337 101 
491 235 328 
266 475 215 
130 309 444 
70 374 357 
429 164 489 
403 468 103 
62 227 359 
230 239 397 
115 241 132 
354 370 384 
242 303 188 
176 340 172 
10 86 170 
295 228 287 
16 272 358 
126 445 418 
18 122 238 
431 20 243 
169 212 482 
480 167 396 
479 496 6 
66 184 218 
80 404 231 
483 250 283 
24 134 469 
1 1 482 
403 330 377 
0 350 486 
317 245 390 
210 207 436 
440 113 145 
146 427 138 
150 273 38 
60 252 111 
189 224 207 
492 418 240 
494 142 92 
169 480 50 
331 476 400 
387 398 151 
210 421 91 
91 126 224 
157 365 296 
123 392 305 
379 200 448 
78 406 36 
420 281 73 
160 411 458 
316 279 386 
313 7 73 
82 335 410 
14 463 120 
336 232 382 
401 452 425 
436 402 47 
431 89 394 
413 295 321 
340 330 270 
477 10 385 
260 85 109 
297 411 61 
331 124 7 
494 1 178 
112 257 277 
38 473 439 
473 376 133 
280 251 327 
252 306 264 
102 295 289 
92 114 165 
461 87 30 
285 80 314 
216 309 318 
317 188 18 
119 326 7 
375 493 424 
398 12 143 
285 89 284 
347 94 123 
274 123 224 
444 461 454 
120 51 315 
330 268 345 
184 481 294 
394 64 230 
194 255 183 
486 492 98 
6 101 484 
223 290 243 
134 299 105 
236 54 311 
205 448 248 
366 121 475 
242 100 471 
453 18 237 
220 278 411 
162 395 446 
161 50 433 
151 397 136 
123 368 355 
461 223 123 
307 58 288 
127 287 297 
291 108 167 
77 438 255 
170 483 73 
357 413 303 
206 485 43 
304 67 431 
483 21 246 
385 75 129 
171 184 422 
306 78 67 
456 403 61 
460 327 159 
355 351 6 
318 26 138 
194 439 490 
411 81 451 
267 213 210 
70 8 341 
256 299 235 
20 359 467 
256 239 301 
91 363 84 
206 23 303 
421 126 425 
397 122 280 
378 55 311 
272 235 436 
8 91 290 
180 126 31 
364 342 111 
38 349 6 
49 480 100 
126 455 133 
9 220 225 
329 300 121 
267 294 355 
418 83 60 
56 232 432 
241 322 111 
498 312 38 
292 423 408 
351 51 447 
297 299 476 
433 227 12 
266 491 404 
243 306 289 
17 107 74 
449 137 250 
442 414 396 
318 461 134 
358 163 348 
426 36 469 
492 175 122 
45 30 295 
72 337 64 
191 171 98 
324 471 191 
345 485 166 
382 434 285 
421 268 25 
29 247 143 
234 304 212 
182 44 188 
467 409 131 
160 493 341 
32 243 100 
30 358 319 
73 2 370 
128 255 448 
306 107 69 
118 28 372 
475 261 195 
427 24 359 
424 444 56 
140 239 290 
445 472 72 
435 228 136 
309 311 388 
117 458 13 
102 188 132 
415 215 181 
283 177 391 
457 258 453 
66 350 133 
239 322 265 
359 209 397 
179 86 18 
397 230 477 
475 339 457 
364 200 260 
335 67 349 
74 353 181 
112 423 26 
188 74 83 
127 66 206 
405 196 438 
19 249 338 
370 235 89 
481 381 465 
82 453 310 
276 21 352 
15 497 11 
62 187 26 
58 94 223 
230 406 375 
228 265 357 
419 497 110 
80 55 55 
392 434 294 
181 256 206 
257 485 462 
205 317 353 
195 429 433 
20 139 210 
471 393 433 
292 372 459 
243 142 344 
446 408 374 
296 106 477 
377 276 421 
277 22 33 
340 201 151 
56 399 266 
461 65 302 
326 98 482 
281 99 244 
24 34 360 
159 32 162 
98 176 365 
22 239 26 
225 138 26 
15 494 329 
142 333 203 
427 8 462 
291 446 248 
461 167 443 
320 478 283 
222 197 338 
63 394 33 
297 184 281 
298 337 319 
10 420 380 
279 297 252 
282 282 415 
204 472 137 
171 160 329 
413 259 272 
151 51 211 
470 454 69 
349 159 50 
71 164 337 
322 275 399 
275 110 412 
491 120 433 
467 381 34 
56 289 43 
331 168 6 
397 196 210 
114 380 106 
390 417 211 
274 49 21 
94 236 201 
116 164 219 
392 178 428 
185 211 380 
176 274 329 
346 15 492 
355 416 194 
138 84 283 
410 109 495 
56 224 12 
377 250 49 
356 281 165 
313 40 330 
495 4 472 
217 438 136 
37 460 173 
370 488 246 
196 128 67 
104 499 120 
133 102 214 
316 147 252 
363 26 337 
412 473 434 
314 185 385 
326 492 485 
217 110 189 
336 249 118 
255 253 409 
141 63 118 
276 259 447 
85 407 496 
290 142 343 
52 198 181 
197 179 26 
8 376 107 
242 240 57 
148 427 97 
18 260 256 
244 353 340 
322 339 404 
319 253 329 
191 322 288 
71 158 328 
344 187 301 
197 446 463 
90 351 482 
202 473 300 
175 296 36 
347 11 59 
458 273 297 
415 119 132 
203 194 149 
208 87 452 
464 278 218 
7 305 191 
287 303 449 
397 107 347 
214 141 433 
292 207 45 
97 110 377 
424 218 200 
395 477 260 
480 494 201 
18 433 274 
282 125 321 
176 316 94 
104 380 354 
101 95 436 
295 157 425 
24 15 370 
373 138 478 
299 164 426 
99 165 450 
126 485 373 
8 187 207 
144 494 487 
114 145 320 
256 90 173 
413 211 342 
440 108 7 
84 253 187 
221 305 90 
267 175 325 
289 390 193 
216 351 208 
327 474 304 
76 234 220 
234 422 136 
168 139 311 
191 474 108 
473 182 185 
138 430 373 
427 168 436 
62 172 153 
387 258 482 
418 186 287 
86 16 40 
181 411 227 
303 328 437 
26 376 307 
132 90 455 
63 298 258 
456 179 83 
350 223 376 
180 481 296 
434 304 129 
488 386 472 
249 249 144 
185 209 445 
220 413 278 
55 108 34 
347 102 33 
42 485 418 
479 297 98 
1 256 141 
360 211 157 
125 124 386 
88 52 279 
13 318 184 
261 392 281 
315 89 353 
206 306 453 
282 8 131 
322 296 41 
237 42 281 
370 466 238 
238 131 236 
463 363 325 
21 177 355 
28 383 166 
246 253 104 
68 103 9 
31 218 484 
121 78 86 
43 324 67 
124 39 255 
279 44 470 
268 175 274 
495 34 400 
155 350 334 
325 55 494 
99 315 106 
335 488 105 
392 480 378 
462 56 461 
54 152 254 
460 141 262 
121 411 295 
86 189 10 
450 205 426 
404 264 396 
186 445 424 
138 4 174 
216 280 268 
453 237 193 
165 403 141 
158 255 15 
211 69 347 
297 305 39 
148 357 265 
327 10 439 
89 404 297 
457 402 158 
421 88 213 
245 315 451 
2 487 344 
364 397 347 
350 189 218 
245 115 80 
138 395 435 
100 284 207 
390 108 430 
187 402 422 
84 278 174 
309 415 338 
400 379 304 
2 150 382 
64 110 453 
333 12 321 
307 304 426 
27 490 62 
458 81 342 
340 459 111 
416 322 146 
164 42 316 
474 473 166 
312 335 12 
342 272 476 
271 3 56 
15 298 363 
273 48 82 
45 411 311 
152 147 105 
136 338 310 
384 441 57 
111 27 157 
373 71 446 
123 261 149 
113 383 302 
183 297 342 
424 354 446 
489 20 296 
84 335 173 
381 436 229 
142 462 169 
123 81 189 
101 81 426 
145 18 468 
3 467 375 
419 468 7 
288 446 94 
353 257 106 
429 83 408 
239 448 331 
161 477 198 
463 15 126 
143 221 473 
6 60 366 
355 199 352 
79 132 380 
439 422 54 
337 53 499 
448 496 409 
366 103 370 
356 50 35 
97 266 241 
286 430 140 
331 377 148 
211 137 422 
107 152 477 
97 340 285 
288 330 142 
325 273 209 
178 256 174 
38 472 338 
437 336 409 
395 144 109 
214 415 206 
