1000
3
324 145 56 
268 444 479 
47 150 452 
112 485 1 
331 232 31 
146 478 77 
140 358 326 
382 362 270 
36 1 155 
397 88 345 
484 95 287 
87 188 173 
340 219 302 
341 260 224 
296 332 369 
44 376 223 
227 381 237 
79 424 414 
219 213 376 
318 276 358 
381 439 479 
393 392 454 
128 311 199 
256 90 432 
220 198 493 
409 84 302 
83 308 34 
185 348 68 
19 360 79 
286 81 163 
1 241 444 
201 19 19 
369 348 48 
20 175 84 
475 252 348 
427 231 113 
448 408 368 
251 306 325 
378 17 356 
132 150 125 
33 388 2 
84 446 82 
250 76 241 
322 113 442 
222 389 453 
284 185 350 
290 380 257 
424 190 431 
75 256 387 
42 262 138 
452 339 383 
278 141 192 
267 82 69 
16 28 131 
250 375 253 
230 320 233 
474 424 487 
150 299 182 
471 441 345 
139 98 427 
271 227 101 
75 480 65 
309 213 362 
141 9 92 
327 169 316 
429 348 79 
180 114 215 
57 198 47 
73 288 310 
180 213 77 
288 303 137 
1 257 66 
411 85 12 
122 76 296 
484 7 129 
309 458 121 
427 28 233 
327 412 320 
498 38 448 
491 219 309 
490 63 136 
484 417 498 
244 247 432 
65 446 381 
78 269 136 
114 262 383 
5 171 297 
494 295 33 
326 94 8 
145 128 264 
266 299 325 
245 403 137 
239 49 390 
282 311 462 
440 453 369 
182 175 436 
91 346 293 
299 495 295 
154 471 196 
319 351 387 
129 485 455 
286 28 323 
252 205 74 
358 243 460 
372 112 426 
313 244 46 
87 54 426 
59 145 381 
205 121 454 
437 470 291 
24 407 347 
312 34 99 
177 268 124 
173 60 338 
248 176 140 
42 415 27 
365 228 130 
463 33 225 
74 269 435 
423 471 148 
412 213 230 
7 21 144 
447 249 87 
45 382 222 
427 195 499 
459 442 453 
339 457 70 
171 30 91 
68 357 223 
6 104 13 
158 407 67 
441 14 385 
236 222 438 
324 267 485 
235 486 20 
411 313 468 
59 152 60 
492 225 176 
245 291 461 
215 308 414 
94 459 189 
219 250 133 
28 406 428 
320 223 141 
280 425 59 
302 423 56 
430 295 238 
161 51 108 
490 348 317 
282 258 103 
46 123 167 
461 373 407 
25 491 223 
18 169 427 
74 148 290 
237 48 54 
79 172 214 
481 143 361 
170 445 231 
400 273 389 
434 436 93 
223 40 360 
210 308 453 
215 255 45 
458 372 64 
123 369 325 
241 302 321 
78 102 386 
78 287 337 
427 402 323 
92 59 2 
427 472 56 
176 475 425 
101 189 439 
293 283 108 
430 331 153 
393 276 488 
329 389 447 
340 424 347 
245 35 486 
72 453 216 
84 337 95 
388 131 137 
393 332 194 
357 233 37 
264 115 181 
12 279 239 
107 321 9 
415 49 477 
217 131 80 
253 182 417 
362 52 105 
367 341 412 
185 393 368 
293 192 238 
141 310 492 
475 141 79 
27 475 237 
50 233 231 
470 458 489 
53 107 183 
335 405 270 
400 17 408 
177 445 464 
161 475 146 
434 466 81 
196 66 156 
310 193 33 
295 447 372 
420 12 160 
73 287 358 
464 451 292 
159 433 59 
349 28 150 
127 36 89 
475 28 305 
163 431 452 
356 345 329 
76 55 365 
101 5 243 
191 329 268 
455 296 72 
24 415 457 
72 355 208 
448 409 0 
303 256 46 
116 224 257 
179 166 56 
207 196 349 
180 48 370 
325 167 388 
44 37 278 
105 190 224 
46 345 13 
47 346 171 
458 427 124 
348 58 324 
147 438 406 
397 224 26 
177 125 485 
488 375 187 
314 427 169 
402 467 340 
220 187 351 
63 266 307 
184 266 17 
26 223 79 
322 102 251 
132 340 306 
66 246 135 
78 92 490 
416 452 301 
427 257 69 
174 378 179 
234 228 365 
178 47 153 
356 201 181 
7 482 437 
105 179 74 
29 408 59 
250 370 210 
105 132 324 
331 192 18 
474 336 312 
290 22 373 
114 5 413 
31 318 317 
326 5 218 
20 105 56 
476 257 196 
488 359 447 
442 303 111 
60 353 109 
363 214 138 
142 468 460 
198 351 193 
229 256 415 
442 445 274 
398 214 395 
194 29 433 
355 122 265 
298 425 476 
371 378 78 
496 221 306 
348 188 418 
467 20 191 
120 401 14 
101 367 389 
420 31 363 
352 381 366 
130 10 186 
335 36 324 
284 470 128 
218 141 132 
300 284 495 
64 278 40 
211 344 145 
434 227 370 
151 436 95 
93 497 221 
119 263 297 
24 130 402 
216 469 336 
390 272 344 
45 311 5 
467 397 266 
13 460 284 
438 342 159 
231 141 403 
394 373 138 
451 187 417 
111 345 426 
117 460 190 
372 404 295 
137 132 306 
109 393 78 
340 130 210 
394 163 229 
346 330 201 
28 427 112 
267 160 477 
47 22 408 
330 185 421 
360 342 167 
477 9 105 
489 348 319 
480 172 333 
380 203 90 
260 352 154 
86 442 419 
367 377 247 
443 209 245 
96 401 167 
52 193 147 
167 492 199 
148 275 483 
476 29 305 
174 388 193 
279 417 288 
488 329 278 
326 400 400 
106 275 125 
312 468 261 
198 302 99 
82 5 181 
445 194 200 
314 259 413 
267 24 37 
36 296 58 
210 430 185 
492 475 12 
260 228 321 
419 103 181 
302 6 252 
6 475 42 
182 1 324 
9 338 264 
232 108 384 
2 327 422 
469 356 386 
419 202 226 
82 258 464 
60 385 241 
440 289 30 
402 449 151 
280 339 477 
275 462 22 
188 48 258 
419 321 99 
421 366 396 
453 268 357 
404 416 397 
94 110 464 
103 451 302 
351 143 139 
7 225 236 
149 135 434 
444 219 60 
370 138 220 
406 50 383 
4 249 237 
104 98 227 
149 293 245 
464 409 37 
408 250 432 
79 463 432 
376 1 478 
315 2 460 
1 257 446 
296 378 366 
23 189 308 
384 419 23 
33 398 50 
422 435 373 
253 355 188 
276 75 24 
87 30 348 
175 360 434 
21 206 487 
179 139 238 
98 454 196 
307 217 474 
425 380 475 
30 30 336 
151 441 149 
64 64 363 
410 419 59 
88 129 117 
302 492 264 
28 11 163 
211 398 51 
410 390 8 
117 137 295 
415 190 55 
266 363 266 
317 394 148 
427 268 297 
140 243 403 
103 151 400 
212 453 117 
319 123 285 
344 309 149 
91 130 70 
475 407 137 
364 52 58 
170 76 359 
426 192 149 
171 297 355 
62 113 434 
222 491 411 
440 353 296 
12 485 335 
68 292 111 
379 288 431 
334 346 469 
402 245 439 
381 37 283 
35 71 379 
214 176 261 
324 210 197 
34 493 440 
31 210 395 
215 491 25 
210 93 445 
121 77 308 
329 135 328 
303 36 225 
202 195 346 
183 37 291 
427 224 290 
155 328 445 
118 338 269 
68 243 387 
9 451 268 
470 74 179 
470 149 422 
496 196 129 
487 399 38 
312 0 331 
344 52 4 
51 153 489 
488 365 385 
350 313 3 
184 273 376 
310 378 30 
31 264 164 
89 462 243 
211 75 202 
145 241 488 
285 163 357 
110 427 362 
256 449 173 
168 62 90 
272 23 378 
65 305 18 
156 31 25 
149 381 36 
120 141 348 
172 98 21 
223 165 322 
413 4 117 
295 4 84 
325 301 472 
219 469 363 
216 50 152 
15 172 133 
304 434 61 
399 87 484 
384 21 221 
328 11 401 
110 46 311 
13 184 310 
62 7 90 
154 473 194 
73 52 10 
442 360 306 
287 182 331 
495 211 124 
384 3 118 
487 213 154 
61 245 450 
113 36 111 
392 398 308 
38 4 216 
185 31 178 
188 456 24 
10 207 27 
178 396 151 
466 471 24 
192 207 146 
65 185 453 
441 223 108 
245 398 320 
241 81 190 
160 414 206 
400 421 375 
72 79 82 
261 389 398 
52 144 143 
369 196 356 
105 5 388 
192 492 376 
4 451 445 
380 261 125 
59 246 156 
452 243 379 
422 220 424 
251 156 281 
20 338 347 
393 482 192 
86 50 342 
461 219 401 
306 462 20 
217 48 167 
122 271 24 
290 249 59 
465 420 276 
445 144 196 
301 237 256 
469 432 173 
170 462 359 
282 133 145 
341 67 191 
31 69 86 
254 308 140 
155 45 498 
208 46 247 
437 259 101 
266 170 47 
472 421 273 
319 146 445 
213 48 49 
238 14 159 
358 318 59 
42 406 371 
470 486 413 
82 130 119 
10 109 116 
436 263 368 
262 147 152 
216 55 482 
62 49 39 
87 106 26 
228 164 285 
5 467 407 
458 284 10 
261 205 34 
195 408 102 
143 345 479 
225 495 446 
438 141 16 
346 78 51 
179 303 230 
170 276 214 
361 345 322 
98 168 114 
280 284 193 
494 75 51 
321 106 242 
146 263 361 
459 216 426 
304 445 220 
457 391 363 
173 27 56 
64 413 378 
247 233 275 
57 177 288 
11 93 438 
327 392 52 
255 296 428 
453 204 224 
455 264 236 
324 313 411 
351 192 182 
396 65 15 
485 442 49 
168 40 206 
231 175 124 
169 464 15 
477 143 16 
404 26 64 
339 105 351 
41 285 388 
251 203 403 
399 248 175 
284 95 102 
285 152 465 
257 383 408 
105 259 94 
275 478 114 
180 398 207 
418 129 240 
348 148 415 
36 477 72 
78 91 100 
381 438 137 
79 391 24 
380 169 104 
264 74 310 
343 168 105 
434 267 354 
76 431 485 
227 164 107 
194 40 80 
495 77 55 
447 67 44 
496 169 284 
464 151 173 
232 294 437 
482 10 182 
202 128 325 
169 128 354 
51 499 323 
51 163 70 
230 274 99 
113 79 38 
316 201 248 
311 100 263 
113 375 118 
264 366 78 
250 21 296 
425 160 222 
468 281 359 
27 24 292 
243 363 459 
57 156 77 
454 326 186 
176 324 127 
341 22 414 
130 374 349 
347 453 401 
230 223 420 
179 44 309 
4 372 58 
331 221 77 
285 210 369 
414 209 315 
206 478 41 
227 118 166 
37 24 113 
198 29 388 
332 212 493 
75 49 173 
442 467 488 
424 371 124 
497 147 120 
394 335 166 
416 466 305 
136 60 165 
128 44 110 
488 486 316 
8 357 142 
169 374 443 
464 176 456 
473 264 57 
499 138 271 
142 124 337 
226 7 79 
324 4 228 
34 385 163 
181 375 433 
383 273 418 
166 447 430 
160 440 225 
262 266 293 
284 439 102 
13 253 289 
405 22 363 
241 325 336 
284 382 30 
453 230 196 
20 464 406 
12 451 428 
60 155 352 
137 304 0 
400 226 33 
245 376 54 
9 350 348 
204 33 344 
456 327 35 
17 108 68 
422 101 411 
336 277 383 
320 293 84 
146 42 179 
448 146 107 
248 71 207 
172 393 244 
383 275 289 
201 201 226 
333 238 182 
416 438 277 
25 202 30 
425 440 88 
6 476 401 
345 1 155 
407 285 167 
372 321 171 
69 334 285 
104 216 86 
419 335 493 
269 389 90 
139 30 415 
201 329 142 
356 443 251 
423 35 114 
352 91 364 
64 495 346 
279 428 274 
131 44 142 
169 476 10 
72 64 312 
442 398 175 
354 63 462 
243 424 478 
433 157 426 
488 109 456 
481 69 215 
264 105 62 
108 346 323 
300 469 240 
320 298 457 
449 163 432 
41 230 20 
53 59 428 
483 72 290 
298 272 73 
337 256 146 
226 286 354 
24 253 387 
438 470 108 
353 469 345 
340 154 1 
229 60 265 
324 413 162 
104 321 31 
224 274 304 
45 1 467 
488 260 479 
37 137 171 
405 169 192 
40 81 231 
432 403 183 
326 375 16 
234 236 197 
320 401 58 
285 495 103 
198 13 178 
144 314 129 
140 463 297 
317 447 440 
493 172 64 
83 349 112 
363 84 262 
323 322 290 
325 413 53 
218 161 357 
269 85 228 
182 406 443 
272 79 378 
115 156 346 
167 108 107 
405 408 62 
161 267 148 
393 330 339 
113 196 176 
340 221 418 
461 185 256 
62 22 4 
193 24 146 
73 298 207 
348 368 7 
100 417 348 
358 233 362 
424 235 36 
73 473 359 
319 46 478 
215 252 37 
472 83 289 
227 410 172 
29 71 275 
336 175 256 
55 464 1 
205 449 404 
458 216 488 
19 340 380 
417 145 124 
97 296 56 
492 486 471 
207 303 315 
191 163 314 
25 246 427 
231 16 28 
454 30 383 
430 260 3 
415 141 305 
346 234 260 
452 303 347 
392 43 194 
28 457 365 
488 250 313 
372 281 189 
294 449 414 
436 145 223 
23 313 474 
435 57 335 
452 480 193 
448 353 494 
168 246 375 
285 275 410 
330 139 452 
77 482 422 
4 446 258 
16 133 320 
495 89 116 
53 431 265 
183 33 257 
72 465 274 
449 355 126 
64 121 104 
166 493 348 
302 499 286 
120 118 434 
126 67 190 
496 57 198 
244 294 76 
177 266 379 
24 372 326 
78 347 4 
213 382 72 
431 51 359 
72 400 346 
132 459 178 
58 384 390 
132 37 315 
257 371 239 
12 169 445 
198 107 63 
69 269 68 
13 249 203 
257 215 143 
23 327 292 
301 27 432 
295 467 350 
209 461 18 
362 217 310 
88 98 278 
301 347 185 
288 360 325 
246 16 329 
24 345 340 
231 74 242 
253 241 464 
432 19 250 
81 232 317 
301 484 421 
487 39 66 
234 104 416 
82 215 138 
175 310 496 
242 498 102 
386 422 78 
173 172 273 
135 340 491 
1 232 319 
343 304 23 
231 118 85 
480 342 158 
175 301 190 
84 384 222 
417 291 356 
42 287 428 
77 190 458 
428 211 93 
382 95 45 
290 469 112 
342 350 498 
337 471 302 
314 351 70 
185 320 219 
244 298 342 
176 16 390 
470 149 106 
397 255 238 
324 391 93 
347 436 450 
39 369 436 
23 310 254 
404 43 52 
108 373 199 
208 357 180 
60 182 58 
417 9 40 
431 173 118 
430 479 299 
363 79 245 
218 334 80 
370 169 242 
39 285 234 
465 290 65 
373 73 469 
191 313 191 
235 314 435 
16 296 260 
494 381 465 
390 392 271 
236 35 63 
341 338 381 
46 254 167 
254 235 102 
362 35 53 
245 400 367 
74 447 47 
131 215 411 
202 145 321 
163 286 91 
395 40 329 
82 115 55 
116 497 98 
40 357 160 
308 24 206 
425 381 211 
292 370 197 
164 132 273 
363 397 296 
370 85 486 
27 111 37 
253 498 394 
337 4 230 
51 437 288 
59 317 209 
462 312 380 
17 384 54 
252 356 382 
332 289 430 
183 259 87 
487 460 46 
86 285 247 
186 283 466 
320 440 69 
243 409 10 
471 209 385 
55 131 98 
88 401 77 
56 321 241 
118 429 13 
270 364 427 
480 489 246 
364 290 165 
485 58 236 
446 19 288 
404 49 411 
109 443 242 
146 123 311 
94 181 1 
458 229 277 
342 178 211 
216 400 498 
439 193 228 
409 440 192 
273 314 272 
388 433 413 
408 113 473 
66 375 322 
12 408 153 
256 375 59 
290 309 212 
3 306 97 
240 310 220 
159 363 473 
175 412 474 
352 67 368 
121 115 108 
145 13 220 
109 174 82 
156 24 378 
145 46 362 
483 291 384 
104 366 297 
484 91 443 
