1000
3
201 312 26 
430 274 398 
91 71 484 
243 101 484 
12 165 312 
99 162 153 
412 17 231 
458 488 288 
218 395 418 
359 14 496 
207 203 59 
291 103 374 
398 283 254 
330 408 286 
210 56 483 
481 405 473 
64 104 379 
302 425 468 
142 483 199 
400 302 447 
152 375 163 
185 463 355 
486 169 468 
82 112 475 
303 259 86 
460 441 36 
358 123 482 
237 84 388 
296 270 161 
19 348 304 
404 10 47 
332 454 48 
239 38 144 
397 304 52 
445 143 148 
248 139 454 
470 322 496 
469 167 423 
400 297 134 
144 252 0 
434 375 43 
87 207 373 
147 72 185 
12 53 308 
5 352 360 
137 427 165 
26 120 122 
411 181 122 
459 255 134 
320 436 290 
93 93 311 
33 184 63 
416 127 154 
387 381 67 
356 139 205 
65 3 118 
124 372 322 
123 124 212 
362 6 279 
445 423 365 
337 124 259 
242 361 301 
83 202 205 
63 50 378 
185 333 293 
138 494 2 
481 209 244 
255 61 399 
481 264 67 
194 138 180 
206 95 287 
379 346 100 
11 128 439 
369 335 288 
317 71 239 
274 389 225 
57 388 22 
350 105 478 
491 57 233 
46 309 101 
344 61 289 
336 112 326 
26 42 410 
249 13 498 
402 294 138 
289 403 387 
428 460 257 
220 90 34 
74 279 473 
475 368 124 
438 159 225 
48 72 30 
269 433 419 
144 369 309 
152 346 305 
189 85 193 
459 140 373 
327 24 7 
377 24 412 
40 426 353 
358 266 187 
89 66 228 
32 58 374 
312 477 39 
476 412 320 
24 346 225 
230 306 93 
33 169 402 
132 495 423 
312 73 417 
79 313 270 
138 293 222 
246 6 348 
256 491 339 
424 490 423 
449 467 94 
383 463 309 
65 240 157 
355 484 138 
22 240 263 
444 187 356 
146 469 333 
134 387 37 
201 353 256 
331 419 244 
442 243 398 
110 367 69 
117 74 337 
156 117 100 
391 174 231 
64 85 457 
382 28 472 
151 24 312 
123 67 126 
215 158 267 
30 393 398 
315 444 384 
174 88 213 
325 38 214 
392 195 229 
167 154 243 
397 193 226 
7 286 96 
482 441 459 
349 221 89 
394 459 50 
355 459 99 
86 494 53 
135 10 94 
165 117 472 
81 188 95 
184 214 479 
434 246 178 
321 15 455 
127 442 138 
370 231 368 
147 318 71 
300 416 202 
143 482 295 
384 305 13 
85 482 221 
342 452 347 
427 244 243 
371 445 298 
377 275 172 
308 46 16 
94 120 94 
330 355 197 
300 304 45 
7 305 279 
438 18 366 
37 416 384 
147 309 479 
19 105 73 
115 227 362 
250 98 54 
226 368 198 
137 458 418 
44 459 281 
302 132 298 
414 131 113 
81 69 315 
57 278 391 
452 22 240 
70 383 241 
129 146 29 
155 475 229 
457 246 397 
417 166 278 
105 359 10 
101 44 201 
345 438 122 
469 29 81 
316 474 466 
285 196 161 
274 350 484 
20 282 353 
372 183 120 
499 214 156 
55 66 323 
312 104 115 
449 360 184 
221 359 175 
366 104 122 
310 270 22 
402 254 481 
430 244 46 
143 275 388 
160 297 56 
69 126 191 
282 306 66 
434 251 297 
209 495 242 
327 285 408 
309 240 320 
93 430 103 
110 361 419 
341 334 383 
353 179 121 
252 230 223 
401 124 99 
158 324 178 
57 276 410 
128 298 103 
57 40 428 
429 176 445 
342 330 455 
154 123 347 
49 254 138 
146 457 0 
292 338 159 
445 54 217 
375 496 372 
273 315 382 
303 193 98 
89 398 307 
22 284 324 
123 263 92 
58 446 466 
480 344 436 
93 178 15 
327 173 66 
485 366 442 
194 265 322 
442 450 206 
421 477 237 
183 4 177 
32 417 199 
6 398 369 
333 343 446 
398 402 315 
245 418 330 
19 436 321 
446 337 18 
171 125 129 
262 128 353 
212 109 70 
122 222 439 
422 1 230 
372 67 246 
470 238 400 
495 237 242 
366 231 228 
93 291 411 
140 124 354 
180 469 400 
251 64 33 
220 172 271 
377 480 137 
238 117 108 
449 359 320 
410 482 3 
134 437 39 
49 282 499 
273 197 67 
66 311 273 
398 315 240 
211 256 11 
304 356 246 
171 80 301 
171 196 70 
21 209 257 
308 431 343 
61 28 18 
391 52 413 
206 55 110 
14 394 112 
190 260 260 
39 306 331 
169 208 261 
465 283 130 
477 123 61 
400 243 350 
162 162 291 
365 293 308 
90 2 437 
252 436 78 
497 351 320 
313 223 156 
20 424 406 
249 328 22 
3 20 166 
204 201 47 
388 80 381 
169 75 343 
385 480 424 
103 207 20 
237 236 91 
394 358 357 
331 190 462 
84 407 155 
26 254 449 
8 24 36 
390 436 40 
402 219 239 
408 338 103 
253 63 98 
126 281 473 
472 236 94 
485 154 440 
362 420 298 
0 99 169 
312 434 422 
459 87 12 
208 19 56 
400 481 179 
445 340 133 
157 486 126 
138 476 164 
156 451 278 
18 454 206 
413 239 33 
180 471 282 
49 115 170 
143 418 63 
350 298 429 
82 240 64 
70 217 39 
274 414 195 
41 455 62 
428 207 403 
151 400 346 
6 473 464 
272 203 338 
130 174 209 
234 436 308 
52 421 398 
194 241 18 
497 394 20 
258 32 37 
151 388 187 
94 371 0 
180 119 168 
10 69 466 
450 86 423 
127 495 351 
76 353 450 
17 385 42 
265 12 340 
313 227 186 
238 499 320 
101 70 482 
105 303 368 
139 272 498 
312 230 337 
97 499 268 
461 380 327 
137 436 48 
400 264 370 
264 488 376 
343 167 268 
133 223 204 
474 171 316 
171 186 203 
287 59 493 
237 143 109 
76 314 290 
95 17 192 
314 231 46 
203 92 490 
255 135 431 
297 271 56 
315 175 286 
26 430 321 
165 459 493 
499 379 130 
256 5 176 
433 291 398 
110 287 396 
76 151 372 
426 9 254 
306 441 283 
366 107 465 
156 280 289 
466 12 13 
258 5 315 
267 472 96 
326 163 464 
271 302 461 
72 59 14 
384 483 45 
75 468 14 
388 381 56 
476 277 256 
298 66 464 
148 419 369 
251 239 141 
477 239 170 
71 204 27 
104 263 253 
397 318 440 
47 324 87 
255 466 432 
16 192 72 
70 475 433 
420 383 230 
302 152 229 
439 97 389 
437 224 362 
361 66 118 
484 321 31 
238 335 221 
264 184 493 
105 389 463 
203 198 137 
233 145 139 
361 2 26 
426 172 63 
255 54 134 
377 307 166 
149 449 420 
92 66 2 
417 404 165 
283 255 253 
467 274 7 
215 189 214 
186 359 441 
174 40 452 
138 359 266 
154 174 272 
247 288 8 
189 335 402 
48 165 111 
234 474 173 
145 389 142 
302 367 223 
435 34 151 
408 459 476 
270 177 259 
271 204 411 
265 398 129 
31 234 425 
196 379 234 
159 12 493 
19 72 79 
442 314 462 
327 466 50 
353 245 214 
347 480 174 
262 314 498 
95 75 319 
10 85 18 
291 295 164 
360 93 33 
252 105 153 
493 108 350 
103 415 368 
111 186 423 
320 434 53 
273 76 391 
424 330 471 
157 252 236 
67 18 456 
158 287 267 
187 18 455 
491 60 304 
73 375 461 
168 201 10 
449 375 72 
123 269 131 
398 416 444 
289 306 109 
88 73 131 
46 177 333 
468 118 226 
403 370 223 
251 465 2 
67 184 6 
422 133 185 
299 181 112 
35 147 302 
472 299 112 
310 371 131 
264 282 316 
9 38 365 
120 340 47 
408 437 134 
299 191 452 
57 432 488 
102 486 53 
234 356 187 
320 472 40 
368 484 216 
20 109 314 
111 166 120 
267 312 377 
255 126 81 
24 326 52 
123 17 114 
402 490 450 
41 466 356 
380 145 291 
82 363 144 
99 32 215 
350 438 55 
284 131 493 
146 98 110 
281 366 61 
367 423 332 
210 96 165 
16 196 473 
86 471 361 
45 35 238 
426 111 342 
426 451 355 
445 424 207 
206 140 35 
349 80 251 
110 407 52 
275 188 396 
151 276 366 
493 51 54 
122 216 43 
312 31 141 
132 437 214 
334 270 313 
336 479 296 
336 166 468 
63 248 313 
319 354 402 
396 73 39 
243 37 321 
459 472 227 
103 131 59 
125 424 63 
416 71 79 
152 389 451 
256 286 149 
245 329 486 
429 359 269 
216 346 247 
95 145 291 
115 263 471 
364 416 284 
422 403 113 
94 429 358 
402 279 482 
30 439 145 
471 375 378 
162 112 158 
101 113 235 
320 99 461 
211 48 3 
60 254 20 
446 370 146 
217 282 72 
118 5 155 
248 462 490 
342 251 256 
34 258 462 
399 294 82 
186 158 404 
406 499 163 
1 190 184 
58 123 269 
1 456 32 
176 137 401 
324 497 283 
281 117 447 
413 480 418 
44 265 398 
53 279 304 
178 170 109 
421 55 286 
106 338 136 
237 428 437 
460 252 103 
226 398 26 
422 149 156 
154 299 284 
112 474 62 
228 121 131 
182 361 394 
294 60 431 
464 131 278 
279 167 445 
177 55 151 
434 492 163 
34 317 488 
325 369 481 
80 156 480 
116 458 245 
451 85 385 
99 15 408 
278 450 155 
5 118 170 
343 125 98 
314 419 305 
342 19 457 
495 308 339 
118 171 480 
288 199 306 
341 86 406 
495 411 247 
229 12 49 
332 478 492 
155 353 266 
111 472 1 
58 242 469 
447 206 53 
153 63 441 
299 190 122 
105 109 419 
118 497 384 
421 384 458 
89 455 59 
463 38 312 
238 401 92 
478 318 310 
208 14 307 
126 311 193 
130 52 277 
15 283 143 
242 299 345 
112 256 329 
111 53 305 
405 382 281 
138 357 285 
359 8 458 
200 148 391 
368 210 376 
157 182 274 
361 34 338 
314 328 471 
331 447 459 
203 113 248 
4 10 94 
273 495 449 
178 199 109 
119 46 95 
249 44 479 
157 409 419 
121 393 54 
121 179 57 
133 113 269 
164 66 427 
400 38 284 
410 144 444 
303 101 4 
296 434 285 
367 404 155 
426 427 496 
436 397 438 
377 394 299 
222 101 114 
284 190 241 
121 473 451 
442 176 147 
45 259 87 
394 266 148 
223 302 325 
37 124 214 
173 67 82 
323 341 220 
244 235 432 
441 326 212 
209 416 128 
95 17 468 
132 418 430 
423 489 143 
148 10 99 
266 116 496 
323 491 372 
169 82 480 
457 138 30 
198 380 10 
154 24 264 
479 107 416 
34 111 309 
27 483 263 
416 392 279 
303 328 289 
267 304 451 
169 68 326 
77 162 439 
461 423 327 
126 352 333 
414 437 309 
91 125 158 
316 423 374 
339 30 180 
245 274 394 
262 130 231 
17 70 493 
158 411 339 
319 95 162 
159 454 494 
422 312 444 
461 278 34 
477 430 395 
361 459 372 
354 224 271 
89 29 338 
295 320 183 
199 358 172 
416 55 461 
5 442 266 
336 217 297 
326 48 4 
162 413 416 
465 395 392 
394 16 411 
34 286 468 
205 240 246 
138 134 273 
181 392 345 
493 150 497 
484 67 248 
362 245 220 
92 278 390 
496 415 499 
333 479 467 
280 43 373 
357 160 113 
51 125 336 
379 170 377 
18 197 258 
379 254 239 
8 143 185 
149 497 82 
46 412 39 
77 53 209 
363 269 444 
343 149 20 
304 47 407 
286 56 325 
197 483 224 
313 2 268 
9 381 232 
56 175 466 
102 168 341 
302 307 55 
482 330 375 
286 51 200 
38 440 32 
52 173 454 
112 195 246 
498 336 273 
116 377 346 
430 171 95 
91 420 170 
19 191 175 
274 100 318 
253 188 468 
130 137 304 
20 276 287 
301 381 368 
335 152 406 
178 360 213 
234 237 140 
349 13 273 
470 398 367 
388 359 157 
205 89 493 
482 293 409 
290 287 52 
69 61 438 
27 266 112 
89 440 76 
211 68 199 
449 477 214 
357 354 301 
197 376 435 
258 365 377 
428 468 99 
211 464 303 
347 281 214 
350 17 304 
440 191 404 
351 216 398 
481 24 131 
343 390 80 
48 4 208 
358 130 276 
124 432 214 
127 238 63 
455 176 160 
94 28 482 
125 468 424 
274 29 75 
345 84 398 
212 27 456 
141 149 337 
285 155 288 
319 50 0 
143 99 381 
9 293 109 
386 230 188 
41 456 7 
206 12 311 
356 481 107 
118 460 261 
109 307 423 
432 317 174 
297 208 147 
107 63 309 
363 136 128 
125 479 83 
105 246 71 
168 182 448 
100 408 477 
228 251 159 
422 161 81 
176 276 122 
270 211 246 
108 477 318 
271 206 467 
385 296 247 
445 349 105 
1 10 384 
451 476 338 
415 132 325 
108 20 317 
193 78 403 
232 450 194 
81 155 334 
99 113 234 
419 378 248 
497 103 103 
59 198 68 
164 166 333 
324 208 231 
133 499 486 
265 164 294 
461 77 192 
129 76 268 
84 208 255 
71 198 384 
132 240 286 
80 141 341 
445 291 343 
391 61 302 
411 60 384 
63 354 206 
181 250 322 
409 18 434 
109 204 36 
343 126 61 
373 259 190 
298 352 32 
358 371 348 
31 318 126 
78 183 139 
43 489 240 
322 362 460 
122 177 414 
363 217 139 
68 120 380 
116 125 313 
347 411 489 
6 318 359 
201 108 51 
441 296 205 
499 184 106 
400 42 220 
226 478 302 
113 170 43 
415 92 301 
191 329 440 
377 345 89 
31 18 413 
237 352 408 
337 351 49 
9 162 102 
73 11 450 
54 280 377 
198 134 495 
96 219 131 
311 118 46 
371 488 139 
156 31 202 
381 488 302 
64 346 84 
8 349 224 
16 196 499 
189 385 263 
244 460 21 
173 159 409 
49 402 357 
112 24 13 
310 153 36 
453 349 349 
184 321 325 
377 411 346 
209 474 63 
369 442 276 
270 154 2 
307 471 433 
17 487 470 
371 241 279 
346 221 351 
418 296 457 
67 16 0 
83 497 416 
288 116 281 
275 96 301 
346 216 1 
254 45 181 
467 193 97 
319 39 14 
135 3 211 
334 306 43 
280 446 453 
459 381 166 
137 291 85 
178 266 110 
475 471 323 
281 391 127 
490 468 470 
220 102 418 
394 332 463 
151 132 103 
405 214 239 
73 121 237 
282 131 357 
167 479 224 
271 180 307 
101 20 460 
162 378 479 
161 371 431 
113 107 109 
201 114 128 
28 410 134 
285 387 172 
249 176 328 
93 204 102 
315 447 108 
241 80 33 
462 295 107 
266 206 179 
370 107 174 
22 78 431 
147 57 168 
297 334 54 
131 491 28 
401 490 438 
104 350 479 
11 426 448 
184 1 53 
320 359 352 
147 264 269 
322 61 447 
115 400 250 
403 444 394 
441 315 431 
336 11 275 
357 249 107 
489 77 171 
148 294 356 
387 405 10 
432 123 284 
44 461 69 
270 363 230 
68 416 166 
123 355 390 
427 191 6 
184 351 17 
433 466 337 
168 235 286 
454 123 112 
385 1 424 
207 199 265 
20 72 368 
308 325 86 
343 293 417 
377 323 230 
159 466 345 
201 437 32 
52 137 211 
79 4 322 
266 332 435 
89 329 401 
11 497 34 
495 108 92 
455 186 326 
445 379 196 
150 320 383 
362 181 456 
109 344 415 
362 172 116 
