1000
3
8 486 226 
330 336 66 
3 128 438 
105 351 340 
86 499 24 
397 94 418 
246 192 3 
448 496 487 
279 143 263 
321 322 248 
171 381 216 
275 201 221 
298 422 175 
199 193 424 
184 419 245 
373 400 183 
197 117 363 
492 454 287 
186 190 486 
431 366 431 
406 144 154 
341 59 144 
245 307 92 
453 340 222 
473 167 231 
65 197 288 
318 474 45 
331 223 420 
428 344 183 
62 187 297 
497 398 454 
315 456 60 
178 248 350 
78 26 309 
58 414 237 
484 335 354 
22 92 465 
291 290 13 
69 148 340 
432 23 242 
290 191 8 
226 161 109 
102 199 335 
401 187 199 
128 453 265 
493 65 264 
352 494 427 
49 211 273 
117 495 278 
495 477 473 
366 211 52 
165 298 379 
250 266 421 
218 340 340 
220 426 306 
150 49 14 
433 450 208 
317 113 367 
287 36 485 
300 401 223 
416 477 272 
311 328 361 
39 65 158 
83 279 123 
436 369 434 
460 439 422 
214 418 174 
463 408 390 
156 447 365 
409 218 225 
423 187 133 
339 325 110 
442 376 460 
215 237 22 
182 180 436 
299 352 218 
468 319 385 
324 115 263 
275 391 324 
396 481 39 
45 453 295 
310 79 47 
449 130 387 
181 157 419 
307 157 252 
197 175 339 
120 163 153 
483 432 213 
92 125 274 
150 133 358 
443 495 129 
406 390 477 
140 350 276 
354 46 198 
169 67 467 
479 43 69 
321 364 483 
186 442 328 
388 23 213 
98 128 297 
58 201 383 
180 350 65 
7 464 106 
394 243 107 
159 360 160 
177 314 188 
209 200 302 
139 43 139 
11 237 145 
177 199 78 
463 478 432 
277 33 243 
393 337 115 
456 90 277 
460 83 254 
151 119 295 
120 317 32 
475 475 236 
236 249 95 
202 435 68 
473 268 91 
290 235 450 
166 95 300 
28 294 359 
195 285 148 
210 356 134 
146 266 9 
68 191 13 
375 87 137 
62 15 436 
191 43 0 
445 189 65 
183 177 348 
332 325 179 
59 78 479 
496 195 35 
32 30 56 
342 96 495 
237 183 358 
31 171 4 
83 81 239 
79 350 33 
40 327 415 
260 252 211 
372 257 38 
156 280 193 
390 318 14 
458 202 263 
127 352 84 
376 64 17 
117 261 295 
199 492 107 
461 499 93 
368 108 477 
354 227 287 
383 288 195 
471 273 203 
136 287 195 
183 349 240 
421 167 412 
234 128 468 
47 222 33 
43 139 492 
288 376 324 
206 447 54 
253 48 349 
201 378 244 
394 231 44 
174 133 164 
44 456 469 
441 152 87 
25 159 191 
373 219 270 
492 24 164 
76 427 21 
246 265 220 
106 407 496 
384 314 434 
19 50 43 
420 376 415 
106 328 408 
475 407 304 
187 137 364 
73 118 305 
427 294 130 
404 453 450 
213 416 258 
388 325 211 
55 331 73 
203 174 135 
488 180 244 
467 151 26 
395 120 339 
473 355 59 
252 107 356 
339 213 169 
133 88 343 
478 83 260 
497 353 97 
71 47 282 
396 351 160 
482 420 116 
18 436 18 
346 128 107 
93 154 102 
433 404 187 
261 336 22 
59 360 197 
369 165 460 
440 365 41 
235 108 48 
99 146 100 
371 45 21 
293 132 378 
281 171 280 
424 94 139 
260 137 395 
295 40 462 
106 414 236 
217 221 242 
283 245 355 
452 270 388 
57 379 53 
53 60 498 
101 216 379 
440 278 63 
54 362 13 
86 91 48 
467 7 34 
40 208 369 
249 192 354 
452 377 67 
435 294 211 
159 286 184 
331 122 94 
475 366 116 
20 338 416 
281 330 122 
332 312 450 
157 213 203 
430 220 143 
150 179 8 
199 223 233 
212 336 333 
65 442 206 
138 414 243 
37 357 181 
385 27 69 
152 432 363 
443 486 233 
273 136 385 
35 416 44 
118 223 368 
351 318 371 
73 239 351 
295 389 225 
65 426 460 
421 367 384 
66 105 494 
73 363 97 
231 229 48 
126 206 470 
339 430 319 
432 439 404 
42 447 426 
74 8 352 
156 463 112 
450 280 366 
304 19 243 
173 320 416 
261 242 265 
146 496 454 
483 300 329 
479 338 166 
210 373 7 
459 262 433 
52 175 111 
293 454 35 
397 309 161 
119 165 462 
342 459 433 
198 336 297 
323 467 170 
10 153 73 
398 160 444 
311 371 160 
2 130 142 
458 174 78 
455 87 326 
134 466 79 
343 63 460 
235 446 473 
111 361 272 
66 299 380 
272 227 377 
171 256 272 
490 498 281 
476 311 388 
49 199 43 
256 84 65 
239 431 43 
277 447 115 
432 126 263 
366 38 381 
8 285 222 
328 165 464 
32 171 334 
240 24 414 
359 189 16 
211 311 18 
122 402 359 
175 148 339 
474 13 40 
135 264 84 
83 35 415 
498 130 449 
442 92 199 
121 497 99 
306 250 190 
337 147 403 
418 71 157 
393 199 219 
374 29 422 
42 441 134 
50 239 170 
65 195 403 
408 23 350 
362 93 425 
202 387 184 
130 428 301 
51 253 480 
293 420 438 
475 83 205 
0 345 321 
252 16 156 
280 362 89 
228 247 481 
296 307 205 
458 188 481 
115 145 183 
64 123 298 
420 333 32 
304 132 363 
247 320 371 
205 20 9 
182 224 18 
193 447 387 
71 321 97 
234 251 166 
417 283 460 
286 94 91 
105 417 121 
282 401 112 
125 222 376 
101 363 274 
372 371 182 
416 332 138 
222 475 430 
259 174 31 
72 404 464 
355 62 110 
349 201 198 
68 167 206 
152 113 387 
29 37 159 
231 98 320 
159 389 413 
392 301 438 
256 130 459 
455 86 358 
30 146 117 
240 462 113 
490 498 304 
267 354 213 
310 131 29 
94 226 92 
479 122 80 
167 22 233 
38 240 43 
453 19 476 
266 107 259 
254 345 123 
357 326 470 
489 435 47 
476 135 256 
86 203 391 
494 160 224 
499 495 272 
365 412 305 
247 259 163 
408 24 420 
489 355 397 
344 451 320 
279 232 383 
247 102 298 
75 119 138 
486 256 107 
122 157 286 
167 291 8 
367 113 395 
380 245 476 
269 64 30 
159 378 301 
103 323 422 
125 381 278 
325 363 481 
366 172 268 
318 293 207 
147 284 88 
130 48 452 
416 101 90 
263 215 81 
450 61 221 
313 112 196 
153 230 433 
266 81 151 
124 460 185 
124 427 415 
201 166 257 
9 312 124 
233 225 225 
353 18 165 
252 106 190 
58 170 83 
482 86 350 
66 363 365 
253 481 56 
393 41 286 
409 233 301 
292 399 340 
353 52 234 
212 236 90 
279 206 0 
430 75 273 
90 407 418 
420 387 408 
281 200 456 
446 219 95 
94 422 242 
435 146 479 
314 370 83 
23 0 276 
430 48 213 
59 231 186 
158 175 277 
278 484 27 
396 202 321 
254 204 462 
141 467 459 
39 440 205 
136 402 420 
443 307 274 
423 309 61 
207 224 299 
216 163 415 
15 307 107 
300 350 436 
149 84 472 
72 390 147 
341 1 327 
285 219 491 
22 256 119 
436 79 475 
336 94 480 
349 431 479 
491 78 408 
333 118 3 
442 276 5 
154 340 451 
69 64 165 
499 372 110 
129 32 350 
171 105 331 
119 364 187 
81 375 3 
383 77 255 
106 8 393 
476 452 487 
267 326 362 
496 311 0 
264 386 146 
476 215 20 
69 311 302 
205 147 326 
361 76 462 
398 290 187 
433 266 161 
314 456 452 
195 65 10 
308 418 247 
47 473 343 
376 473 393 
312 354 107 
292 394 221 
497 480 40 
202 129 216 
491 94 352 
2 325 43 
66 459 385 
39 76 347 
332 192 102 
183 486 149 
312 40 224 
193 191 105 
3 343 229 
417 347 369 
446 266 369 
469 494 486 
386 133 220 
400 448 410 
430 83 213 
209 126 336 
152 371 485 
465 204 124 
79 195 499 
391 202 468 
218 5 54 
434 196 151 
266 201 54 
405 368 368 
215 65 91 
440 4 362 
486 248 25 
211 18 20 
208 127 404 
177 12 362 
37 495 107 
414 311 419 
264 25 32 
417 191 356 
224 66 383 
109 256 393 
295 49 138 
91 6 444 
335 133 344 
287 119 0 
201 224 173 
93 468 285 
174 122 298 
391 406 444 
83 417 154 
338 62 90 
456 160 312 
324 242 470 
38 187 349 
60 464 118 
14 379 490 
357 474 357 
130 464 84 
414 409 336 
369 348 364 
244 492 440 
95 452 28 
111 100 385 
129 449 17 
280 351 365 
391 154 183 
410 24 36 
426 324 325 
197 151 128 
157 25 63 
439 446 153 
300 458 454 
182 471 259 
179 118 429 
371 331 370 
218 232 90 
381 160 438 
22 194 406 
3 341 479 
233 303 247 
486 48 278 
443 273 40 
293 423 240 
358 285 476 
378 189 352 
205 426 62 
412 265 145 
343 470 176 
387 448 44 
189 226 152 
372 86 406 
411 17 193 
358 114 399 
495 36 97 
223 209 81 
249 253 190 
300 138 211 
308 105 459 
147 482 2 
148 156 99 
62 494 9 
314 226 285 
80 145 234 
188 191 373 
216 187 382 
476 64 169 
245 38 388 
166 435 418 
214 291 292 
373 140 334 
395 317 124 
101 37 123 
406 17 391 
171 471 217 
258 410 325 
73 346 194 
313 405 64 
110 173 443 
293 332 378 
17 481 376 
157 56 105 
148 406 463 
281 322 377 
32 105 51 
451 452 31 
168 422 6 
187 318 178 
393 415 365 
71 273 425 
370 310 52 
491 483 492 
81 294 335 
466 374 27 
42 412 198 
428 96 90 
127 271 273 
160 190 116 
478 169 382 
205 243 420 
339 248 480 
267 47 317 
139 126 139 
193 292 199 
360 187 359 
399 46 375 
35 2 237 
217 384 119 
142 459 64 
168 58 139 
368 1 46 
8 214 452 
104 56 434 
446 406 164 
469 213 463 
20 242 421 
300 85 276 
112 174 329 
86 118 90 
302 233 426 
94 268 457 
17 353 245 
403 481 94 
79 391 449 
171 133 223 
188 297 150 
206 135 217 
267 247 161 
345 124 126 
122 217 119 
345 84 22 
88 85 202 
173 1 360 
398 125 254 
127 167 278 
474 25 32 
109 446 23 
469 196 210 
59 212 256 
169 476 175 
116 416 148 
428 286 112 
12 129 261 
151 221 67 
137 426 472 
56 78 173 
261 174 311 
307 209 6 
318 16 454 
448 406 104 
204 280 138 
471 213 168 
70 356 478 
474 430 379 
278 245 433 
270 369 131 
343 387 241 
240 230 333 
325 399 131 
446 362 323 
171 210 2 
258 28 274 
137 186 451 
134 240 388 
403 72 46 
195 439 23 
18 453 482 
436 118 284 
360 33 18 
316 270 92 
344 401 95 
479 119 101 
234 266 196 
424 435 240 
189 156 29 
60 471 428 
2 140 463 
5 87 384 
352 245 236 
298 8 8 
36 66 163 
440 106 70 
187 156 182 
135 302 297 
159 74 250 
66 43 121 
123 286 218 
310 265 184 
413 415 259 
403 426 217 
335 380 152 
116 365 438 
200 103 64 
348 387 105 
322 481 436 
43 377 433 
6 396 426 
344 43 64 
119 126 45 
237 262 218 
482 413 324 
155 111 493 
452 461 345 
278 24 392 
475 439 406 
421 104 143 
76 326 66 
49 434 15 
333 186 210 
494 362 282 
134 419 444 
259 34 11 
388 215 125 
15 113 92 
246 494 382 
471 56 331 
477 379 202 
364 246 292 
478 473 80 
221 64 53 
321 46 31 
216 496 282 
21 418 260 
368 396 275 
476 121 358 
220 141 68 
121 373 49 
178 212 333 
138 73 169 
20 168 220 
383 255 185 
408 425 327 
430 278 178 
264 102 314 
76 409 366 
272 401 138 
364 309 236 
482 102 297 
233 70 191 
160 424 230 
214 203 278 
168 239 150 
275 267 78 
380 288 78 
347 135 407 
137 475 177 
109 409 378 
456 275 170 
454 126 285 
214 105 241 
446 429 296 
247 486 455 
282 150 451 
452 220 179 
163 100 162 
316 35 248 
356 164 145 
341 411 31 
248 205 427 
268 8 383 
491 420 421 
416 367 99 
434 400 479 
433 331 222 
88 252 440 
366 104 245 
341 261 351 
130 26 366 
169 235 420 
111 399 377 
411 50 121 
284 367 347 
143 404 190 
97 61 396 
328 374 346 
237 213 103 
64 423 77 
175 145 471 
422 15 269 
380 79 364 
372 129 125 
466 497 223 
373 483 80 
361 302 212 
53 265 273 
466 74 173 
428 8 119 
459 442 332 
86 286 88 
261 173 63 
460 37 181 
384 106 365 
112 199 211 
494 279 107 
95 125 55 
173 168 28 
284 138 401 
168 209 228 
309 151 423 
475 364 227 
357 245 221 
305 9 395 
214 328 325 
129 201 66 
82 213 372 
146 26 180 
463 147 32 
432 262 348 
69 133 310 
281 314 163 
26 303 140 
137 340 144 
410 158 146 
30 137 34 
254 130 494 
111 357 445 
2 373 3 
107 155 87 
465 308 199 
274 369 292 
220 365 27 
122 63 14 
350 94 471 
435 465 377 
475 120 407 
430 348 138 
226 278 348 
330 388 208 
63 260 133 
171 324 490 
226 357 342 
133 462 455 
61 264 198 
359 288 265 
415 46 24 
496 348 370 
26 261 376 
463 348 186 
401 334 257 
87 103 198 
0 467 276 
493 306 0 
20 104 431 
6 346 327 
380 349 17 
108 475 278 
469 62 110 
465 338 246 
369 364 476 
297 158 291 
218 105 10 
475 440 283 
94 433 451 
382 261 286 
384 131 377 
401 498 8 
62 158 266 
27 110 373 
136 139 91 
290 439 42 
336 200 370 
12 355 307 
162 3 320 
205 117 172 
38 98 57 
13 382 373 
214 22 473 
183 78 55 
332 381 475 
479 140 290 
375 420 476 
14 479 214 
138 368 474 
5 258 179 
334 83 430 
380 433 295 
407 371 237 
417 453 387 
102 248 322 
270 478 58 
369 21 267 
67 495 166 
89 399 379 
136 339 166 
46 380 216 
135 242 294 
291 348 396 
434 416 154 
410 477 410 
377 98 491 
317 244 489 
419 237 167 
15 360 237 
21 44 404 
231 20 14 
259 421 127 
337 461 461 
20 461 219 
210 377 335 
284 242 294 
218 325 316 
448 369 189 
23 204 378 
91 286 334 
46 180 464 
113 224 96 
12 121 297 
209 109 312 
266 472 335 
57 228 221 
341 315 264 
155 280 103 
172 429 414 
454 94 31 
1 482 496 
160 379 307 
394 172 409 
54 187 450 
208 202 307 
293 312 467 
462 289 436 
444 91 429 
424 77 291 
207 218 78 
77 321 416 
435 100 275 
371 240 35 
294 297 465 
69 228 377 
436 100 285 
172 7 373 
146 39 130 
466 276 124 
393 157 13 
327 227 369 
56 61 39 
46 51 30 
272 446 190 
243 432 207 
2 366 401 
321 108 147 
324 440 237 
2 100 339 
415 289 4 
496 2 324 
476 172 332 
272 374 179 
294 66 429 
105 109 407 
103 180 106 
353 21 94 
463 421 215 
232 126 5 
81 449 411 
490 49 452 
273 186 163 
237 450 299 
410 74 394 
0 352 363 
431 314 232 
333 63 447 
188 83 273 
199 336 492 
89 19 67 
200 239 367 
189 26 56 
137 340 19 
265 388 121 
96 393 140 
82 208 282 
