1000
3
203 40 373 
226 132 45 
487 344 216 
267 348 484 
275 423 92 
451 6 105 
241 271 138 
71 36 428 
166 307 156 
483 317 485 
310 130 244 
261 351 321 
474 362 240 
344 458 416 
255 421 226 
215 156 472 
317 461 395 
275 192 25 
438 344 66 
466 356 452 
329 104 152 
366 498 469 
319 67 360 
121 164 337 
98 452 161 
418 147 130 
460 44 402 
149 138 203 
392 86 157 
496 437 102 
384 130 453 
187 51 267 
499 260 32 
183 467 313 
325 12 374 
25 146 430 
234 58 291 
11 74 271 
27 377 19 
154 179 323 
280 263 238 
249 372 266 
374 172 53 
221 15 471 
243 214 245 
348 280 160 
333 150 47 
345 397 96 
283 117 189 
27 173 41 
41 302 406 
415 11 431 
139 213 11 
73 416 429 
148 161 172 
369 367 326 
447 0 422 
255 374 233 
98 211 307 
287 441 391 
453 23 263 
252 387 176 
86 51 14 
460 349 15 
123 443 446 
235 453 172 
211 5 131 
287 130 115 
298 400 126 
80 78 215 
482 359 133 
385 321 61 
52 362 164 
301 329 420 
100 113 2 
68 265 207 
348 381 120 
134 397 294 
453 395 464 
449 92 472 
130 199 177 
184 35 282 
480 126 348 
466 424 24 
51 427 348 
352 329 424 
106 66 47 
91 192 387 
44 377 430 
407 488 325 
314 247 329 
463 133 390 
244 246 270 
354 51 140 
164 338 114 
127 329 183 
132 175 193 
384 451 269 
58 491 440 
19 457 331 
382 354 115 
307 190 409 
184 161 184 
249 128 201 
361 100 456 
285 164 139 
195 34 268 
288 301 337 
83 410 238 
207 190 285 
228 475 161 
209 211 315 
350 347 218 
13 82 315 
327 140 175 
53 465 18 
118 499 270 
102 164 268 
455 289 5 
47 496 178 
204 95 32 
378 466 35 
238 60 392 
117 408 294 
31 80 413 
234 392 436 
410 273 23 
200 326 347 
373 362 222 
488 11 197 
228 309 429 
72 232 310 
125 307 324 
364 284 60 
81 392 3 
273 300 0 
12 229 332 
258 5 260 
203 439 49 
391 251 85 
90 493 354 
126 242 477 
289 13 26 
397 122 447 
302 348 450 
290 370 472 
302 409 471 
135 223 245 
498 65 449 
248 482 459 
125 454 202 
310 314 468 
388 137 346 
497 377 277 
270 63 82 
433 35 242 
492 143 181 
474 394 267 
402 278 363 
453 64 386 
307 321 165 
473 186 483 
256 148 416 
425 464 164 
273 187 357 
43 493 206 
331 210 344 
1 391 346 
400 176 57 
473 195 246 
96 440 125 
158 122 44 
215 462 308 
13 402 49 
346 339 471 
460 127 436 
98 460 287 
396 420 450 
466 33 385 
427 178 194 
424 483 305 
10 431 334 
449 141 245 
103 430 300 
92 149 270 
99 3 346 
92 92 386 
283 318 290 
222 354 180 
224 338 52 
54 60 140 
468 384 189 
377 468 349 
245 160 456 
38 412 408 
300 484 30 
237 39 20 
359 236 438 
76 497 70 
434 387 190 
442 11 123 
149 124 438 
75 48 383 
145 91 444 
8 146 168 
433 141 63 
85 449 152 
118 496 136 
355 386 19 
141 466 88 
374 300 161 
295 229 263 
344 455 259 
312 170 285 
175 74 132 
478 80 160 
307 401 136 
99 61 491 
390 355 310 
230 168 390 
464 346 316 
349 168 17 
427 140 260 
65 197 184 
216 151 352 
55 398 3 
106 476 419 
351 338 218 
264 314 167 
140 106 271 
34 160 37 
147 331 205 
489 48 398 
38 307 95 
31 176 12 
320 486 207 
104 301 31 
194 448 133 
287 117 429 
332 304 269 
433 77 218 
399 169 491 
230 181 2 
497 177 266 
315 125 82 
73 99 340 
134 58 458 
36 65 329 
338 494 114 
131 56 399 
371 195 454 
252 131 290 
84 34 81 
400 367 180 
309 184 62 
163 31 210 
471 146 484 
299 278 56 
5 453 357 
92 92 406 
144 241 202 
384 198 335 
443 483 97 
437 119 63 
414 244 246 
84 384 429 
128 187 71 
115 199 364 
482 290 392 
243 314 172 
60 76 114 
337 67 315 
467 46 406 
404 362 10 
206 389 113 
66 222 14 
403 255 135 
81 35 391 
88 351 7 
16 144 470 
296 281 354 
235 374 171 
32 421 179 
459 49 343 
381 83 41 
218 187 466 
344 329 89 
74 6 220 
80 477 322 
394 325 400 
442 359 479 
5 375 313 
344 351 23 
369 333 216 
43 2 214 
291 332 143 
33 139 182 
375 295 245 
491 179 365 
310 314 55 
84 137 491 
405 368 133 
303 339 368 
53 170 479 
354 70 45 
398 159 402 
55 183 161 
206 324 447 
25 360 88 
102 414 114 
219 19 339 
67 137 168 
342 372 45 
1 137 190 
375 264 121 
40 411 211 
262 216 482 
403 385 87 
123 144 95 
35 363 57 
67 160 190 
18 368 162 
62 161 45 
311 38 47 
412 493 436 
416 18 463 
440 477 20 
385 393 126 
437 30 411 
43 388 438 
359 437 377 
73 290 456 
385 199 116 
151 173 498 
38 437 289 
117 360 381 
117 275 476 
108 353 478 
0 276 67 
430 359 221 
278 489 387 
62 239 92 
420 401 255 
344 253 451 
307 372 243 
182 23 480 
430 109 287 
443 464 268 
113 497 75 
282 85 283 
491 484 363 
113 161 439 
377 122 311 
441 85 355 
435 232 402 
242 28 292 
496 297 252 
196 231 264 
488 301 427 
56 122 251 
370 99 417 
401 171 309 
92 244 156 
499 476 407 
389 131 344 
326 46 336 
403 198 138 
173 225 109 
45 122 119 
71 317 2 
401 452 438 
496 302 20 
68 164 491 
238 391 487 
58 353 53 
160 175 294 
268 45 220 
287 2 166 
368 92 281 
408 66 221 
349 235 220 
380 78 338 
404 345 176 
392 32 196 
342 437 474 
154 194 98 
267 180 270 
374 188 420 
328 282 135 
426 452 111 
460 333 476 
147 300 463 
217 370 155 
320 420 121 
70 54 317 
494 176 309 
171 237 126 
146 242 6 
43 106 215 
287 385 346 
41 155 206 
329 297 251 
367 318 495 
496 62 272 
116 41 25 
53 289 497 
407 131 22 
18 139 338 
388 207 204 
251 205 27 
330 265 180 
407 263 134 
302 261 382 
289 197 156 
150 367 200 
109 105 220 
325 136 11 
312 257 483 
374 472 67 
155 291 484 
384 197 310 
374 406 348 
344 284 109 
335 85 278 
386 417 211 
108 80 178 
162 356 145 
0 137 345 
249 318 462 
299 86 58 
197 437 220 
446 73 233 
98 406 396 
84 467 112 
173 183 310 
260 319 406 
347 103 40 
376 382 188 
181 116 110 
30 397 267 
232 146 2 
358 479 344 
183 391 92 
192 240 123 
455 152 444 
300 361 205 
33 350 354 
44 479 376 
462 98 106 
6 8 271 
78 145 146 
340 425 94 
248 276 212 
43 125 111 
456 32 147 
383 43 36 
192 463 71 
185 1 445 
143 429 311 
243 265 306 
442 250 89 
172 250 263 
327 127 254 
199 372 430 
299 71 15 
458 121 145 
95 267 146 
123 329 397 
35 242 184 
247 209 86 
445 50 401 
333 486 252 
235 173 243 
456 146 188 
451 159 92 
475 313 205 
438 247 358 
422 199 280 
360 407 214 
271 134 168 
170 356 399 
197 217 486 
181 174 165 
183 470 72 
356 227 189 
26 28 392 
355 329 78 
59 22 468 
251 408 496 
179 288 293 
149 18 44 
185 322 398 
210 303 378 
294 305 301 
295 325 279 
396 458 412 
277 430 77 
125 113 127 
493 334 39 
20 200 265 
426 11 245 
341 367 460 
351 67 495 
234 29 266 
34 410 147 
145 97 115 
122 264 157 
28 230 374 
458 370 165 
379 454 83 
192 124 184 
321 74 412 
249 174 121 
350 246 490 
138 449 360 
435 429 389 
296 213 461 
327 231 107 
258 329 470 
300 248 3 
464 267 209 
102 149 239 
172 55 360 
75 29 341 
301 199 365 
84 428 215 
494 265 449 
272 424 84 
108 334 270 
160 453 222 
48 195 202 
41 443 306 
286 225 100 
255 435 406 
462 374 65 
46 494 253 
324 87 413 
205 79 434 
237 263 46 
342 318 412 
271 314 44 
418 467 260 
357 31 212 
335 256 423 
458 156 141 
62 493 353 
17 275 330 
83 295 381 
44 86 109 
353 427 323 
13 77 408 
330 319 404 
267 294 240 
427 408 194 
89 56 94 
357 114 121 
499 10 490 
375 486 407 
324 333 298 
120 325 269 
307 221 156 
67 355 80 
211 414 203 
408 75 476 
25 276 220 
341 398 76 
324 79 257 
168 134 224 
466 494 475 
349 382 96 
335 352 332 
99 50 494 
189 298 463 
124 69 173 
411 463 277 
403 271 210 
134 314 75 
40 304 211 
371 83 244 
16 436 349 
384 455 248 
493 120 402 
424 122 306 
267 107 109 
215 231 83 
444 6 374 
415 456 314 
147 476 455 
92 387 466 
391 371 487 
352 56 119 
23 313 465 
174 205 297 
223 14 200 
106 13 413 
499 400 307 
266 445 105 
214 455 366 
371 122 164 
244 375 364 
28 85 87 
8 257 110 
296 210 414 
45 46 324 
192 11 486 
276 481 216 
273 64 405 
76 443 124 
388 480 363 
331 294 47 
327 155 45 
215 200 479 
340 115 11 
395 249 442 
470 307 141 
361 2 231 
133 475 459 
231 381 168 
135 27 105 
449 365 488 
108 346 96 
51 456 44 
92 174 73 
114 176 117 
274 407 354 
318 201 335 
146 110 160 
124 210 328 
316 88 219 
407 399 280 
384 47 11 
423 456 93 
461 237 26 
242 76 407 
97 478 293 
390 382 314 
468 328 30 
476 455 70 
161 374 227 
167 181 427 
89 66 265 
402 38 141 
245 24 306 
130 339 161 
384 298 64 
126 23 200 
45 419 170 
188 454 217 
260 18 96 
451 474 251 
363 383 195 
231 239 495 
287 264 40 
236 369 194 
362 440 254 
340 167 76 
318 140 295 
134 306 63 
38 109 17 
476 4 69 
209 303 35 
135 289 366 
375 291 236 
244 446 10 
421 18 68 
91 6 400 
436 388 237 
400 321 341 
429 389 334 
497 122 7 
341 238 291 
235 260 344 
16 316 320 
214 370 173 
205 174 99 
482 168 174 
284 397 309 
59 377 53 
83 109 243 
143 318 81 
205 36 254 
300 222 72 
105 354 159 
276 219 236 
249 40 419 
206 465 301 
195 156 300 
217 201 64 
40 134 84 
105 12 139 
418 284 404 
339 199 116 
132 296 156 
28 250 328 
219 104 209 
316 171 96 
185 452 92 
399 493 343 
7 176 424 
312 313 103 
7 135 86 
378 202 123 
481 166 238 
389 48 270 
318 369 265 
256 273 349 
244 160 419 
95 176 453 
121 152 37 
170 404 279 
305 98 434 
438 446 280 
487 317 424 
438 315 138 
196 369 26 
10 480 311 
490 327 212 
57 289 301 
106 488 426 
390 86 270 
21 154 136 
257 391 208 
170 361 496 
129 319 204 
116 195 290 
152 158 61 
133 476 332 
490 482 67 
337 135 191 
322 368 279 
318 373 417 
2 132 98 
462 178 262 
25 44 278 
471 376 478 
0 253 79 
382 355 136 
313 371 286 
181 7 410 
149 387 348 
105 313 29 
62 147 155 
498 487 141 
298 463 5 
295 481 383 
434 163 209 
81 147 175 
151 236 404 
314 16 407 
424 376 322 
241 303 263 
414 418 109 
55 148 293 
413 226 329 
371 420 262 
478 380 305 
343 139 134 
319 208 403 
337 318 22 
158 255 470 
312 419 273 
217 119 481 
303 451 98 
226 495 453 
119 132 451 
3 80 404 
145 355 316 
8 40 88 
305 256 365 
47 384 302 
49 498 193 
84 357 447 
329 275 463 
464 127 253 
172 481 122 
362 163 253 
241 244 307 
230 408 146 
91 393 271 
121 309 291 
57 347 184 
203 83 168 
30 101 301 
462 358 362 
218 432 405 
142 455 75 
180 183 433 
406 386 412 
180 160 327 
226 469 116 
155 130 100 
365 302 66 
327 188 318 
358 30 399 
164 52 367 
48 445 24 
76 11 4 
308 393 393 
229 175 444 
254 444 4 
183 438 211 
76 139 144 
54 6 475 
103 425 192 
77 467 473 
483 119 308 
137 366 91 
475 253 80 
160 474 388 
16 391 272 
334 363 81 
258 352 237 
44 313 200 
244 278 43 
42 422 42 
193 129 133 
413 358 277 
90 393 261 
429 364 106 
296 148 155 
451 127 321 
425 460 37 
267 433 29 
370 412 299 
289 293 222 
135 145 433 
320 82 89 
300 380 411 
350 239 342 
91 255 480 
216 244 26 
157 213 144 
35 371 187 
91 462 97 
442 363 269 
184 472 221 
10 283 195 
264 424 278 
130 72 342 
292 54 277 
228 178 70 
283 485 340 
254 20 14 
11 397 245 
425 53 110 
257 239 194 
325 226 384 
251 252 14 
341 69 460 
407 60 303 
143 163 292 
350 143 332 
180 351 392 
132 125 402 
136 341 332 
234 44 220 
355 140 496 
91 232 422 
148 85 268 
45 438 122 
469 247 303 
361 407 63 
141 7 398 
146 447 200 
129 148 429 
232 40 484 
352 64 315 
145 2 392 
2 210 479 
475 93 94 
491 362 157 
181 412 273 
214 398 340 
343 17 249 
96 69 61 
52 216 402 
13 139 342 
274 93 151 
107 161 414 
225 329 56 
81 391 144 
51 368 394 
288 230 288 
338 451 410 
27 389 253 
366 481 444 
147 484 63 
224 414 374 
376 427 262 
70 35 162 
187 75 239 
353 144 305 
314 307 209 
145 249 268 
335 138 265 
360 71 124 
362 49 301 
420 245 266 
317 482 184 
60 195 339 
267 305 143 
104 331 235 
491 368 166 
219 418 472 
138 84 383 
256 310 480 
446 186 199 
270 32 194 
348 332 313 
289 222 468 
435 416 464 
378 442 316 
362 6 63 
340 33 62 
350 403 85 
394 380 125 
440 264 231 
132 44 465 
268 284 128 
316 419 412 
29 304 38 
269 230 74 
425 446 91 
218 190 205 
467 164 395 
356 368 257 
349 79 157 
48 344 471 
94 266 390 
265 173 106 
199 241 481 
483 139 153 
183 99 22 
346 318 3 
280 115 252 
145 272 262 
347 70 231 
495 18 484 
315 14 251 
314 434 477 
387 356 278 
104 478 182 
414 346 253 
255 335 113 
423 420 338 
269 167 345 
301 26 80 
44 377 193 
387 384 402 
466 453 221 
255 123 341 
427 262 355 
297 305 328 
406 298 269 
462 414 487 
430 191 53 
349 273 270 
6 445 128 
396 4 335 
476 355 342 
356 255 406 
205 488 348 
144 361 425 
23 121 498 
244 217 288 
338 297 308 
156 265 366 
175 175 350 
165 374 351 
54 327 121 
248 158 98 
103 358 349 
260 330 389 
499 394 401 
288 279 267 
499 298 440 
325 447 204 
202 186 117 
131 208 493 
41 127 238 
288 30 107 
487 117 302 
312 68 417 
201 219 139 
173 167 358 
175 173 455 
139 461 387 
395 384 205 
213 490 364 
67 267 298 
332 63 119 
151 14 448 
496 356 295 
266 430 317 
40 213 385 
85 10 159 
228 186 442 
295 88 75 
132 32 30 
290 293 28 
