1000
3
330 102 401 
270 58 257 
273 116 73 
119 484 458 
126 256 419 
255 404 274 
79 67 238 
160 485 262 
327 408 107 
466 248 18 
288 313 2 
389 290 426 
362 378 164 
267 439 140 
58 290 398 
79 129 437 
265 385 156 
306 342 147 
261 275 447 
220 49 90 
480 405 43 
39 85 137 
0 209 70 
224 236 115 
477 79 394 
120 382 111 
5 103 7 
452 299 473 
139 168 147 
174 322 424 
447 275 294 
351 213 488 
459 307 310 
73 382 417 
265 111 24 
362 151 300 
251 443 435 
107 99 406 
141 224 498 
247 136 196 
150 174 364 
65 239 43 
164 152 421 
242 477 279 
249 99 464 
419 456 431 
185 40 269 
289 228 217 
303 99 26 
366 339 4 
285 96 417 
95 305 232 
327 83 239 
160 246 259 
76 155 256 
225 419 400 
159 58 481 
359 60 444 
346 96 454 
297 297 13 
486 144 240 
270 58 414 
162 184 114 
263 153 143 
238 322 8 
157 363 3 
428 73 391 
21 91 285 
364 185 214 
8 245 146 
198 307 2 
469 18 343 
237 497 229 
452 107 229 
20 242 322 
203 488 361 
418 177 57 
443 483 186 
34 97 32 
458 468 402 
362 327 303 
314 296 49 
368 63 167 
397 265 250 
103 431 247 
216 245 137 
277 119 33 
316 232 153 
119 101 355 
441 181 65 
205 421 252 
199 437 480 
448 335 176 
200 35 485 
144 492 54 
71 310 229 
107 484 23 
167 355 466 
419 411 40 
179 101 95 
175 133 99 
298 307 199 
14 374 474 
468 100 76 
181 154 266 
79 124 15 
13 38 220 
274 341 8 
337 21 136 
190 89 232 
144 228 62 
469 432 320 
176 495 226 
32 53 34 
195 327 290 
224 212 12 
73 350 304 
166 257 285 
383 28 471 
428 89 249 
98 160 446 
472 341 472 
242 88 89 
410 364 282 
491 218 232 
92 421 379 
234 261 364 
344 451 374 
137 482 326 
137 485 279 
456 177 431 
118 488 371 
2 315 187 
140 177 181 
9 236 286 
257 189 115 
2 86 131 
111 214 62 
254 465 184 
392 86 61 
6 338 91 
161 233 231 
309 429 219 
423 357 115 
65 92 264 
146 107 22 
340 301 217 
121 219 214 
271 482 321 
296 395 168 
30 134 483 
446 320 277 
355 391 67 
382 472 113 
378 474 307 
442 50 448 
465 173 495 
477 467 298 
463 190 419 
466 140 101 
305 58 194 
317 276 65 
10 250 305 
65 42 478 
495 27 204 
291 426 44 
311 93 126 
290 481 227 
351 463 495 
330 325 276 
11 47 174 
93 255 202 
245 5 133 
395 188 362 
27 313 226 
307 385 82 
470 458 1 
443 384 405 
214 376 189 
316 278 200 
3 6 162 
91 234 210 
413 85 122 
485 56 425 
386 173 85 
454 491 124 
360 134 115 
143 123 332 
432 238 337 
392 213 275 
441 7 371 
355 189 467 
86 213 215 
202 378 469 
61 175 390 
243 489 251 
291 262 180 
207 70 0 
291 406 38 
18 220 33 
92 354 83 
330 333 52 
181 475 361 
133 202 397 
414 161 311 
65 209 112 
483 74 385 
438 495 22 
102 49 21 
475 309 356 
338 90 477 
65 401 310 
99 147 200 
294 147 83 
397 438 58 
393 326 428 
329 76 242 
157 304 366 
304 414 352 
273 218 384 
70 116 479 
40 440 130 
194 432 123 
138 327 320 
421 298 305 
244 330 494 
374 308 9 
486 274 122 
119 108 14 
39 302 253 
246 69 173 
282 91 253 
378 31 247 
98 151 107 
38 202 125 
232 457 61 
461 398 11 
423 265 11 
180 238 363 
11 271 374 
278 481 260 
306 386 466 
490 185 42 
260 163 29 
301 124 142 
67 338 75 
430 411 89 
371 429 331 
57 122 96 
477 316 43 
454 282 176 
0 105 7 
401 64 360 
442 412 55 
59 337 237 
212 425 283 
317 91 448 
480 200 100 
324 432 450 
64 13 351 
413 316 375 
84 438 139 
340 112 213 
17 481 446 
232 150 98 
274 217 23 
488 375 32 
381 454 478 
51 381 108 
469 127 49 
248 388 488 
34 202 115 
290 453 314 
325 88 455 
381 177 91 
197 421 160 
215 158 48 
267 477 45 
180 142 485 
270 289 286 
289 96 284 
404 459 117 
451 68 303 
376 70 241 
392 196 160 
294 108 145 
380 278 344 
331 219 329 
231 427 479 
68 428 48 
195 372 50 
199 414 358 
247 174 370 
302 277 461 
172 230 405 
139 274 365 
371 74 18 
362 180 324 
275 463 331 
130 95 416 
482 185 330 
66 316 367 
401 340 416 
92 319 85 
253 215 438 
442 57 252 
399 151 389 
256 155 190 
159 328 230 
369 251 335 
163 122 0 
423 462 92 
358 319 350 
208 481 202 
282 234 130 
84 138 338 
186 112 15 
52 325 58 
104 76 308 
263 258 18 
306 257 187 
402 349 109 
287 367 277 
341 336 108 
320 103 23 
196 272 145 
224 139 422 
377 310 370 
363 481 417 
258 308 381 
281 262 336 
2 300 283 
263 91 141 
75 112 129 
392 82 483 
100 78 295 
331 329 469 
27 454 29 
341 75 95 
389 485 1 
387 78 229 
178 238 499 
202 283 328 
225 29 370 
131 289 273 
319 39 354 
391 88 240 
394 364 303 
113 279 142 
283 242 261 
341 434 489 
70 341 213 
115 159 124 
441 265 84 
345 58 418 
23 60 35 
467 258 82 
211 422 469 
310 231 334 
58 282 88 
99 402 456 
495 334 90 
76 220 227 
432 439 316 
494 334 30 
431 158 343 
41 302 453 
266 359 339 
398 153 339 
111 188 73 
49 385 318 
19 131 93 
9 77 24 
122 410 351 
122 437 227 
413 100 100 
142 451 391 
460 359 396 
471 288 418 
100 238 178 
404 165 452 
95 156 57 
105 383 435 
39 260 191 
405 187 326 
209 223 71 
424 29 290 
241 82 473 
306 191 244 
98 276 235 
267 378 146 
179 1 120 
404 196 331 
187 212 128 
59 348 227 
469 102 234 
404 162 412 
355 338 337 
475 109 394 
3 315 238 
87 465 107 
478 433 172 
401 144 458 
103 284 176 
156 220 471 
364 228 381 
87 229 328 
318 458 277 
391 197 158 
27 6 484 
148 32 432 
435 66 245 
471 446 225 
94 50 468 
493 381 162 
99 367 204 
385 110 484 
406 383 493 
156 164 344 
143 6 341 
80 243 188 
339 45 361 
315 5 318 
75 231 430 
25 224 437 
496 147 478 
23 155 421 
490 250 112 
343 204 52 
395 209 419 
196 25 394 
27 413 383 
144 346 422 
196 267 18 
49 417 74 
398 221 471 
279 47 31 
153 476 230 
449 73 126 
56 372 362 
331 63 139 
9 273 255 
268 240 265 
228 81 75 
322 191 329 
130 165 268 
433 228 82 
52 479 47 
386 397 491 
144 81 292 
194 302 185 
216 315 111 
272 229 142 
31 234 100 
425 306 270 
79 413 357 
451 335 108 
457 72 40 
463 460 232 
29 51 316 
176 232 40 
98 127 157 
30 252 313 
92 477 252 
197 25 89 
9 8 236 
340 123 438 
442 382 423 
488 247 71 
485 477 150 
59 443 151 
196 172 307 
77 184 414 
328 206 28 
179 90 437 
265 214 440 
68 452 293 
160 256 34 
156 378 131 
402 403 325 
45 282 287 
299 137 164 
288 60 96 
170 59 243 
424 250 110 
213 495 204 
335 423 398 
446 450 446 
441 199 94 
362 405 363 
7 28 229 
131 53 222 
36 404 238 
429 303 435 
398 109 319 
68 312 282 
137 300 230 
26 234 466 
130 163 499 
344 191 119 
134 480 147 
411 124 345 
146 490 210 
265 197 375 
430 298 394 
306 174 20 
91 8 13 
207 91 376 
75 332 220 
43 56 14 
159 396 101 
132 451 421 
66 390 412 
136 235 265 
277 413 478 
404 4 413 
119 369 369 
419 474 241 
151 279 366 
432 278 449 
124 41 252 
419 179 103 
131 195 131 
424 439 72 
229 94 181 
256 298 72 
95 96 256 
255 489 24 
117 16 41 
25 223 442 
195 245 157 
392 343 335 
145 121 27 
312 396 383 
134 274 318 
183 327 23 
282 220 264 
302 326 278 
450 494 253 
370 210 248 
254 131 23 
40 425 188 
291 243 208 
282 483 77 
408 285 30 
434 491 168 
122 278 126 
9 391 286 
269 134 90 
378 394 15 
162 262 447 
218 257 145 
179 173 381 
497 499 254 
455 257 251 
340 26 443 
144 134 190 
138 291 74 
479 137 168 
76 52 91 
168 272 104 
268 241 467 
239 317 379 
206 280 23 
256 198 80 
52 102 56 
47 459 61 
127 423 55 
316 113 124 
124 416 71 
392 49 396 
333 328 282 
1 390 124 
399 258 212 
361 238 477 
133 436 263 
207 426 44 
112 186 185 
273 263 349 
267 379 41 
33 194 269 
5 97 302 
91 276 155 
331 436 339 
123 147 379 
462 215 410 
272 93 157 
174 322 340 
122 367 168 
224 495 255 
96 145 375 
335 497 191 
419 22 429 
198 67 366 
171 238 18 
162 384 331 
249 283 369 
6 237 128 
393 41 130 
485 167 58 
76 458 166 
472 442 349 
99 369 91 
238 473 496 
316 380 297 
195 419 198 
332 233 98 
188 121 255 
417 299 299 
136 110 271 
97 120 315 
300 130 149 
17 345 487 
382 179 170 
296 189 471 
47 194 79 
31 179 116 
404 33 159 
301 219 471 
496 311 342 
469 161 175 
262 29 481 
439 394 373 
29 57 355 
45 89 421 
371 28 369 
46 93 113 
24 459 419 
175 429 298 
179 142 291 
335 229 333 
187 198 377 
180 104 498 
498 194 371 
141 410 9 
312 141 181 
83 237 173 
413 393 470 
94 200 220 
451 30 174 
323 407 463 
174 484 78 
350 460 270 
469 134 352 
64 61 323 
178 77 78 
223 430 412 
163 315 384 
308 0 413 
94 180 80 
143 465 288 
41 20 384 
447 317 99 
311 14 482 
164 410 139 
129 279 260 
411 108 108 
427 450 136 
301 261 157 
144 287 492 
238 320 167 
283 460 24 
402 149 210 
263 465 31 
413 1 351 
142 362 222 
73 311 254 
454 495 393 
126 394 277 
37 460 232 
309 415 451 
319 336 460 
495 33 384 
444 28 474 
188 24 461 
311 476 326 
478 392 13 
456 139 248 
237 314 184 
279 420 163 
117 264 422 
424 211 293 
177 73 122 
140 75 240 
430 46 64 
480 309 251 
226 324 439 
72 243 274 
205 173 101 
359 472 90 
298 279 177 
497 102 53 
166 299 389 
405 396 205 
278 471 337 
249 182 190 
441 486 438 
197 257 84 
263 133 404 
334 248 264 
313 94 84 
66 35 283 
135 339 291 
355 6 465 
161 315 114 
211 342 248 
64 415 322 
48 48 69 
435 350 1 
226 320 326 
486 93 196 
66 344 43 
431 318 194 
198 124 271 
495 192 73 
215 290 2 
268 144 123 
341 211 200 
227 412 274 
421 426 412 
354 318 274 
361 398 483 
259 495 246 
421 270 450 
347 226 447 
254 125 484 
371 350 109 
356 428 107 
140 115 135 
386 438 229 
280 268 40 
38 120 386 
12 470 250 
137 295 57 
388 458 189 
240 228 388 
48 243 272 
168 275 4 
17 390 2 
205 137 58 
487 90 324 
33 441 66 
317 495 445 
288 323 261 
298 273 91 
100 265 329 
57 325 494 
480 86 280 
0 88 184 
93 19 245 
133 458 45 
384 163 319 
438 181 365 
167 431 407 
207 272 419 
310 357 459 
49 266 278 
321 116 234 
428 382 160 
388 355 473 
109 192 334 
137 115 48 
351 163 481 
311 459 391 
167 201 35 
458 295 164 
370 146 319 
489 283 14 
69 166 283 
462 173 277 
443 261 32 
217 325 138 
34 276 353 
244 121 94 
184 484 105 
9 13 97 
189 354 91 
499 240 236 
435 429 453 
368 258 376 
121 321 185 
1 246 418 
157 386 274 
246 186 99 
198 496 343 
440 17 467 
151 491 413 
226 71 452 
440 186 152 
384 436 376 
282 31 437 
26 224 70 
77 353 343 
498 291 249 
444 295 85 
422 385 196 
191 272 23 
104 43 189 
431 182 83 
107 481 14 
223 73 175 
321 105 139 
351 239 212 
350 306 380 
56 493 77 
452 200 251 
113 12 154 
350 187 459 
308 38 411 
241 316 463 
282 472 241 
275 308 180 
65 468 104 
113 400 494 
159 221 450 
22 243 227 
54 8 160 
80 215 63 
282 96 47 
367 194 49 
268 498 407 
125 322 80 
325 434 492 
265 237 327 
275 433 473 
321 429 97 
420 435 108 
465 317 292 
30 274 95 
448 161 68 
364 326 491 
64 444 441 
271 482 323 
413 76 339 
372 473 387 
55 25 312 
109 80 274 
457 8 261 
149 492 154 
135 448 310 
480 471 78 
436 177 350 
89 377 255 
113 126 418 
75 124 92 
68 112 151 
146 461 310 
365 215 260 
149 129 167 
479 365 410 
56 290 166 
250 108 375 
173 19 46 
392 50 195 
77 453 322 
410 100 351 
208 302 381 
218 239 135 
133 56 439 
373 360 55 
441 251 250 
1 490 454 
65 22 400 
47 464 267 
496 306 169 
154 4 464 
390 3 213 
319 269 486 
173 18 434 
98 18 396 
120 54 407 
198 180 135 
441 334 498 
167 178 450 
173 101 158 
486 353 233 
94 390 317 
247 230 340 
323 216 220 
134 461 438 
111 155 298 
242 159 320 
237 263 10 
495 406 368 
419 248 486 
170 455 81 
226 466 357 
424 429 408 
152 474 75 
342 248 67 
393 418 41 
490 366 137 
344 148 129 
337 153 349 
334 391 155 
486 239 151 
239 372 191 
217 499 290 
462 260 389 
332 188 98 
80 106 416 
208 233 140 
465 88 264 
106 108 469 
82 479 437 
102 301 246 
188 368 251 
430 73 77 
404 185 180 
134 15 284 
66 245 266 
441 241 156 
261 86 239 
391 481 290 
286 244 341 
482 220 18 
294 338 62 
443 201 17 
371 212 418 
391 235 303 
81 435 194 
103 408 138 
292 257 355 
183 23 154 
328 240 495 
70 195 158 
450 407 314 
213 351 182 
408 474 486 
408 447 174 
186 249 144 
76 268 356 
275 356 412 
283 483 309 
117 209 472 
212 51 61 
172 306 96 
333 345 499 
280 409 401 
221 345 335 
120 229 467 
280 207 12 
3 60 414 
103 495 263 
407 149 354 
156 119 443 
154 468 46 
359 182 352 
247 380 142 
275 310 321 
129 411 317 
132 413 443 
38 463 496 
439 159 3 
296 8 221 
26 10 474 
179 467 192 
420 243 392 
479 372 239 
236 215 288 
109 171 158 
477 253 403 
352 306 33 
337 90 253 
468 109 43 
254 176 134 
456 157 21 
118 181 431 
138 235 303 
201 434 372 
113 401 13 
98 227 429 
34 87 409 
246 325 489 
374 270 126 
99 400 406 
180 78 249 
148 337 447 
313 365 55 
306 463 238 
484 114 2 
225 135 440 
200 3 14 
426 342 382 
121 479 15 
181 333 491 
183 168 18 
122 476 174 
346 306 232 
152 427 385 
439 305 220 
448 460 493 
469 379 422 
175 430 206 
272 58 345 
393 78 232 
368 156 304 
58 233 193 
282 480 270 
264 30 339 
