1000
3
414 447 441 
152 155 17 
403 188 336 
417 164 339 
168 103 435 
374 378 285 
8 187 256 
54 272 201 
493 204 55 
359 476 347 
466 141 473 
474 208 83 
98 435 204 
445 447 179 
366 480 378 
496 31 54 
470 306 91 
497 239 149 
367 374 128 
9 347 376 
241 41 22 
153 416 310 
424 149 322 
320 34 110 
194 291 310 
297 459 276 
117 198 52 
146 162 136 
378 57 496 
268 389 274 
229 423 187 
240 251 103 
175 200 319 
370 177 299 
436 383 387 
290 393 135 
12 159 317 
375 89 295 
178 160 230 
48 80 187 
430 4 179 
140 391 237 
274 468 437 
360 236 338 
247 116 51 
343 241 476 
408 68 468 
362 130 445 
191 403 417 
385 222 312 
271 169 330 
458 39 371 
241 262 270 
335 247 61 
411 133 426 
116 318 270 
251 340 34 
194 248 99 
189 91 342 
295 445 323 
330 396 132 
176 420 458 
204 376 51 
289 365 161 
414 77 396 
475 257 474 
379 357 287 
148 279 311 
227 384 157 
237 328 119 
389 174 475 
425 188 80 
350 378 34 
463 240 241 
244 469 196 
50 328 32 
477 482 379 
376 403 174 
227 221 469 
145 60 453 
72 134 161 
386 277 482 
495 234 266 
147 389 384 
117 275 74 
432 358 397 
194 113 320 
100 205 238 
436 43 198 
302 123 48 
475 364 13 
441 17 364 
310 247 432 
65 169 285 
5 188 464 
286 361 413 
148 429 389 
12 490 41 
463 12 282 
483 85 172 
396 483 109 
472 85 197 
93 130 353 
116 336 118 
419 276 19 
241 428 98 
82 133 178 
304 91 450 
470 268 338 
329 25 29 
470 270 472 
1 204 85 
34 211 78 
217 475 426 
387 285 4 
355 273 472 
222 247 316 
240 104 396 
487 255 40 
253 498 342 
33 39 427 
151 436 327 
465 278 370 
42 210 137 
2 400 280 
461 244 316 
221 465 105 
22 29 113 
242 298 254 
396 136 221 
162 386 382 
203 335 401 
60 160 303 
352 207 425 
235 43 37 
146 472 394 
327 281 458 
180 206 393 
62 20 483 
446 130 407 
496 167 99 
82 396 338 
434 467 63 
304 443 290 
162 179 160 
357 169 248 
3 69 485 
202 56 474 
16 243 338 
62 113 219 
276 206 493 
163 316 141 
387 395 196 
469 441 239 
353 385 427 
17 469 5 
449 147 428 
226 261 69 
384 149 111 
345 262 299 
199 211 157 
463 489 417 
366 224 194 
416 246 303 
98 129 144 
105 426 486 
423 461 382 
94 56 416 
217 296 460 
162 400 133 
474 38 108 
484 332 163 
259 454 273 
186 315 371 
318 196 363 
51 282 420 
339 300 64 
439 115 85 
419 399 75 
368 266 246 
466 330 421 
400 285 447 
425 111 152 
269 312 432 
108 113 494 
210 160 176 
368 197 246 
37 190 117 
212 385 308 
113 288 365 
269 387 366 
304 329 484 
150 48 372 
137 35 218 
304 362 223 
30 469 356 
396 121 5 
18 154 218 
43 285 390 
341 400 495 
85 295 460 
490 131 296 
367 371 483 
454 382 243 
228 233 129 
274 98 213 
283 50 471 
285 295 335 
297 231 285 
433 240 201 
183 428 300 
109 429 132 
225 120 98 
224 245 2 
413 400 172 
11 327 259 
2 224 496 
480 409 44 
146 317 441 
220 3 227 
215 293 140 
433 342 25 
364 291 449 
435 296 376 
305 481 483 
379 79 47 
349 295 35 
181 80 362 
35 190 316 
496 248 440 
462 201 190 
338 72 381 
163 173 203 
497 371 382 
457 162 62 
216 98 98 
171 14 487 
139 109 229 
295 316 145 
391 243 431 
288 429 168 
5 289 455 
22 265 47 
57 484 332 
73 415 339 
351 347 466 
148 244 263 
114 83 330 
360 87 190 
278 18 364 
187 210 462 
81 198 166 
13 100 103 
436 462 47 
105 358 193 
273 412 450 
240 161 217 
252 100 113 
187 312 331 
293 268 68 
222 340 490 
431 98 341 
81 84 141 
218 131 140 
411 373 16 
394 87 44 
228 128 216 
87 187 124 
128 398 451 
346 388 413 
413 366 350 
268 298 159 
224 116 232 
386 110 152 
434 125 484 
353 116 475 
26 108 385 
309 493 378 
291 51 202 
70 101 328 
194 432 53 
381 417 490 
123 360 432 
79 211 26 
163 274 435 
360 63 225 
353 359 62 
122 189 472 
225 154 446 
421 15 452 
55 289 236 
94 136 275 
27 420 143 
82 414 67 
474 443 477 
336 79 213 
314 269 468 
365 88 165 
96 129 385 
421 107 77 
86 388 117 
178 307 155 
459 197 405 
190 140 140 
90 158 1 
45 206 279 
397 379 67 
23 223 156 
7 318 331 
469 197 245 
449 125 464 
74 281 242 
416 18 432 
47 394 330 
454 307 315 
336 309 124 
101 262 86 
494 427 289 
120 250 455 
455 90 212 
213 207 50 
228 324 247 
185 214 489 
172 133 126 
419 10 54 
311 163 259 
153 108 203 
449 78 31 
355 196 466 
498 485 362 
169 41 281 
479 374 250 
150 222 341 
246 175 377 
213 444 23 
425 168 134 
4 489 300 
341 454 185 
305 490 369 
84 317 56 
128 174 175 
192 413 433 
295 3 55 
199 275 328 
46 265 408 
122 407 451 
244 19 148 
435 404 51 
438 400 330 
354 329 309 
221 348 353 
344 129 118 
137 212 471 
427 270 46 
461 339 362 
43 206 321 
210 65 173 
484 93 309 
200 254 138 
120 62 12 
465 118 498 
218 231 359 
275 363 361 
242 112 470 
4 72 203 
45 15 205 
203 327 420 
354 232 329 
24 251 437 
122 174 161 
72 143 272 
388 212 77 
499 171 300 
14 16 49 
200 68 244 
460 86 202 
52 301 436 
441 290 410 
341 363 385 
104 93 11 
455 109 165 
440 478 43 
124 371 292 
248 453 312 
252 377 46 
417 278 398 
178 115 123 
352 139 276 
43 462 151 
330 192 209 
330 157 364 
354 53 390 
210 427 57 
111 106 151 
473 480 275 
208 146 85 
331 371 255 
320 90 45 
78 330 107 
88 323 137 
353 274 374 
48 197 448 
259 206 250 
303 114 229 
138 27 181 
179 487 268 
144 289 98 
494 184 48 
499 402 320 
209 159 66 
112 432 172 
427 435 300 
155 425 4 
131 408 477 
185 370 163 
280 157 365 
446 306 269 
79 104 15 
70 55 280 
341 61 296 
247 148 239 
408 412 311 
312 97 230 
183 0 450 
273 131 294 
240 333 10 
393 324 113 
206 196 124 
12 302 205 
231 366 307 
65 162 409 
44 492 341 
123 124 217 
172 72 441 
338 2 358 
178 275 272 
105 34 444 
475 52 104 
32 380 294 
108 300 29 
454 92 41 
365 288 456 
299 486 19 
432 315 219 
96 59 235 
328 369 289 
414 250 103 
7 479 240 
499 107 155 
60 319 356 
248 171 170 
143 427 247 
77 379 163 
84 18 232 
300 391 87 
162 311 4 
91 234 493 
358 1 241 
401 171 414 
165 352 158 
90 114 180 
73 191 329 
437 190 362 
162 273 274 
234 195 258 
280 243 449 
97 197 72 
247 70 28 
202 33 407 
61 193 276 
448 499 0 
295 169 150 
0 115 394 
217 167 24 
268 157 428 
359 372 275 
87 0 302 
435 347 357 
48 24 167 
106 117 406 
47 169 289 
304 48 73 
187 339 267 
450 30 400 
270 381 237 
412 380 334 
282 462 48 
267 174 187 
490 336 439 
11 258 496 
251 453 214 
115 12 383 
463 3 42 
44 251 97 
25 270 78 
189 428 472 
282 73 20 
499 273 115 
8 393 416 
271 463 319 
379 440 212 
138 328 451 
318 249 231 
286 461 467 
87 87 116 
177 176 184 
372 104 138 
120 238 24 
455 231 17 
272 164 304 
389 145 468 
292 32 478 
259 90 338 
239 203 248 
448 447 49 
207 37 148 
98 291 282 
141 420 486 
460 7 189 
312 137 176 
328 185 63 
446 108 418 
261 145 329 
198 200 475 
336 316 401 
130 67 370 
186 199 48 
297 118 323 
84 128 219 
318 491 152 
435 219 302 
151 131 260 
316 258 173 
182 295 407 
184 127 172 
198 474 416 
107 372 466 
58 200 363 
224 285 82 
363 86 147 
406 105 128 
202 59 469 
52 237 466 
46 225 370 
453 395 131 
465 303 462 
28 22 391 
16 409 277 
121 76 115 
15 197 248 
125 140 325 
258 84 368 
464 357 398 
139 242 440 
364 24 203 
192 291 311 
264 33 26 
324 220 336 
223 296 80 
24 115 398 
83 490 332 
71 29 332 
82 494 367 
105 341 240 
359 475 455 
353 449 111 
378 132 227 
274 345 121 
106 26 20 
323 219 323 
330 282 338 
248 163 214 
105 425 27 
171 65 338 
438 362 185 
283 246 284 
251 308 314 
83 409 285 
297 125 89 
443 325 350 
350 161 258 
134 275 353 
142 27 293 
299 98 421 
458 332 399 
255 212 349 
152 54 17 
15 461 94 
389 251 469 
17 77 90 
444 77 192 
39 63 166 
318 310 354 
277 394 266 
61 292 145 
202 254 205 
486 316 346 
27 391 447 
175 56 184 
35 318 189 
106 21 291 
436 365 136 
319 195 364 
327 218 344 
156 184 473 
305 300 270 
198 98 344 
96 288 161 
440 85 318 
485 341 441 
428 92 439 
210 9 79 
257 321 12 
341 55 39 
297 475 281 
91 41 471 
346 382 279 
304 344 362 
433 123 430 
185 463 216 
380 462 486 
331 34 398 
494 390 150 
488 178 239 
167 380 449 
396 67 282 
123 99 266 
7 441 369 
365 153 34 
183 39 107 
99 51 258 
300 113 265 
81 185 130 
333 65 431 
243 38 278 
116 298 278 
398 269 88 
449 497 213 
436 232 248 
109 391 5 
392 487 412 
489 138 421 
405 431 30 
443 418 473 
436 58 240 
93 375 444 
142 417 333 
193 159 208 
172 431 189 
189 40 78 
475 42 457 
0 160 26 
112 429 497 
308 127 111 
112 12 474 
323 436 409 
346 215 362 
365 148 365 
386 60 277 
186 343 39 
109 89 339 
254 14 491 
330 318 397 
26 178 237 
201 274 350 
83 172 220 
45 241 390 
495 383 434 
115 305 26 
38 393 494 
261 436 496 
49 302 384 
495 192 447 
73 385 402 
20 69 240 
380 303 479 
473 32 480 
114 181 306 
356 136 496 
374 414 22 
120 319 249 
455 221 422 
426 117 188 
342 393 255 
298 44 22 
101 340 73 
59 446 238 
387 109 16 
389 285 181 
402 212 339 
252 355 230 
277 130 16 
462 260 0 
344 425 71 
98 220 467 
481 221 404 
81 464 274 
373 45 134 
91 230 463 
336 62 95 
333 484 221 
314 347 115 
105 399 361 
28 291 293 
170 301 52 
460 309 156 
197 367 123 
3 160 93 
165 12 415 
348 159 211 
455 436 494 
61 20 302 
403 19 56 
124 210 133 
125 438 146 
89 397 427 
162 321 9 
22 137 240 
246 164 467 
1 232 251 
341 297 124 
34 332 487 
478 140 457 
314 285 59 
172 492 367 
464 163 43 
116 373 302 
472 182 228 
405 363 119 
280 290 114 
172 138 277 
367 314 89 
98 417 43 
431 331 267 
98 76 115 
95 53 306 
31 38 225 
158 191 245 
468 53 6 
186 238 55 
35 397 209 
67 499 349 
176 129 489 
419 134 24 
135 33 477 
83 252 188 
426 453 240 
152 16 38 
60 117 342 
194 303 136 
437 443 204 
460 479 91 
67 39 110 
26 99 397 
48 402 159 
327 337 12 
74 314 491 
368 496 275 
274 161 330 
247 245 463 
397 352 135 
66 296 299 
167 304 489 
4 304 208 
59 388 293 
410 257 130 
330 127 302 
290 55 285 
100 244 65 
43 271 184 
368 111 461 
47 97 438 
416 272 465 
350 8 78 
390 483 175 
311 144 279 
266 434 245 
196 183 103 
199 300 428 
115 63 217 
295 27 444 
147 393 264 
49 357 455 
313 405 220 
382 279 60 
24 463 447 
486 470 126 
287 272 371 
489 217 271 
114 132 79 
363 281 269 
228 269 266 
306 349 401 
25 34 21 
186 363 373 
476 187 201 
395 126 167 
167 265 380 
341 192 385 
176 179 458 
28 401 297 
0 93 315 
375 369 328 
72 411 41 
20 141 452 
314 462 496 
49 491 360 
390 230 493 
307 230 75 
95 26 353 
486 17 328 
473 209 451 
140 48 305 
79 199 210 
405 377 305 
368 65 194 
50 161 32 
471 122 154 
72 328 428 
309 94 45 
33 86 268 
291 467 411 
352 100 141 
352 376 73 
222 39 162 
328 142 150 
207 154 167 
117 463 139 
119 455 177 
253 388 453 
54 20 453 
82 479 247 
279 215 448 
200 496 270 
427 482 455 
371 183 292 
70 375 435 
247 58 245 
478 485 269 
239 220 332 
470 130 139 
73 42 250 
105 382 202 
300 195 56 
438 219 299 
367 177 157 
222 168 386 
475 284 316 
99 273 86 
319 68 348 
346 228 136 
3 14 353 
389 384 99 
491 214 467 
408 158 262 
185 4 431 
23 99 73 
236 33 31 
3 330 402 
404 141 262 
83 394 127 
366 192 373 
61 434 445 
203 396 426 
457 388 163 
348 361 42 
142 139 199 
59 2 420 
131 310 288 
180 238 12 
173 387 250 
11 194 309 
328 376 158 
213 255 231 
57 453 168 
363 252 340 
414 214 436 
19 479 78 
383 116 333 
437 106 35 
57 339 136 
177 466 125 
184 149 50 
376 288 331 
314 269 202 
473 7 319 
351 20 458 
119 14 126 
164 7 295 
260 390 87 
322 139 338 
362 112 331 
334 83 373 
116 99 392 
415 394 86 
471 102 141 
254 266 117 
415 147 423 
90 456 434 
391 2 403 
143 92 260 
275 352 384 
208 147 43 
102 328 371 
415 129 251 
364 432 324 
90 406 45 
486 13 84 
176 425 102 
202 209 99 
368 439 367 
292 399 327 
248 455 184 
183 8 81 
234 1 282 
151 81 15 
79 401 250 
271 100 300 
230 229 478 
313 115 308 
153 328 34 
36 62 19 
236 5 371 
297 433 305 
405 284 490 
480 416 286 
199 9 156 
344 241 65 
343 455 122 
172 372 320 
344 73 34 
57 31 108 
209 366 71 
10 403 155 
157 472 303 
39 98 184 
137 142 115 
368 286 360 
464 435 385 
289 260 455 
163 217 382 
57 284 449 
30 208 300 
28 291 120 
417 245 374 
495 146 338 
444 238 133 
314 180 234 
205 345 427 
259 328 368 
9 469 269 
440 385 442 
358 19 197 
152 485 454 
105 23 113 
470 407 400 
20 126 192 
433 215 19 
406 26 482 
387 177 421 
422 257 427 
386 249 441 
328 461 150 
8 451 360 
334 454 361 
6 243 8 
464 430 391 
134 167 454 
205 197 437 
119 144 163 
235 206 129 
448 188 130 
292 317 320 
321 198 60 
225 288 111 
270 258 446 
319 97 245 
237 79 147 
393 25 213 
188 241 231 
244 496 89 
410 163 488 
470 104 173 
163 129 87 
160 202 129 
276 71 98 
317 310 336 
498 130 161 
459 423 278 
101 204 267 
163 37 349 
107 430 24 
233 462 19 
150 201 60 
470 138 462 
44 265 81 
318 180 14 
167 64 7 
364 114 7 
88 341 190 
