1000
3
60 339 280 
414 171 8 
291 127 392 
249 352 49 
67 292 419 
197 255 456 
237 295 418 
266 126 175 
478 181 207 
276 57 119 
230 115 0 
299 400 17 
146 107 134 
334 346 312 
88 69 383 
401 271 194 
369 73 353 
272 432 241 
418 488 307 
274 434 207 
195 492 14 
498 115 207 
317 409 194 
99 353 435 
67 247 74 
300 448 432 
247 289 14 
441 303 180 
457 295 131 
133 321 165 
464 406 397 
461 351 407 
479 71 430 
485 269 167 
325 173 343 
91 413 217 
115 140 14 
115 315 125 
271 75 336 
286 153 466 
168 419 444 
301 6 333 
66 480 378 
182 486 299 
309 280 205 
208 26 320 
133 68 163 
173 454 240 
196 440 390 
489 94 197 
319 469 96 
163 244 425 
346 416 155 
45 98 129 
151 306 470 
9 3 261 
212 286 294 
357 341 40 
361 371 96 
385 6 390 
86 189 346 
117 25 39 
20 124 146 
367 261 163 
292 296 308 
346 395 146 
112 460 429 
224 372 480 
64 495 215 
309 237 343 
325 250 257 
368 218 232 
355 369 286 
396 14 185 
389 17 481 
450 410 255 
408 35 431 
360 493 179 
484 449 209 
104 61 325 
218 483 110 
101 250 141 
390 142 74 
182 391 287 
12 34 99 
276 175 117 
335 118 270 
389 189 354 
372 91 348 
248 119 479 
431 460 222 
1 21 383 
441 480 359 
484 437 194 
48 479 10 
267 310 96 
203 147 409 
129 320 3 
426 213 273 
208 206 389 
466 78 177 
429 411 476 
310 356 271 
50 285 370 
170 289 264 
102 480 398 
295 72 484 
317 38 381 
74 437 57 
78 482 69 
453 452 103 
43 366 61 
211 257 445 
228 347 266 
183 371 143 
222 463 274 
201 458 497 
172 84 215 
84 238 321 
24 455 376 
325 204 285 
361 137 290 
419 83 151 
329 114 107 
146 428 322 
387 486 6 
433 161 377 
284 81 394 
46 468 74 
224 113 282 
16 464 39 
395 470 404 
296 341 327 
200 239 186 
174 485 391 
100 389 240 
409 129 258 
469 177 89 
231 395 210 
61 36 283 
144 201 335 
386 5 71 
368 341 53 
54 335 408 
291 308 52 
359 419 339 
69 271 21 
103 59 216 
388 434 179 
381 107 230 
291 272 256 
93 226 37 
101 207 488 
404 0 60 
483 357 139 
289 96 271 
128 76 222 
494 302 404 
326 472 331 
147 96 180 
450 411 337 
137 209 200 
246 429 304 
409 176 421 
392 379 443 
370 251 295 
154 66 125 
167 140 337 
324 163 237 
84 461 326 
158 291 440 
64 316 127 
318 384 410 
343 386 95 
18 112 313 
400 70 157 
195 211 378 
29 183 169 
350 339 227 
89 427 67 
450 181 179 
23 459 84 
27 335 35 
316 364 115 
278 366 105 
286 139 46 
269 290 475 
297 0 470 
464 444 349 
397 439 322 
412 347 331 
95 297 207 
408 409 94 
323 129 493 
452 348 42 
438 49 353 
363 145 327 
306 194 24 
165 114 348 
410 120 102 
299 146 472 
39 115 48 
149 336 311 
409 153 332 
251 462 143 
430 277 438 
299 414 309 
393 217 497 
242 490 400 
226 422 387 
400 335 245 
380 328 291 
107 433 58 
38 208 312 
240 31 126 
71 333 122 
302 276 25 
50 320 167 
235 118 373 
205 405 180 
186 49 265 
156 319 497 
370 187 470 
408 129 83 
379 176 148 
378 309 320 
130 40 247 
386 225 383 
24 226 48 
246 300 354 
52 246 409 
398 75 40 
471 177 300 
279 116 284 
474 310 408 
83 367 243 
364 494 253 
119 310 329 
277 150 293 
174 217 384 
215 189 369 
82 458 454 
333 267 415 
180 169 238 
54 434 248 
293 354 490 
227 388 132 
99 415 364 
28 320 127 
40 56 164 
398 53 411 
37 440 118 
321 135 495 
6 376 122 
457 102 315 
416 212 232 
103 149 3 
399 336 478 
428 390 66 
133 386 295 
269 39 166 
72 94 191 
122 292 159 
223 271 49 
6 66 132 
282 436 485 
450 276 185 
84 407 291 
9 364 123 
198 246 446 
279 185 387 
483 138 494 
449 371 489 
122 248 333 
87 391 181 
93 426 298 
164 497 317 
221 394 330 
387 95 494 
51 57 479 
429 348 380 
120 294 368 
358 118 243 
421 251 131 
250 437 72 
20 69 223 
207 2 275 
437 402 150 
480 397 171 
189 7 166 
489 118 422 
415 347 366 
231 143 481 
361 422 61 
427 214 143 
196 53 289 
74 92 456 
115 210 287 
157 284 364 
375 384 444 
297 161 185 
170 479 458 
326 137 381 
11 412 150 
61 334 161 
205 187 241 
347 346 16 
483 484 399 
280 385 41 
286 118 272 
313 123 395 
292 79 184 
291 95 27 
87 108 136 
107 82 47 
170 153 275 
181 252 86 
466 315 22 
427 3 234 
95 191 168 
326 258 489 
48 470 120 
491 352 254 
460 449 123 
409 155 477 
309 422 319 
240 208 417 
154 37 370 
134 15 73 
235 243 448 
359 64 332 
159 126 206 
29 132 186 
57 195 46 
88 428 399 
62 295 314 
200 429 40 
471 192 157 
1 309 215 
162 294 411 
360 383 300 
331 476 341 
364 337 464 
425 384 143 
223 89 101 
320 19 395 
13 293 98 
274 419 290 
237 147 458 
324 256 361 
242 83 79 
399 11 91 
494 425 225 
261 300 450 
473 487 19 
280 30 430 
292 42 26 
71 57 220 
328 220 193 
136 475 382 
122 74 482 
396 283 461 
60 352 369 
46 478 473 
393 134 412 
85 413 16 
257 449 430 
125 207 360 
347 324 315 
241 371 466 
297 188 465 
303 237 356 
133 39 394 
338 111 143 
464 339 405 
312 449 0 
210 393 101 
387 106 410 
436 203 277 
90 44 485 
447 163 264 
205 430 62 
39 52 300 
116 62 79 
402 491 66 
458 222 369 
178 180 498 
479 405 347 
160 425 28 
284 54 166 
168 368 38 
490 375 426 
35 163 120 
377 189 452 
316 414 348 
375 468 74 
60 303 289 
262 237 206 
76 357 178 
216 92 400 
320 355 373 
210 19 268 
447 334 324 
176 168 341 
302 72 311 
73 351 487 
90 307 126 
457 283 22 
99 333 423 
481 70 365 
19 147 302 
214 453 407 
471 28 75 
22 159 495 
179 217 302 
271 100 292 
252 434 196 
425 388 368 
431 147 140 
478 303 479 
100 35 387 
440 344 259 
399 239 69 
94 437 58 
419 469 358 
342 298 449 
310 368 435 
402 370 144 
259 162 118 
158 463 359 
489 83 359 
430 121 120 
389 370 54 
490 397 242 
23 41 332 
6 335 466 
397 479 435 
469 136 345 
385 265 74 
401 216 314 
162 464 420 
305 75 143 
116 370 6 
343 261 36 
116 284 249 
467 141 434 
476 15 324 
100 44 154 
91 228 436 
242 173 304 
20 188 267 
343 323 81 
337 201 402 
259 16 193 
145 117 289 
437 484 337 
139 32 184 
35 458 464 
152 243 184 
479 439 336 
221 124 224 
208 424 458 
48 355 448 
360 364 483 
489 17 111 
466 273 464 
76 367 279 
57 483 168 
83 299 333 
301 246 469 
322 343 182 
108 149 252 
291 358 299 
407 129 245 
294 340 78 
491 476 5 
319 402 393 
388 111 85 
321 492 208 
313 456 264 
267 140 249 
71 182 440 
174 111 173 
223 454 213 
123 490 55 
269 11 427 
447 39 479 
150 86 465 
48 348 55 
153 296 239 
248 423 417 
498 432 233 
443 404 465 
7 134 77 
91 253 446 
125 0 12 
192 24 48 
380 282 163 
404 85 6 
390 7 158 
128 61 63 
279 266 23 
60 227 333 
41 442 320 
450 63 120 
351 415 250 
48 217 193 
88 147 281 
355 52 226 
273 461 270 
63 306 106 
361 330 227 
272 449 183 
418 43 249 
79 195 13 
406 355 260 
201 471 112 
453 202 417 
20 156 27 
66 298 332 
261 273 130 
499 105 377 
216 412 412 
183 167 171 
485 331 194 
24 51 470 
115 70 409 
326 388 148 
194 423 371 
446 169 463 
441 11 70 
387 80 412 
107 168 291 
341 143 460 
335 44 68 
360 111 134 
264 299 224 
390 402 306 
491 373 323 
480 149 48 
109 350 66 
425 328 64 
229 109 332 
86 448 387 
287 253 495 
46 339 466 
312 93 15 
481 402 180 
76 428 110 
480 436 434 
37 304 456 
348 3 35 
10 419 330 
226 68 272 
146 457 264 
294 52 342 
103 144 367 
366 54 211 
194 297 200 
146 1 267 
292 7 430 
128 138 347 
285 416 386 
157 45 478 
224 128 418 
368 40 354 
140 182 163 
454 208 197 
175 294 234 
271 401 278 
464 247 228 
205 275 86 
425 233 107 
473 70 174 
312 59 496 
201 448 220 
318 494 317 
312 483 369 
308 177 120 
214 352 75 
56 304 326 
202 220 268 
65 416 307 
89 434 466 
395 202 14 
392 403 212 
111 324 310 
31 305 430 
476 260 191 
415 263 103 
231 178 288 
434 447 36 
321 246 437 
148 288 332 
30 366 261 
373 43 333 
385 63 296 
248 287 246 
410 258 409 
19 413 366 
41 4 35 
194 313 158 
121 256 477 
281 367 256 
423 329 334 
437 153 26 
139 230 27 
137 331 41 
467 382 375 
159 295 134 
281 175 226 
34 300 165 
304 103 414 
475 296 34 
492 134 192 
424 83 384 
453 142 94 
131 488 270 
487 203 380 
442 409 236 
285 434 376 
233 62 133 
435 37 336 
82 302 268 
364 481 59 
232 256 25 
197 75 406 
53 313 240 
304 179 37 
205 115 385 
378 7 307 
398 14 341 
273 361 98 
220 62 341 
171 352 444 
326 388 73 
194 485 468 
297 431 391 
10 281 8 
286 405 427 
9 272 483 
471 6 342 
30 234 339 
434 283 396 
465 498 191 
399 328 460 
259 73 38 
135 35 422 
290 111 271 
462 207 385 
110 290 352 
235 381 203 
181 447 285 
177 216 63 
217 59 341 
197 406 331 
35 16 476 
11 289 191 
142 160 102 
458 23 235 
246 176 197 
394 441 29 
23 181 365 
176 190 50 
435 129 376 
396 67 224 
158 171 103 
226 192 241 
351 125 387 
268 66 5 
182 121 304 
46 214 170 
400 252 337 
348 9 449 
218 464 22 
212 320 6 
386 321 229 
433 222 134 
461 438 378 
390 448 160 
224 369 88 
270 301 175 
288 319 48 
58 255 360 
218 130 433 
191 451 492 
489 215 431 
295 243 445 
153 3 61 
462 289 293 
109 204 230 
221 166 187 
186 47 88 
332 491 48 
41 257 310 
436 391 80 
95 121 360 
266 317 106 
210 36 380 
375 443 93 
121 374 468 
80 285 215 
242 448 7 
62 378 134 
488 229 248 
182 416 102 
323 63 175 
370 227 171 
233 95 239 
82 296 224 
283 339 472 
194 223 282 
334 364 78 
134 90 169 
273 12 270 
459 358 69 
133 324 78 
299 209 84 
388 125 490 
157 249 334 
442 123 133 
7 374 416 
158 365 215 
324 293 443 
101 355 334 
75 123 36 
61 369 3 
219 419 448 
258 315 410 
134 160 156 
334 201 49 
299 221 55 
149 248 467 
251 309 187 
95 228 204 
84 449 183 
109 129 60 
10 234 125 
451 192 198 
114 189 109 
492 453 91 
306 360 50 
336 402 16 
179 443 64 
188 377 112 
470 342 465 
165 127 325 
482 163 400 
65 360 218 
376 137 103 
98 178 205 
258 204 409 
255 142 265 
172 360 235 
289 145 167 
457 24 463 
147 9 167 
211 335 323 
171 283 20 
52 391 302 
70 8 175 
301 67 405 
216 348 261 
276 431 346 
211 318 223 
225 52 340 
356 192 0 
12 438 340 
335 295 314 
367 244 367 
299 246 123 
18 358 114 
499 350 92 
444 136 56 
328 94 385 
76 466 89 
2 202 11 
322 12 83 
219 174 465 
387 278 101 
36 291 174 
323 231 401 
45 25 197 
235 87 128 
146 33 384 
121 376 127 
182 301 368 
263 116 75 
388 197 318 
308 125 495 
249 163 380 
272 480 74 
57 456 410 
130 155 286 
431 426 445 
433 497 243 
27 261 118 
64 212 310 
21 33 370 
346 251 394 
459 131 109 
402 285 140 
404 499 410 
364 100 493 
47 315 257 
130 51 2 
48 120 243 
309 83 483 
452 440 133 
111 349 102 
181 341 435 
394 297 246 
447 237 338 
128 279 34 
219 338 109 
112 40 117 
405 81 222 
264 126 348 
208 233 329 
449 433 12 
435 293 97 
433 36 370 
169 263 448 
10 468 272 
422 379 372 
309 416 255 
346 390 439 
205 6 332 
264 336 51 
170 147 33 
363 310 200 
188 454 233 
16 25 238 
122 7 23 
400 109 344 
14 165 142 
136 179 424 
302 125 428 
120 262 131 
415 477 240 
458 343 341 
51 240 87 
73 134 497 
128 434 33 
325 33 202 
163 357 366 
428 350 466 
484 321 421 
135 468 396 
407 406 364 
485 336 342 
149 13 293 
44 68 318 
407 345 370 
483 373 180 
491 280 163 
377 298 108 
315 281 159 
238 186 421 
434 402 471 
82 144 469 
157 443 257 
469 215 188 
465 437 161 
270 9 16 
231 227 189 
116 445 368 
127 13 478 
290 67 303 
9 278 430 
370 327 65 
414 18 20 
9 340 344 
105 390 25 
425 151 281 
323 373 409 
427 443 394 
76 165 469 
87 335 492 
376 80 127 
52 120 257 
289 303 486 
343 456 76 
57 399 18 
493 392 402 
406 350 369 
34 340 395 
86 488 340 
246 151 82 
159 231 286 
316 376 193 
439 14 439 
447 348 458 
166 7 362 
324 384 290 
207 162 297 
217 423 179 
489 484 365 
432 274 282 
50 267 236 
168 402 311 
275 463 356 
140 267 265 
121 228 429 
32 25 316 
354 255 296 
79 257 26 
160 400 442 
269 468 362 
82 176 287 
324 255 102 
403 119 148 
20 187 5 
3 58 140 
124 147 189 
199 252 360 
188 490 106 
425 4 66 
170 181 230 
420 235 139 
353 195 495 
377 382 65 
178 33 361 
460 37 353 
105 213 448 
244 163 276 
107 30 236 
334 310 478 
49 391 276 
384 228 172 
415 26 230 
69 55 152 
147 469 285 
491 202 222 
478 55 98 
469 153 217 
83 295 241 
288 123 178 
256 424 428 
48 198 417 
42 32 398 
222 65 412 
184 466 397 
166 475 53 
319 363 129 
119 458 22 
106 282 407 
118 74 426 
449 157 136 
98 276 384 
120 238 485 
196 439 292 
259 463 230 
137 285 240 
57 404 148 
169 151 71 
189 367 120 
70 24 199 
422 416 459 
395 73 16 
215 153 178 
273 336 153 
431 103 196 
259 398 47 
306 307 115 
231 325 437 
387 234 357 
5 195 217 
398 131 226 
118 121 205 
256 428 15 
65 176 37 
203 98 126 
296 12 124 
406 402 437 
428 48 232 
486 302 161 
359 136 494 
318 112 257 
26 197 8 
322 17 221 
239 73 429 
59 406 3 
315 367 470 
3 273 0 
456 337 346 
233 487 79 
434 149 104 
390 340 242 
239 352 255 
450 246 194 
297 19 311 
45 393 146 
163 67 33 
115 270 236 
56 483 491 
203 197 274 
377 159 59 
371 252 434 
198 203 105 
