1000
3
320 175 186 
278 54 31 
153 5 270 
190 262 464 
185 328 76 
363 270 279 
250 91 226 
423 422 442 
13 94 228 
41 58 413 
57 301 408 
286 20 181 
85 86 284 
492 91 331 
280 144 279 
55 413 471 
105 209 98 
418 467 286 
200 0 450 
339 148 284 
106 258 333 
256 103 439 
390 69 344 
230 361 276 
389 470 267 
256 398 56 
140 209 125 
470 312 113 
58 291 172 
493 129 473 
11 233 145 
95 381 386 
273 141 9 
308 60 109 
95 272 3 
424 200 466 
421 246 162 
40 19 355 
325 172 486 
463 152 221 
54 400 294 
314 255 443 
153 111 471 
45 384 356 
466 273 121 
40 285 416 
218 335 26 
21 105 280 
58 207 448 
243 177 436 
307 119 270 
83 205 0 
407 234 385 
179 452 259 
16 79 285 
361 37 392 
15 408 102 
255 479 369 
87 478 118 
303 10 150 
341 224 76 
35 224 220 
467 251 386 
237 201 227 
112 498 77 
335 164 386 
261 269 190 
38 487 418 
49 147 294 
433 247 275 
166 481 174 
162 253 170 
457 216 144 
139 44 370 
21 355 388 
399 162 34 
82 442 347 
427 229 310 
402 228 84 
417 84 34 
334 202 121 
404 166 498 
345 423 115 
286 329 236 
293 499 209 
2 162 242 
84 450 20 
215 242 61 
0 245 6 
205 296 161 
135 492 470 
101 226 102 
43 204 491 
499 444 492 
314 146 376 
38 81 156 
417 354 178 
44 86 59 
369 355 448 
343 60 17 
496 82 325 
80 155 376 
82 13 75 
148 221 84 
119 374 274 
392 323 449 
117 178 70 
372 468 488 
259 360 18 
334 499 0 
372 59 109 
360 269 321 
162 166 369 
219 324 490 
54 121 277 
122 494 8 
176 267 421 
323 103 32 
272 98 449 
393 228 213 
284 67 401 
277 339 483 
118 499 477 
12 346 370 
406 219 58 
348 20 262 
433 216 316 
37 181 459 
407 465 471 
182 106 350 
395 0 364 
105 323 453 
134 283 30 
46 375 266 
453 308 479 
314 288 201 
455 458 264 
170 2 449 
285 427 230 
472 88 383 
359 408 375 
336 285 113 
251 116 285 
441 144 360 
37 59 247 
338 209 239 
330 80 435 
384 26 96 
8 89 30 
478 296 261 
164 387 203 
381 360 44 
246 64 81 
63 326 451 
180 198 73 
40 252 388 
461 6 239 
206 273 434 
216 183 416 
67 2 29 
74 107 42 
340 416 259 
346 369 123 
286 328 176 
171 27 45 
14 494 440 
163 418 167 
435 67 219 
290 224 289 
23 31 377 
334 231 107 
223 152 360 
60 24 464 
218 472 203 
148 36 152 
420 413 455 
468 173 432 
376 59 286 
142 401 169 
432 486 404 
80 486 483 
301 256 156 
310 125 328 
302 428 443 
490 406 199 
119 3 162 
399 298 187 
368 225 434 
440 252 392 
355 127 59 
55 254 289 
38 247 278 
499 344 13 
352 32 348 
77 241 492 
251 474 25 
374 229 471 
314 324 132 
119 292 136 
375 165 234 
123 256 198 
433 300 206 
151 42 298 
304 192 190 
260 123 392 
364 259 176 
400 205 255 
102 17 364 
342 439 61 
409 85 149 
389 144 273 
353 410 233 
246 200 8 
150 256 323 
68 121 499 
189 495 174 
397 443 78 
221 180 99 
269 163 285 
250 292 287 
155 165 488 
357 381 363 
413 317 3 
326 156 333 
454 475 17 
366 258 308 
87 53 460 
261 315 348 
45 190 499 
239 350 325 
187 488 104 
55 378 15 
208 234 195 
75 163 43 
389 171 491 
457 294 49 
377 2 220 
497 99 273 
388 157 288 
350 479 65 
4 195 431 
473 210 192 
424 77 244 
173 246 317 
249 127 85 
77 31 93 
439 417 372 
117 94 121 
215 328 432 
5 351 339 
9 4 3 
489 423 247 
250 118 436 
344 360 177 
283 224 410 
46 386 451 
410 494 374 
424 210 460 
141 101 383 
418 192 233 
3 457 393 
364 476 114 
93 480 144 
391 59 18 
113 273 196 
397 94 60 
391 183 301 
161 116 209 
197 267 297 
130 239 98 
435 383 180 
49 299 358 
453 351 349 
65 160 149 
309 155 109 
287 213 262 
349 466 487 
320 199 85 
383 91 415 
423 99 47 
143 173 59 
80 402 225 
475 202 12 
488 228 10 
369 154 258 
138 483 444 
93 312 367 
246 244 79 
448 367 123 
375 485 34 
317 489 96 
211 432 128 
344 359 273 
382 157 181 
9 431 309 
201 59 211 
147 415 389 
179 299 370 
189 298 348 
23 463 402 
490 322 124 
175 173 491 
295 359 3 
294 198 329 
198 449 121 
55 74 447 
278 262 485 
446 40 315 
58 401 321 
105 300 284 
268 466 256 
362 445 397 
30 154 40 
113 51 306 
464 132 473 
192 488 340 
289 222 297 
133 306 174 
335 215 296 
439 290 118 
31 479 289 
340 497 142 
38 148 75 
152 454 113 
136 43 472 
413 277 456 
405 5 397 
296 498 229 
153 126 93 
121 425 100 
95 223 9 
36 427 196 
378 382 13 
411 97 400 
469 69 374 
29 438 112 
83 303 85 
257 236 475 
206 332 3 
64 327 368 
0 212 180 
104 439 195 
254 150 35 
90 272 130 
171 475 23 
132 192 480 
107 419 250 
442 411 214 
372 325 10 
449 78 13 
476 51 406 
236 89 36 
348 343 328 
302 59 459 
300 158 265 
213 289 25 
403 73 453 
361 150 108 
419 154 78 
57 200 341 
276 272 417 
436 311 327 
9 224 444 
208 224 136 
396 199 30 
7 440 57 
345 477 295 
211 322 439 
471 162 398 
438 421 479 
174 131 317 
63 138 61 
403 160 86 
258 323 196 
64 231 252 
236 376 340 
427 460 243 
25 340 466 
368 287 81 
368 284 498 
139 492 22 
367 375 423 
242 207 10 
141 359 145 
2 465 400 
21 424 117 
84 437 102 
270 490 379 
105 166 416 
9 277 313 
308 398 126 
378 326 354 
204 279 289 
206 259 150 
232 354 244 
340 309 172 
375 338 181 
266 117 338 
187 148 28 
379 235 488 
498 402 127 
358 211 387 
25 468 211 
52 276 350 
399 337 329 
315 249 276 
287 110 139 
199 426 197 
237 61 141 
84 347 377 
371 96 465 
319 348 162 
398 14 214 
23 492 118 
435 259 326 
187 98 156 
10 418 197 
457 230 57 
41 371 409 
322 473 387 
70 349 298 
105 484 399 
208 418 187 
187 299 314 
416 180 209 
49 420 125 
175 436 174 
398 131 378 
69 402 73 
114 281 38 
403 73 491 
442 487 56 
385 455 219 
349 421 134 
87 378 102 
155 143 440 
124 310 256 
467 409 223 
267 229 8 
80 137 293 
306 105 469 
453 44 56 
237 273 324 
247 484 257 
453 207 425 
133 382 315 
20 479 60 
170 246 121 
35 114 278 
366 50 422 
151 29 435 
391 254 237 
167 375 362 
391 251 74 
135 340 151 
206 43 454 
320 351 488 
356 62 45 
487 248 121 
131 14 413 
437 392 286 
453 256 427 
120 479 29 
275 253 442 
372 461 29 
248 55 28 
280 470 85 
496 493 473 
50 475 272 
201 122 397 
23 334 291 
298 474 257 
73 498 87 
269 201 140 
453 375 258 
108 469 395 
433 92 356 
476 28 98 
208 264 290 
44 117 450 
246 61 20 
261 393 84 
375 406 223 
39 176 297 
54 166 40 
205 433 434 
489 102 300 
333 459 393 
6 272 64 
115 12 129 
334 442 177 
258 290 385 
438 27 449 
23 37 323 
135 220 23 
238 229 344 
158 448 302 
297 469 70 
441 400 277 
307 170 35 
46 349 0 
82 392 202 
265 348 92 
285 83 57 
79 454 103 
314 449 367 
440 357 140 
446 82 296 
412 388 58 
21 71 31 
397 284 102 
15 385 489 
354 291 423 
96 321 212 
87 303 310 
0 125 159 
472 1 216 
300 115 443 
89 95 117 
392 2 221 
395 487 443 
390 68 489 
434 459 212 
33 135 39 
322 183 88 
77 92 492 
224 267 415 
100 87 431 
60 440 230 
442 55 403 
329 319 458 
336 316 225 
350 235 36 
357 352 137 
75 463 487 
370 482 228 
40 303 144 
202 172 412 
260 216 306 
452 334 364 
383 135 235 
48 186 450 
349 337 230 
283 413 3 
220 375 271 
213 52 185 
253 352 403 
148 247 328 
313 334 147 
287 105 453 
384 35 457 
338 228 95 
153 288 466 
266 81 139 
203 399 343 
63 80 113 
380 425 490 
403 99 356 
66 457 371 
24 356 215 
485 204 433 
238 193 223 
92 232 303 
63 10 79 
75 201 332 
460 66 52 
342 259 96 
28 419 164 
334 375 440 
476 142 32 
83 24 111 
416 124 412 
75 390 247 
468 434 90 
453 302 20 
75 70 215 
400 99 172 
115 296 244 
437 40 111 
284 234 471 
489 453 436 
363 377 287 
430 26 62 
308 161 62 
84 339 368 
337 271 100 
447 470 117 
299 118 365 
496 0 212 
373 83 160 
387 432 306 
227 159 195 
274 170 314 
5 167 319 
342 491 12 
236 335 158 
493 156 261 
348 481 86 
269 420 475 
144 428 394 
448 35 417 
0 135 26 
324 465 363 
33 17 483 
390 469 402 
182 495 101 
261 227 178 
359 58 282 
53 105 21 
94 7 76 
309 224 373 
96 432 56 
381 390 295 
96 294 127 
282 85 455 
112 182 347 
223 487 342 
41 162 418 
128 283 392 
347 185 110 
310 304 376 
374 434 264 
317 338 419 
492 344 76 
134 220 282 
7 405 270 
56 199 138 
214 268 404 
421 435 254 
324 130 406 
426 151 61 
413 127 493 
412 79 259 
307 443 443 
392 302 155 
14 41 345 
221 286 157 
297 352 446 
136 320 490 
116 247 296 
443 55 423 
490 35 357 
479 412 166 
280 407 347 
207 250 101 
81 22 47 
34 414 131 
377 110 430 
75 406 161 
121 130 28 
213 355 152 
137 125 483 
26 418 53 
435 316 292 
421 209 12 
299 304 230 
130 272 345 
112 127 281 
105 293 105 
115 468 359 
205 267 383 
34 292 25 
263 75 320 
219 83 487 
186 307 4 
227 402 237 
169 384 423 
60 407 230 
269 396 419 
387 457 284 
468 341 455 
161 277 12 
151 107 70 
316 490 124 
166 443 241 
456 276 396 
464 241 401 
255 381 156 
444 255 304 
176 437 210 
3 178 295 
469 447 155 
454 102 314 
19 497 115 
244 150 387 
472 188 400 
479 467 76 
277 294 400 
189 488 35 
128 225 263 
205 289 372 
133 61 325 
310 267 72 
375 296 428 
101 279 49 
415 92 21 
448 411 162 
98 40 99 
157 42 258 
424 405 74 
288 468 445 
233 31 244 
319 71 496 
215 382 407 
173 98 22 
438 99 373 
71 442 103 
36 419 79 
173 142 403 
482 192 55 
217 351 469 
355 403 137 
452 252 340 
125 325 146 
204 151 337 
211 367 383 
64 482 98 
376 291 448 
98 255 78 
245 38 43 
460 405 243 
380 88 461 
53 58 200 
57 485 468 
209 256 26 
366 133 313 
8 13 193 
52 183 234 
35 55 350 
486 165 79 
388 85 393 
188 61 377 
52 364 485 
490 98 431 
386 232 63 
429 20 365 
492 176 78 
298 29 434 
125 313 464 
36 76 241 
316 49 471 
353 211 314 
281 66 494 
162 445 360 
378 305 346 
241 400 313 
206 483 282 
82 321 220 
234 33 235 
284 380 368 
31 382 340 
48 241 258 
114 159 91 
311 266 326 
376 69 56 
403 133 159 
292 309 216 
308 268 117 
348 264 194 
19 151 499 
217 398 56 
493 37 149 
496 277 47 
197 332 360 
271 407 141 
268 381 359 
24 438 275 
159 466 81 
77 497 455 
275 458 102 
472 119 175 
80 299 288 
22 426 454 
393 493 414 
7 472 455 
60 58 62 
120 115 295 
58 88 29 
20 110 373 
88 231 203 
218 464 253 
331 20 83 
318 162 193 
33 177 62 
72 10 297 
457 496 174 
6 6 217 
464 409 87 
280 18 214 
153 296 332 
40 85 77 
499 344 208 
150 130 484 
482 240 9 
35 297 337 
31 413 273 
199 190 113 
436 84 185 
155 420 316 
86 84 212 
163 345 333 
145 409 470 
352 81 420 
15 191 118 
288 230 315 
197 163 215 
288 270 272 
433 498 189 
262 95 292 
83 397 65 
479 63 209 
477 395 146 
344 5 345 
238 294 127 
487 400 213 
449 140 103 
286 342 310 
374 282 410 
443 388 122 
458 221 282 
74 248 345 
417 170 454 
469 262 355 
77 387 140 
357 477 169 
330 62 172 
32 414 46 
206 466 122 
487 492 395 
349 328 121 
237 210 337 
5 55 34 
498 220 208 
428 322 272 
305 382 140 
315 169 122 
308 285 302 
367 404 404 
144 382 277 
210 454 181 
305 441 345 
43 392 78 
181 331 42 
213 59 383 
244 332 37 
233 463 102 
322 237 459 
7 426 309 
443 87 65 
322 260 417 
180 56 52 
41 100 353 
304 98 236 
67 253 250 
123 89 422 
439 18 104 
203 341 41 
399 299 94 
236 172 219 
49 73 38 
370 230 81 
196 265 271 
143 348 496 
485 250 438 
80 182 356 
288 208 279 
40 188 255 
178 493 356 
136 82 363 
21 60 39 
151 294 82 
98 89 204 
156 177 166 
100 407 23 
4 249 329 
71 333 133 
354 495 155 
359 39 142 
446 280 85 
307 357 331 
323 329 96 
441 275 167 
256 169 190 
291 200 229 
444 364 375 
432 350 230 
158 104 432 
212 7 324 
143 404 122 
443 47 489 
13 86 115 
210 263 361 
410 203 214 
221 406 27 
137 279 204 
213 217 257 
254 479 396 
214 425 12 
452 60 8 
145 318 348 
386 129 359 
71 404 39 
289 61 435 
93 467 360 
104 82 310 
161 251 324 
56 194 14 
85 330 280 
262 277 291 
458 157 377 
329 197 190 
22 171 181 
95 147 105 
260 157 165 
335 276 137 
79 359 329 
93 3 178 
287 213 97 
214 105 279 
181 66 211 
6 311 384 
376 439 384 
289 469 171 
44 60 227 
110 188 138 
356 244 420 
455 181 309 
209 481 311 
207 318 81 
248 292 350 
218 353 35 
76 2 67 
456 243 409 
206 160 183 
257 450 116 
212 145 65 
349 106 426 
71 416 494 
459 82 440 
29 409 133 
173 171 135 
343 165 476 
249 296 10 
255 119 349 
391 475 113 
26 260 235 
422 29 456 
277 421 321 
342 239 62 
337 281 258 
450 479 53 
24 77 402 
71 118 261 
332 105 416 
432 353 286 
282 244 453 
1 327 198 
140 154 444 
232 196 399 
470 133 135 
365 277 35 
172 273 302 
149 33 446 
67 275 267 
69 311 94 
298 11 325 
381 316 45 
382 345 405 
310 456 454 
252 386 117 
271 317 328 
353 25 214 
365 211 437 
13 176 271 
74 121 389 
50 46 161 
378 43 68 
130 58 199 
428 20 488 
56 308 213 
265 82 322 
242 86 303 
427 251 225 
113 294 309 
159 13 47 
474 178 363 
64 245 117 
469 254 297 
441 463 133 
346 57 121 
201 435 478 
143 297 82 
40 314 50 
101 412 491 
249 205 250 
234 194 430 
52 205 196 
319 142 43 
15 0 38 
172 157 254 
