1000
3
336 5 37 
36 362 251 
152 121 337 
95 469 60 
141 449 399 
307 87 177 
10 262 3 
56 189 69 
488 140 153 
103 275 171 
330 314 56 
107 85 407 
365 474 450 
295 99 467 
81 31 246 
281 321 157 
177 385 216 
143 12 359 
318 53 260 
383 69 421 
165 192 258 
339 450 258 
410 152 113 
490 244 255 
65 430 315 
205 62 428 
12 494 416 
343 362 297 
337 289 386 
286 333 214 
241 160 452 
294 73 290 
243 53 165 
151 115 371 
334 409 331 
178 143 55 
64 177 99 
327 152 53 
59 423 233 
31 70 47 
368 444 486 
433 147 408 
410 366 211 
74 489 148 
262 114 351 
258 104 172 
25 371 397 
29 287 475 
365 313 51 
196 388 472 
313 497 29 
115 271 410 
406 310 170 
63 69 195 
46 155 355 
386 443 401 
418 412 394 
138 460 159 
184 339 59 
308 322 162 
71 240 101 
99 341 489 
236 68 474 
8 361 150 
3 492 4 
289 133 47 
136 132 388 
334 304 345 
158 75 162 
94 297 341 
172 336 457 
423 459 486 
334 475 349 
452 422 215 
270 187 284 
303 411 264 
460 229 168 
376 69 429 
117 414 242 
85 400 457 
41 122 173 
458 171 22 
142 382 429 
105 206 336 
287 26 54 
137 67 298 
88 193 73 
209 12 59 
307 62 344 
355 428 162 
315 319 237 
401 94 308 
244 83 459 
22 401 418 
244 414 204 
73 412 357 
42 498 249 
321 255 430 
35 241 324 
25 469 470 
276 413 246 
121 11 387 
425 241 232 
129 242 450 
120 75 57 
412 237 477 
14 322 363 
483 72 94 
63 264 230 
469 273 254 
436 273 472 
6 490 279 
401 492 452 
71 124 109 
462 495 129 
465 135 496 
263 289 434 
196 367 485 
44 30 400 
444 69 188 
302 396 17 
362 161 202 
167 348 164 
351 182 461 
475 341 388 
416 147 185 
141 64 397 
421 176 325 
479 496 221 
115 50 301 
111 285 395 
465 237 491 
273 75 80 
412 456 442 
23 499 302 
344 180 402 
180 142 223 
406 16 473 
5 26 265 
291 491 246 
210 291 221 
233 344 359 
342 482 167 
407 358 336 
133 59 324 
305 460 394 
341 69 110 
195 205 417 
191 46 265 
318 466 231 
171 316 179 
494 423 219 
361 475 258 
337 228 466 
381 148 139 
155 99 351 
58 167 0 
420 391 475 
212 468 346 
191 216 119 
317 124 403 
220 462 27 
440 280 194 
424 104 395 
31 454 452 
343 418 370 
478 21 374 
376 45 108 
401 171 138 
197 442 312 
449 293 368 
253 225 185 
450 225 61 
51 234 44 
400 423 157 
449 0 117 
42 383 479 
347 111 328 
235 300 141 
419 333 439 
378 298 25 
345 126 140 
100 149 239 
408 38 393 
167 161 466 
83 189 351 
113 316 419 
167 328 206 
30 480 431 
496 411 50 
292 325 371 
100 483 166 
347 259 416 
210 122 65 
14 486 219 
4 175 350 
227 82 30 
9 144 94 
24 116 101 
262 297 418 
119 118 303 
493 160 454 
133 405 266 
179 101 102 
62 298 82 
129 400 128 
341 316 276 
196 340 294 
43 204 412 
94 420 312 
304 171 76 
477 310 394 
21 84 8 
498 212 323 
291 456 348 
309 478 14 
132 319 118 
61 327 76 
243 367 130 
421 118 144 
482 214 121 
402 16 72 
77 368 371 
455 55 152 
14 449 231 
308 411 342 
441 426 396 
267 81 252 
152 158 482 
168 154 392 
64 378 295 
234 468 420 
58 298 369 
319 433 62 
496 495 490 
395 483 197 
104 403 180 
449 488 373 
318 187 220 
231 178 155 
355 258 304 
201 376 62 
428 356 81 
365 132 411 
128 13 408 
288 333 142 
393 41 326 
306 443 230 
304 473 453 
245 115 418 
179 247 118 
63 464 83 
400 493 490 
360 219 83 
440 52 191 
297 334 299 
479 310 80 
471 349 35 
229 145 96 
299 375 174 
356 131 368 
142 173 483 
19 109 183 
83 154 404 
230 305 396 
158 459 5 
419 427 164 
147 240 483 
458 228 95 
296 288 142 
158 326 447 
114 142 52 
160 494 281 
296 262 273 
155 397 19 
31 96 205 
326 21 359 
457 176 16 
369 349 432 
143 112 436 
375 180 492 
241 28 252 
397 434 481 
375 199 494 
265 398 202 
498 423 33 
296 61 487 
333 390 56 
87 78 32 
97 199 431 
182 431 275 
479 480 219 
272 264 220 
7 3 431 
187 165 214 
26 494 384 
228 278 97 
346 283 106 
391 145 476 
209 275 403 
220 192 462 
157 423 167 
262 296 71 
482 4 188 
378 214 391 
231 387 350 
496 83 99 
483 277 332 
289 59 266 
123 45 373 
480 403 151 
199 47 93 
6 362 422 
413 60 439 
113 457 341 
351 66 214 
156 84 380 
442 339 168 
186 131 258 
388 405 207 
216 233 446 
453 386 95 
343 312 301 
362 488 168 
303 258 118 
377 29 232 
244 276 124 
187 150 77 
138 321 263 
199 48 473 
246 328 427 
403 25 329 
331 212 367 
98 105 36 
37 290 408 
99 148 129 
95 255 21 
367 47 112 
417 101 355 
493 188 240 
226 219 98 
403 496 97 
493 115 158 
362 486 129 
44 436 387 
135 80 54 
282 412 205 
125 181 477 
214 60 302 
422 269 430 
109 279 181 
257 356 87 
260 76 263 
271 270 98 
18 132 7 
154 496 83 
139 152 433 
178 124 154 
93 180 496 
152 356 195 
134 90 126 
130 368 263 
417 125 7 
287 221 113 
131 355 440 
493 450 302 
143 43 16 
52 217 237 
64 329 123 
135 454 236 
352 125 92 
410 484 246 
76 490 493 
389 81 36 
341 453 38 
398 355 348 
153 175 76 
329 87 314 
106 330 5 
136 201 189 
279 146 482 
27 293 345 
461 88 216 
169 119 26 
14 169 338 
59 198 461 
1 434 375 
466 431 210 
277 99 219 
36 215 321 
338 340 31 
116 386 390 
275 209 143 
442 336 20 
32 488 194 
291 64 424 
368 290 427 
107 442 143 
17 235 425 
86 453 392 
14 233 334 
79 159 413 
239 197 87 
232 273 421 
49 448 216 
0 173 326 
99 294 387 
20 276 130 
5 357 244 
462 111 495 
99 297 90 
307 373 158 
478 369 374 
193 197 387 
247 126 50 
411 78 350 
362 329 315 
34 419 124 
317 279 251 
22 34 425 
336 398 190 
276 226 13 
315 444 269 
437 290 77 
77 26 26 
227 332 267 
151 289 279 
430 308 81 
353 420 238 
68 257 468 
498 66 323 
96 150 288 
64 1 105 
139 239 483 
368 122 471 
220 348 90 
358 376 363 
146 154 183 
135 317 404 
226 182 78 
304 332 244 
279 161 452 
59 283 30 
160 170 286 
308 174 324 
424 243 275 
223 13 116 
8 37 396 
209 57 379 
327 305 106 
18 127 498 
353 236 290 
233 162 76 
57 305 190 
381 385 149 
179 493 186 
464 197 141 
90 191 249 
262 39 50 
311 468 140 
87 462 178 
35 32 365 
202 93 136 
446 477 55 
106 58 212 
208 9 420 
84 380 176 
287 348 439 
266 230 245 
309 158 231 
62 310 170 
292 286 17 
6 194 191 
314 217 433 
464 325 239 
186 247 327 
329 416 349 
383 89 36 
371 246 426 
360 372 455 
17 343 413 
295 195 459 
413 98 364 
497 209 151 
472 298 411 
226 205 232 
444 122 104 
183 315 155 
409 478 255 
62 278 497 
468 188 35 
324 425 13 
437 4 363 
381 362 322 
182 314 250 
62 303 362 
48 73 260 
465 282 298 
291 283 2 
271 462 446 
334 11 52 
130 92 78 
299 146 281 
249 50 343 
296 229 25 
265 422 83 
255 102 455 
160 260 180 
260 375 97 
311 41 184 
370 248 383 
282 394 21 
340 165 318 
28 54 464 
228 4 149 
13 150 347 
160 159 128 
358 20 219 
195 383 465 
52 48 361 
122 237 393 
459 468 140 
123 314 427 
164 18 281 
457 412 141 
191 23 23 
237 412 125 
133 174 397 
78 452 373 
450 282 177 
21 158 189 
425 205 6 
250 55 183 
284 28 260 
167 220 296 
402 415 148 
164 135 471 
51 312 350 
12 324 432 
312 86 401 
118 409 232 
216 306 478 
213 475 140 
214 85 300 
249 73 457 
484 190 393 
56 292 134 
469 210 354 
462 213 459 
478 196 371 
346 377 166 
235 168 271 
345 210 353 
169 298 74 
170 14 68 
491 64 207 
140 25 24 
290 183 413 
72 324 330 
50 183 432 
12 345 105 
324 101 398 
130 478 282 
358 238 344 
73 473 397 
97 234 193 
420 176 457 
78 280 71 
8 146 388 
49 113 233 
99 273 193 
185 248 279 
123 411 86 
58 240 158 
262 340 336 
237 19 401 
480 9 2 
242 194 297 
416 23 309 
453 74 289 
494 343 392 
98 204 416 
326 358 197 
260 191 399 
257 401 127 
29 468 301 
412 275 440 
37 237 447 
269 385 28 
141 390 258 
194 444 85 
346 54 198 
147 334 398 
138 18 4 
146 255 235 
388 203 163 
496 198 399 
43 103 493 
169 370 61 
182 391 222 
159 485 321 
90 399 177 
416 198 399 
155 175 449 
238 127 490 
229 180 171 
76 334 69 
179 34 232 
349 211 446 
475 95 253 
158 73 464 
85 477 171 
359 153 259 
90 448 434 
106 268 66 
118 109 19 
62 118 281 
94 46 64 
14 247 130 
81 268 90 
394 4 245 
367 32 59 
252 243 86 
28 78 364 
229 233 80 
112 325 436 
245 345 466 
437 459 279 
107 101 30 
451 185 193 
196 139 267 
369 423 323 
249 179 437 
150 387 209 
115 251 172 
234 34 227 
188 417 98 
188 276 167 
464 289 149 
107 104 217 
196 353 436 
434 172 368 
89 442 181 
261 20 308 
58 364 96 
341 180 74 
490 295 218 
454 45 152 
436 77 190 
240 491 393 
257 88 230 
325 438 203 
372 83 454 
383 2 141 
429 421 152 
354 277 470 
324 236 170 
70 236 313 
342 464 290 
435 435 52 
353 199 392 
389 274 83 
89 102 193 
228 27 79 
46 494 16 
9 440 133 
219 48 294 
286 249 94 
197 257 49 
212 70 425 
453 317 128 
450 406 467 
157 29 57 
19 339 155 
72 493 82 
157 386 16 
107 304 414 
484 380 278 
167 229 133 
307 269 141 
443 143 135 
103 83 160 
375 475 52 
148 14 418 
318 306 449 
78 107 106 
425 379 432 
108 258 260 
371 397 440 
233 73 488 
499 351 267 
144 77 243 
143 487 406 
284 33 160 
0 123 355 
343 25 209 
291 381 183 
320 203 99 
118 464 151 
291 77 245 
464 477 70 
409 452 17 
84 147 339 
55 36 235 
149 9 488 
142 238 425 
433 431 35 
353 131 312 
177 492 283 
351 296 19 
88 104 319 
106 423 256 
76 246 46 
16 468 146 
29 132 268 
450 269 467 
73 428 100 
32 446 255 
237 467 302 
427 448 122 
414 90 423 
260 233 169 
86 167 417 
414 117 314 
365 362 312 
402 118 436 
302 195 299 
285 311 463 
278 403 481 
482 304 440 
87 292 353 
389 473 128 
458 460 391 
87 480 147 
256 398 86 
230 430 25 
403 43 425 
192 205 235 
246 260 254 
273 104 271 
229 136 409 
262 41 465 
114 247 499 
102 137 91 
297 35 71 
410 136 7 
483 14 186 
27 93 199 
293 406 105 
288 93 421 
76 12 209 
198 417 275 
342 429 414 
59 223 35 
84 72 156 
155 34 16 
98 24 26 
105 425 56 
263 328 255 
418 415 299 
21 162 491 
259 163 235 
225 152 303 
48 338 11 
295 176 470 
425 485 15 
137 178 149 
205 256 21 
379 49 157 
384 301 408 
108 316 488 
97 468 177 
31 441 498 
188 310 357 
4 231 66 
279 125 87 
28 406 129 
238 344 206 
209 135 227 
343 137 453 
142 167 394 
224 124 134 
239 311 214 
394 435 272 
33 373 94 
291 288 315 
382 482 105 
170 336 74 
471 111 244 
346 46 278 
398 244 115 
223 395 438 
487 61 456 
499 411 386 
145 152 141 
12 67 387 
342 185 228 
21 200 473 
164 344 439 
105 250 323 
213 34 159 
10 294 313 
88 374 162 
82 7 431 
134 107 200 
195 251 21 
471 203 283 
187 192 52 
76 356 492 
154 467 347 
166 257 202 
226 207 417 
259 164 40 
410 305 232 
169 414 324 
455 167 337 
225 102 122 
339 0 296 
498 232 243 
178 488 278 
224 326 490 
313 318 268 
155 343 412 
60 468 339 
416 112 376 
59 228 365 
163 7 296 
261 352 295 
96 336 225 
381 423 445 
324 78 321 
321 152 166 
77 450 460 
426 476 309 
392 164 383 
54 498 300 
387 121 248 
217 308 99 
262 387 31 
148 58 446 
45 475 156 
200 30 380 
416 69 499 
52 379 492 
88 420 87 
279 397 365 
62 464 84 
104 46 278 
485 11 166 
35 138 318 
425 47 218 
157 9 211 
436 371 411 
117 484 304 
54 28 278 
344 418 160 
32 435 280 
422 256 45 
172 151 434 
455 346 243 
392 268 281 
181 332 491 
218 359 398 
490 473 135 
223 88 151 
345 374 61 
93 380 447 
226 248 376 
458 300 126 
99 65 257 
213 283 266 
454 251 376 
416 65 39 
115 489 234 
478 410 50 
77 225 429 
19 64 355 
374 201 191 
371 281 50 
90 142 182 
441 138 203 
479 131 479 
131 63 186 
230 408 465 
112 402 77 
307 431 391 
196 370 97 
327 65 303 
311 462 15 
117 181 237 
402 22 49 
242 200 195 
243 102 120 
439 421 395 
309 220 39 
47 443 322 
496 14 281 
458 57 0 
435 439 446 
366 58 376 
338 27 366 
432 10 413 
241 128 427 
326 67 243 
135 36 314 
152 259 155 
191 14 407 
442 154 36 
198 59 376 
73 364 261 
199 405 18 
336 208 483 
345 354 488 
336 303 276 
32 84 155 
361 155 137 
371 484 426 
439 305 30 
373 16 100 
198 153 433 
314 205 442 
290 383 342 
314 124 88 
50 287 100 
45 358 122 
125 112 285 
45 207 332 
70 168 458 
118 187 301 
365 164 231 
33 232 356 
399 403 346 
452 335 144 
358 208 293 
449 200 395 
351 334 171 
236 489 63 
410 133 499 
437 23 178 
61 314 361 
253 14 62 
314 346 146 
339 429 195 
314 416 7 
17 83 266 
373 457 383 
331 262 361 
209 329 466 
407 197 296 
29 5 311 
68 91 100 
101 365 378 
52 248 480 
231 72 4 
375 119 51 
243 442 449 
282 3 323 
220 376 73 
227 399 389 
431 365 461 
359 47 375 
187 88 214 
85 29 281 
67 428 72 
411 276 204 
351 278 99 
213 118 210 
214 23 308 
461 265 393 
373 475 129 
222 118 292 
471 51 421 
282 132 300 
26 179 472 
162 292 217 
350 377 363 
125 401 92 
458 234 428 
274 324 388 
436 144 168 
434 68 321 
193 284 364 
77 397 461 
455 319 66 
292 303 334 
435 122 390 
135 198 98 
465 185 62 
25 306 334 
336 25 95 
390 140 301 
423 31 205 
414 126 264 
331 105 352 
466 320 70 
359 420 329 
357 448 414 
176 303 469 
494 227 376 
30 36 173 
