1000
3
416 94 9 
449 328 146 
337 313 407 
321 228 369 
438 344 244 
31 385 434 
249 132 414 
25 427 492 
102 273 355 
317 199 464 
132 409 90 
398 427 70 
376 12 299 
475 239 8 
94 85 389 
271 5 371 
459 423 18 
176 17 40 
125 480 96 
479 402 286 
306 19 114 
117 38 452 
93 333 75 
393 261 462 
407 121 218 
192 12 270 
427 53 191 
243 142 20 
362 401 353 
86 479 65 
260 400 40 
208 303 333 
46 12 367 
118 498 38 
433 260 287 
33 51 430 
365 51 408 
12 180 19 
360 239 240 
308 57 499 
493 472 449 
443 12 369 
284 212 33 
457 14 49 
49 0 54 
448 427 124 
162 498 446 
473 55 145 
474 75 89 
43 412 209 
320 274 406 
48 474 123 
316 249 201 
355 272 100 
406 14 99 
318 231 255 
384 394 55 
206 233 440 
455 102 234 
110 385 122 
234 337 9 
355 248 360 
419 95 498 
144 110 137 
489 136 54 
369 306 116 
350 267 365 
34 497 336 
291 244 310 
442 343 301 
371 378 194 
458 410 339 
325 161 167 
125 458 398 
459 31 354 
47 223 278 
228 398 158 
440 451 45 
32 250 359 
353 475 42 
109 336 323 
209 440 350 
442 213 396 
287 291 219 
330 184 96 
68 494 27 
72 125 426 
164 263 341 
64 494 17 
94 332 132 
277 305 228 
282 442 180 
327 336 185 
137 61 373 
118 30 424 
368 258 144 
362 184 30 
118 99 283 
473 102 486 
194 360 433 
89 4 42 
80 77 20 
20 47 88 
160 307 460 
429 492 173 
398 94 88 
471 468 317 
396 344 168 
261 218 452 
372 97 465 
80 80 123 
364 385 85 
323 434 240 
362 223 314 
108 366 467 
48 388 455 
434 131 52 
347 351 297 
11 56 190 
456 388 162 
123 239 165 
397 202 158 
254 471 50 
203 395 441 
88 459 452 
314 83 220 
37 409 104 
209 314 213 
52 471 495 
131 55 75 
421 232 418 
439 8 217 
281 333 317 
215 278 152 
452 260 18 
37 499 408 
73 97 303 
464 254 394 
11 451 301 
331 62 327 
276 130 7 
391 181 329 
285 467 250 
146 425 384 
328 252 171 
363 78 338 
269 296 58 
391 404 104 
390 202 4 
256 389 489 
63 245 221 
278 322 34 
176 491 211 
209 495 287 
280 243 375 
389 350 437 
84 305 286 
75 397 285 
452 401 81 
230 362 393 
392 173 316 
81 349 241 
46 378 80 
227 95 402 
229 382 77 
179 223 72 
18 276 196 
146 310 57 
426 388 196 
170 27 345 
323 185 170 
246 409 299 
485 453 279 
246 284 26 
264 357 284 
285 392 152 
341 12 386 
234 250 229 
485 337 174 
443 256 21 
184 374 153 
257 136 141 
351 403 389 
280 245 403 
72 267 143 
388 387 310 
365 395 188 
391 303 77 
45 182 463 
135 120 112 
67 156 295 
259 462 64 
41 377 162 
465 289 244 
312 236 309 
95 203 489 
244 216 416 
167 140 354 
404 283 282 
337 332 435 
452 156 373 
241 217 439 
72 6 458 
179 45 105 
197 208 24 
485 89 18 
9 314 389 
403 445 4 
114 292 151 
481 489 231 
97 102 34 
90 112 294 
338 115 322 
0 185 179 
93 486 460 
4 42 211 
167 319 341 
473 19 336 
233 43 228 
43 208 491 
378 167 180 
184 483 448 
101 408 342 
333 291 277 
204 125 161 
62 247 461 
368 233 188 
423 410 391 
333 369 174 
372 432 32 
76 197 4 
229 206 248 
26 299 74 
495 201 267 
381 182 442 
212 334 387 
230 433 27 
291 189 142 
268 452 37 
52 49 309 
110 338 98 
31 228 337 
100 462 343 
495 67 263 
454 443 463 
102 460 385 
115 222 144 
94 100 270 
275 247 380 
452 393 32 
90 477 240 
395 275 488 
34 287 292 
447 487 155 
443 260 310 
131 172 9 
76 203 393 
168 199 243 
409 70 494 
463 406 239 
46 289 285 
325 64 120 
411 498 482 
411 419 482 
465 339 135 
442 89 382 
422 468 28 
475 447 379 
153 412 387 
113 492 282 
57 44 268 
419 111 163 
277 276 269 
172 132 110 
274 171 129 
361 15 88 
283 413 236 
306 364 217 
378 60 211 
85 367 470 
223 71 237 
189 322 2 
222 51 140 
308 490 21 
487 355 391 
223 263 23 
333 464 275 
106 270 312 
366 116 113 
351 473 230 
363 458 390 
319 331 200 
294 411 19 
427 320 476 
33 151 432 
157 192 37 
328 466 184 
325 342 95 
303 333 480 
438 153 232 
198 131 85 
315 185 6 
367 195 142 
460 207 374 
445 435 290 
300 223 271 
403 410 403 
325 342 450 
56 74 9 
161 93 408 
281 378 244 
441 487 493 
305 387 68 
320 167 151 
244 489 39 
50 59 237 
416 498 150 
433 436 497 
75 188 393 
289 395 413 
230 217 330 
423 289 179 
239 70 329 
167 395 256 
256 491 275 
314 370 425 
177 390 167 
331 323 271 
99 126 132 
43 133 195 
285 248 305 
491 244 129 
54 45 343 
361 65 138 
471 300 431 
76 321 17 
275 280 403 
123 411 366 
44 95 393 
140 101 480 
207 108 363 
179 496 274 
398 326 362 
51 229 195 
405 243 93 
38 190 234 
480 268 357 
194 166 364 
9 80 35 
357 357 418 
485 453 244 
364 253 477 
355 396 36 
28 119 389 
384 94 18 
167 328 499 
82 298 346 
206 257 195 
89 413 29 
420 330 262 
476 44 24 
363 284 336 
71 318 444 
127 443 45 
447 83 251 
394 215 401 
401 263 447 
66 242 92 
237 365 229 
418 142 298 
368 109 300 
44 359 345 
191 383 253 
415 337 291 
435 271 355 
378 344 105 
232 430 111 
193 472 160 
115 496 307 
78 221 270 
254 414 464 
78 471 424 
346 281 68 
328 115 51 
109 110 51 
151 43 1 
354 498 94 
394 39 411 
223 323 351 
318 139 434 
419 467 499 
36 488 202 
232 128 328 
270 449 169 
338 291 253 
46 48 89 
290 331 220 
442 199 277 
341 312 238 
447 344 421 
243 103 211 
91 34 21 
367 369 160 
298 338 159 
316 305 420 
202 403 131 
257 321 490 
222 72 299 
186 166 420 
419 494 456 
444 61 189 
163 402 24 
415 491 417 
105 442 400 
123 466 105 
5 378 196 
465 55 431 
295 17 130 
453 457 44 
242 304 174 
491 410 450 
87 52 162 
68 308 453 
296 278 64 
314 262 48 
105 394 279 
244 238 198 
224 65 10 
80 65 275 
407 311 336 
434 163 256 
174 385 174 
97 469 208 
356 294 123 
393 230 288 
90 4 313 
357 421 122 
168 279 130 
208 256 167 
488 226 385 
366 17 6 
439 14 302 
479 370 114 
392 298 144 
408 412 284 
10 148 302 
272 83 180 
21 345 132 
451 414 431 
119 81 224 
122 344 5 
245 395 130 
29 476 359 
308 493 391 
379 208 240 
407 66 424 
35 82 223 
81 268 265 
71 360 94 
4 11 81 
299 76 235 
487 124 312 
357 228 21 
283 217 0 
353 465 79 
244 489 356 
171 213 353 
492 326 88 
328 260 157 
20 256 364 
399 48 489 
208 325 434 
268 93 294 
81 182 175 
429 356 319 
263 453 228 
9 464 443 
300 208 342 
456 380 91 
474 60 363 
490 281 276 
9 295 428 
460 358 196 
289 451 301 
135 480 347 
238 42 293 
278 456 42 
434 214 66 
362 80 342 
200 496 232 
394 33 151 
300 318 277 
377 236 284 
486 169 215 
122 192 201 
143 307 190 
306 94 85 
307 113 6 
88 290 450 
179 20 202 
496 52 109 
139 207 81 
212 218 270 
424 497 191 
341 308 223 
37 380 462 
85 147 367 
347 243 431 
222 343 1 
384 416 15 
273 29 139 
496 439 192 
46 183 94 
153 207 497 
135 36 230 
456 253 242 
104 119 441 
221 38 71 
407 186 484 
176 454 113 
205 416 253 
348 333 371 
34 461 17 
463 65 350 
496 86 118 
410 139 246 
253 54 469 
381 407 477 
470 483 206 
177 377 210 
257 100 251 
461 453 437 
353 369 120 
153 151 224 
89 92 269 
131 98 468 
157 211 435 
436 270 24 
255 318 91 
167 423 377 
219 174 363 
306 13 63 
469 26 68 
234 323 492 
269 79 417 
89 290 372 
427 310 23 
59 161 61 
372 64 413 
73 129 235 
155 300 431 
77 40 218 
240 242 432 
424 202 6 
41 35 25 
468 398 396 
370 401 406 
229 489 477 
198 357 231 
202 413 337 
141 414 337 
331 360 478 
352 196 198 
69 67 271 
427 241 368 
285 285 351 
419 404 106 
358 485 168 
387 462 268 
140 399 188 
83 126 330 
69 246 318 
440 113 284 
237 202 125 
117 215 290 
12 123 86 
140 283 364 
122 130 208 
121 275 410 
218 475 226 
239 0 327 
417 20 91 
90 245 265 
434 90 129 
192 269 47 
316 65 178 
17 335 291 
477 319 19 
254 157 399 
55 209 136 
276 239 420 
340 353 13 
272 449 408 
175 152 189 
427 490 276 
110 372 222 
98 403 200 
188 296 172 
393 381 409 
343 97 316 
320 145 183 
67 62 338 
210 42 445 
271 248 254 
469 158 40 
206 363 160 
357 129 418 
15 279 164 
77 233 229 
17 16 269 
476 68 127 
285 55 326 
329 74 160 
77 259 217 
39 441 387 
410 131 481 
4 75 137 
457 192 186 
354 395 118 
296 137 379 
35 363 321 
170 79 3 
68 252 249 
170 200 402 
302 274 17 
155 320 48 
298 286 348 
230 173 161 
110 104 252 
249 253 68 
9 83 282 
30 30 23 
183 144 291 
396 201 143 
190 328 387 
82 421 398 
70 403 327 
397 373 437 
460 115 390 
2 275 415 
88 198 278 
389 240 76 
437 153 199 
376 212 436 
430 18 279 
179 353 351 
360 36 374 
165 135 359 
257 294 35 
65 477 174 
66 269 494 
370 323 393 
307 231 56 
212 372 182 
302 154 464 
70 345 7 
256 483 293 
458 192 434 
311 183 372 
427 34 220 
179 174 421 
330 112 207 
45 270 473 
237 177 150 
5 499 254 
75 319 115 
498 442 137 
115 333 412 
203 24 274 
201 244 209 
488 413 356 
141 316 466 
60 295 144 
30 407 448 
474 366 170 
339 67 363 
294 425 312 
413 39 194 
403 486 56 
72 119 170 
119 331 197 
330 371 83 
259 333 448 
135 431 167 
305 419 261 
173 315 337 
218 446 334 
412 345 54 
314 285 180 
388 412 387 
432 45 476 
290 2 88 
261 373 382 
64 372 98 
482 295 194 
486 224 293 
209 178 158 
36 403 160 
259 140 254 
360 95 330 
180 80 203 
271 243 86 
263 55 90 
281 189 395 
282 206 62 
152 67 178 
393 222 23 
329 212 77 
277 246 208 
240 284 54 
397 24 175 
431 186 255 
377 386 35 
182 374 85 
452 169 256 
287 275 295 
408 437 331 
314 13 472 
395 201 464 
109 438 225 
275 284 89 
173 7 400 
464 342 225 
91 286 35 
452 448 23 
118 481 283 
304 188 197 
485 282 204 
340 236 132 
148 483 228 
415 319 147 
454 40 59 
378 483 345 
211 223 29 
274 213 133 
77 14 295 
294 392 326 
339 14 189 
377 73 19 
324 155 341 
275 97 294 
215 425 339 
97 300 226 
273 416 106 
60 87 456 
491 377 331 
25 223 45 
66 8 64 
378 241 182 
175 274 154 
335 98 412 
476 170 96 
372 248 225 
106 475 100 
127 216 22 
34 279 339 
196 159 37 
334 92 434 
479 91 262 
309 340 2 
77 23 404 
173 402 479 
241 43 400 
376 168 159 
179 294 493 
176 75 182 
412 223 298 
470 272 289 
190 496 86 
180 118 121 
427 289 33 
350 367 0 
36 27 326 
475 353 125 
261 160 216 
370 366 411 
471 274 146 
461 262 93 
451 487 308 
268 330 342 
262 490 351 
196 245 45 
484 57 128 
309 8 365 
100 109 89 
5 135 464 
182 264 68 
367 438 135 
293 426 310 
449 29 125 
234 339 477 
210 236 152 
29 493 410 
489 400 160 
437 227 168 
356 119 62 
364 332 213 
3 360 305 
83 354 299 
367 10 86 
189 280 427 
197 421 51 
390 372 222 
377 353 356 
213 404 388 
404 77 456 
499 347 487 
70 263 377 
498 167 219 
262 420 215 
49 419 160 
105 32 178 
356 80 441 
156 14 311 
239 166 386 
369 157 414 
67 426 390 
480 207 403 
16 245 471 
462 138 499 
308 355 480 
295 235 403 
158 464 486 
209 429 305 
352 108 421 
119 321 103 
344 377 135 
285 324 356 
137 302 160 
447 393 14 
353 416 78 
417 36 70 
493 419 345 
132 453 395 
10 458 149 
459 489 202 
400 266 169 
141 92 15 
84 45 105 
62 239 156 
486 314 99 
391 51 458 
87 221 102 
144 220 14 
407 52 60 
260 55 461 
151 21 156 
39 496 159 
455 197 3 
46 83 417 
261 316 278 
91 233 243 
311 287 227 
415 306 456 
95 226 30 
370 447 38 
73 190 94 
363 457 333 
165 14 242 
43 16 218 
63 455 238 
270 27 433 
307 491 461 
99 382 292 
142 420 87 
0 216 39 
147 69 391 
117 363 463 
10 280 404 
423 219 88 
452 94 124 
130 390 218 
47 127 496 
185 351 394 
498 373 341 
415 84 328 
189 441 140 
300 241 247 
74 343 392 
284 141 105 
25 385 318 
395 211 11 
281 269 129 
170 25 211 
491 480 9 
82 484 263 
457 297 451 
99 186 215 
112 424 129 
393 131 329 
228 149 417 
201 323 111 
8 99 156 
354 370 265 
201 218 390 
145 273 377 
297 297 346 
261 20 13 
438 251 379 
471 295 354 
483 111 401 
486 397 37 
7 39 207 
413 261 169 
304 309 224 
38 136 10 
493 265 394 
476 337 286 
165 100 134 
351 14 41 
490 374 392 
187 428 324 
291 129 437 
283 135 45 
393 403 441 
274 332 348 
300 305 64 
407 338 42 
147 182 54 
42 227 39 
286 110 238 
253 69 219 
437 172 79 
417 425 227 
482 295 444 
135 105 260 
190 405 224 
484 492 473 
94 168 219 
267 79 85 
497 408 406 
125 24 235 
128 173 453 
77 263 76 
216 498 118 
215 43 306 
62 150 245 
456 434 254 
388 179 268 
249 106 14 
323 460 133 
50 410 247 
432 392 55 
84 54 424 
337 290 230 
454 371 237 
196 279 42 
437 14 376 
3 35 99 
319 330 287 
291 232 259 
403 173 32 
487 148 301 
72 38 424 
225 16 408 
293 242 46 
455 414 269 
270 160 56 
232 129 18 
363 163 448 
268 179 71 
263 347 490 
159 170 239 
495 447 70 
115 270 162 
33 109 51 
304 245 488 
185 16 244 
89 132 137 
302 309 490 
179 35 424 
272 137 492 
103 173 325 
364 344 109 
308 256 148 
132 342 276 
407 317 65 
296 328 257 
454 116 395 
437 109 29 
374 45 215 
430 484 499 
219 158 423 
488 377 359 
50 394 309 
268 58 412 
399 484 218 
378 329 136 
81 220 84 
351 68 463 
17 224 330 
295 43 209 
19 120 125 
275 282 352 
249 419 455 
33 188 468 
85 160 290 
334 50 171 
495 175 95 
470 352 404 
