1000
3
463 367 86 
410 109 310 
129 69 16 
172 465 23 
405 395 448 
171 391 408 
124 179 311 
231 421 355 
192 221 36 
135 20 350 
379 113 397 
371 214 240 
71 127 295 
401 19 365 
297 422 232 
121 418 484 
93 73 208 
70 244 332 
288 225 23 
109 223 197 
341 369 480 
85 408 98 
354 322 341 
293 67 382 
165 496 79 
496 448 297 
28 404 139 
323 26 276 
28 235 478 
398 442 455 
340 399 370 
107 63 306 
117 401 283 
481 36 486 
173 448 94 
364 17 123 
422 111 313 
322 37 259 
378 257 326 
424 422 75 
106 453 421 
184 158 269 
188 287 141 
251 131 393 
387 248 59 
480 326 152 
285 88 321 
165 418 143 
483 329 460 
258 431 48 
90 351 422 
137 341 454 
81 453 427 
77 58 262 
476 495 206 
170 395 362 
85 325 378 
87 90 201 
195 411 249 
57 489 261 
6 373 151 
403 120 0 
12 448 460 
441 87 303 
297 4 405 
217 358 385 
25 97 39 
299 272 17 
380 234 444 
373 118 487 
323 36 420 
249 96 174 
107 141 262 
118 322 257 
24 362 14 
458 442 21 
470 436 243 
357 3 381 
216 348 483 
425 280 341 
12 14 120 
73 411 212 
370 297 130 
434 487 260 
304 479 460 
313 185 112 
411 381 191 
467 123 307 
63 24 316 
361 276 160 
475 453 269 
231 3 229 
34 321 121 
368 47 189 
140 189 193 
225 473 89 
158 21 141 
447 408 50 
193 471 41 
253 414 241 
162 17 39 
406 158 158 
264 1 206 
251 453 382 
184 191 284 
327 73 226 
152 241 361 
451 346 389 
345 222 126 
340 59 13 
396 230 270 
288 322 106 
99 431 175 
111 118 453 
449 395 259 
120 134 85 
93 375 32 
170 117 8 
392 481 179 
193 410 211 
475 427 356 
469 55 31 
17 393 169 
45 328 125 
499 296 106 
12 294 100 
372 495 92 
34 486 224 
156 193 250 
457 177 162 
433 259 326 
238 373 427 
305 308 11 
210 298 390 
88 278 155 
422 367 244 
334 82 438 
253 115 445 
382 482 412 
425 280 107 
416 50 46 
401 92 49 
272 102 257 
210 449 478 
127 388 330 
425 401 470 
441 440 271 
115 450 3 
353 304 267 
432 487 114 
154 257 167 
407 210 244 
161 5 19 
52 498 446 
355 140 347 
432 329 324 
18 316 108 
400 205 335 
205 481 51 
341 474 291 
211 54 193 
377 46 180 
209 269 273 
126 63 459 
153 222 52 
381 32 481 
255 266 57 
161 103 39 
476 342 352 
159 487 470 
23 311 185 
334 475 482 
262 33 130 
99 216 67 
73 345 389 
108 149 145 
381 489 287 
342 219 232 
311 410 375 
467 346 433 
256 426 373 
247 293 346 
290 44 454 
323 234 207 
241 150 240 
117 2 120 
114 343 433 
102 102 86 
231 469 12 
472 32 499 
327 275 227 
497 217 76 
355 321 97 
170 487 276 
140 61 234 
253 156 54 
401 80 26 
163 498 45 
94 13 241 
289 253 90 
270 22 331 
134 426 380 
155 333 167 
273 312 82 
128 410 237 
444 266 481 
49 138 181 
394 218 102 
118 314 301 
415 418 122 
371 411 48 
304 366 220 
165 414 430 
127 65 48 
383 247 349 
297 169 276 
384 397 388 
160 123 53 
274 319 478 
160 409 331 
265 242 282 
416 379 393 
196 30 399 
375 51 145 
321 347 38 
185 199 196 
396 366 141 
31 195 143 
482 353 493 
347 14 40 
80 291 294 
453 33 384 
360 20 154 
176 460 424 
98 372 230 
409 234 264 
237 263 481 
142 465 97 
236 417 91 
403 456 30 
19 443 97 
230 62 121 
313 348 493 
214 87 359 
341 312 82 
411 70 348 
217 72 64 
122 45 427 
217 232 205 
421 49 318 
382 223 171 
494 477 252 
209 284 182 
203 223 163 
426 261 297 
155 404 463 
243 466 237 
225 447 493 
499 49 475 
168 404 55 
392 434 317 
263 490 284 
18 17 66 
125 499 158 
166 139 486 
271 228 261 
135 147 115 
316 89 159 
99 93 264 
141 440 45 
156 467 93 
356 402 249 
366 423 405 
373 213 141 
429 44 234 
378 392 422 
63 115 309 
296 12 242 
233 154 346 
109 488 11 
283 74 358 
437 127 238 
224 210 390 
417 195 136 
122 179 48 
114 275 111 
177 228 66 
28 403 446 
175 160 249 
286 455 170 
62 466 226 
192 328 272 
394 7 89 
209 270 68 
111 430 118 
403 63 200 
48 167 322 
174 167 300 
60 424 376 
177 142 279 
191 54 199 
119 324 359 
88 342 187 
264 490 243 
365 269 229 
431 445 301 
307 301 163 
258 449 5 
388 175 102 
306 279 210 
498 61 397 
399 191 473 
368 403 196 
394 66 307 
43 191 484 
83 61 471 
58 41 171 
241 367 243 
36 419 265 
382 490 25 
324 11 463 
240 150 328 
286 49 352 
104 202 308 
337 238 103 
446 156 399 
231 119 97 
244 373 365 
371 436 138 
58 105 4 
232 65 55 
120 472 172 
476 302 191 
346 134 173 
413 8 2 
20 383 447 
419 266 460 
357 362 101 
418 485 144 
379 375 113 
288 493 315 
349 119 413 
429 449 110 
224 10 197 
400 31 130 
27 77 230 
166 395 334 
385 174 430 
154 189 293 
164 403 409 
7 355 267 
254 212 233 
306 37 74 
295 249 118 
289 494 0 
126 87 359 
141 450 433 
221 65 207 
283 98 61 
259 48 479 
494 394 267 
258 293 330 
346 359 158 
129 68 11 
268 28 246 
8 419 85 
177 305 138 
487 400 34 
272 319 94 
22 426 499 
352 241 186 
13 5 268 
51 109 78 
104 333 269 
377 139 312 
171 473 107 
313 194 121 
341 325 441 
95 26 339 
492 411 20 
265 33 372 
403 15 368 
411 495 72 
224 468 147 
69 440 87 
368 56 458 
64 136 354 
67 414 199 
25 469 461 
204 410 71 
410 33 139 
241 42 240 
17 105 228 
26 148 77 
387 25 219 
248 137 27 
248 89 309 
155 426 117 
376 71 387 
106 350 236 
92 324 376 
34 47 412 
155 233 427 
305 172 269 
380 366 228 
405 484 451 
262 494 17 
164 184 47 
460 180 143 
354 298 420 
376 7 195 
174 215 469 
77 325 226 
117 175 11 
203 131 219 
171 291 68 
442 110 53 
211 102 196 
239 172 162 
151 183 90 
302 223 373 
157 222 159 
41 419 114 
297 389 353 
376 485 50 
202 58 298 
288 217 17 
253 351 360 
60 252 320 
407 110 104 
369 344 268 
372 170 369 
232 205 269 
285 353 138 
345 172 473 
397 31 345 
404 349 210 
186 219 483 
73 38 390 
56 375 264 
422 21 331 
69 223 478 
2 440 446 
45 359 277 
195 298 333 
99 291 136 
340 128 193 
419 277 3 
71 486 96 
6 44 461 
481 306 324 
403 151 103 
220 393 438 
409 284 339 
147 149 219 
120 142 438 
231 334 176 
223 358 341 
287 109 209 
300 331 479 
191 134 126 
34 346 322 
256 376 330 
274 322 360 
410 134 77 
279 446 453 
172 400 115 
370 227 490 
122 97 38 
432 484 50 
22 484 266 
451 298 175 
66 477 282 
86 77 360 
149 139 361 
355 26 149 
346 116 103 
33 240 158 
301 273 294 
149 239 15 
178 203 305 
75 394 272 
68 2 129 
445 201 219 
482 19 316 
379 230 50 
228 2 362 
105 138 346 
130 124 174 
400 453 5 
97 298 105 
469 60 102 
130 70 165 
330 431 258 
22 317 152 
287 375 163 
392 131 153 
25 336 268 
297 287 233 
105 127 23 
227 107 77 
358 410 334 
47 443 370 
180 229 416 
456 196 383 
478 488 153 
177 333 214 
374 104 0 
456 34 434 
159 325 29 
490 422 353 
197 175 355 
326 187 371 
45 343 258 
15 275 231 
115 450 492 
433 280 343 
437 180 262 
49 462 114 
218 499 302 
262 435 441 
1 250 206 
246 68 79 
24 226 199 
228 473 452 
48 250 58 
326 173 488 
52 25 372 
437 184 421 
206 251 220 
332 117 439 
120 99 44 
399 182 43 
218 326 256 
294 235 174 
492 403 455 
8 334 231 
383 211 130 
30 257 211 
324 470 86 
306 448 407 
368 194 60 
484 71 307 
66 410 0 
359 293 358 
132 368 447 
209 367 488 
171 53 380 
101 492 95 
129 288 166 
118 349 228 
55 182 18 
57 127 20 
138 279 325 
58 370 173 
309 346 486 
62 158 306 
140 232 261 
140 27 195 
441 128 288 
77 434 263 
439 328 272 
381 440 66 
29 432 202 
142 203 60 
250 126 369 
83 101 21 
186 270 267 
458 127 193 
116 23 26 
488 277 274 
87 459 264 
439 412 270 
133 423 373 
170 17 168 
329 195 250 
413 69 495 
297 256 234 
476 416 199 
491 190 154 
257 257 36 
20 415 70 
269 296 172 
1 347 430 
253 384 160 
364 285 322 
93 46 453 
472 480 238 
316 418 149 
70 303 179 
253 427 112 
64 180 182 
336 467 341 
379 443 289 
156 323 412 
426 425 252 
371 430 204 
219 228 91 
333 103 156 
223 468 277 
298 36 149 
150 424 10 
135 239 405 
426 352 17 
65 347 199 
366 352 179 
293 183 443 
201 184 328 
276 398 114 
226 345 95 
10 222 368 
5 494 363 
450 136 38 
126 126 234 
124 222 285 
320 270 486 
81 178 132 
370 55 444 
110 274 298 
269 175 126 
13 472 415 
497 245 196 
136 362 453 
472 156 44 
71 496 215 
342 248 86 
385 393 323 
453 254 10 
210 314 338 
316 270 480 
320 124 459 
18 274 29 
9 191 232 
275 406 89 
419 40 255 
384 172 265 
457 423 5 
443 442 226 
56 445 329 
43 108 455 
104 78 205 
238 453 179 
137 195 64 
251 208 474 
495 83 188 
47 216 494 
19 415 104 
467 434 329 
193 70 232 
341 263 295 
439 267 288 
400 75 257 
219 53 453 
66 409 371 
34 19 431 
431 154 48 
288 238 452 
108 458 340 
56 7 206 
364 120 408 
245 219 32 
227 50 314 
13 317 401 
176 237 435 
294 213 297 
106 496 172 
111 164 105 
135 167 348 
206 308 414 
476 83 170 
463 328 422 
274 382 364 
114 72 14 
278 492 122 
139 494 69 
443 53 287 
330 302 268 
234 425 330 
49 259 121 
370 277 0 
33 350 65 
75 346 292 
127 249 36 
222 445 20 
231 73 75 
473 407 174 
98 454 181 
106 37 43 
313 319 396 
329 122 179 
137 349 29 
497 315 259 
254 130 44 
2 371 331 
127 239 43 
0 199 203 
148 274 341 
427 494 286 
197 99 465 
14 346 31 
457 25 341 
396 137 423 
127 82 17 
51 440 488 
221 88 25 
52 71 263 
265 66 285 
347 448 214 
433 96 160 
180 29 130 
90 363 339 
170 182 271 
330 7 191 
450 316 443 
33 99 308 
341 96 265 
364 275 405 
286 132 440 
357 247 52 
116 328 57 
113 301 456 
402 399 390 
391 306 316 
39 461 30 
482 471 116 
134 310 218 
338 143 9 
35 1 152 
453 495 443 
102 6 472 
83 320 193 
157 248 441 
46 159 445 
324 255 225 
255 106 487 
169 444 162 
29 354 113 
451 66 123 
399 324 346 
262 166 68 
316 158 46 
129 468 342 
283 334 231 
355 204 498 
238 162 352 
149 384 51 
374 158 342 
238 64 319 
340 211 179 
137 446 129 
174 195 76 
453 484 394 
64 258 367 
218 231 145 
228 372 211 
489 400 125 
424 81 86 
367 45 402 
251 268 58 
496 435 175 
45 474 415 
200 254 390 
38 244 211 
211 330 10 
245 249 280 
120 97 284 
16 421 371 
45 312 313 
62 250 390 
495 449 389 
369 247 362 
379 81 384 
232 303 472 
449 39 267 
139 308 285 
40 492 277 
275 321 294 
345 274 153 
151 455 149 
326 154 290 
204 222 285 
185 451 477 
153 65 77 
354 425 473 
362 295 274 
86 348 249 
178 429 63 
133 20 417 
297 320 371 
73 421 217 
225 11 211 
436 489 140 
346 156 218 
484 138 79 
27 471 245 
226 451 482 
429 332 208 
52 335 344 
229 169 419 
35 170 480 
176 140 177 
8 415 110 
459 205 480 
184 40 106 
425 332 95 
344 436 199 
466 238 8 
238 323 243 
416 221 25 
240 216 172 
62 107 181 
179 81 315 
479 72 459 
83 177 52 
219 165 166 
103 24 167 
275 213 172 
380 342 310 
466 362 498 
86 492 280 
341 165 67 
35 407 242 
257 291 304 
279 14 327 
93 146 339 
83 187 399 
44 13 50 
277 219 346 
166 432 126 
352 381 377 
26 196 173 
402 399 192 
236 24 109 
319 289 489 
112 88 480 
128 96 342 
383 449 411 
429 365 159 
121 3 209 
232 443 85 
357 23 392 
360 248 457 
328 233 210 
394 134 229 
190 440 221 
175 98 430 
343 200 155 
31 295 48 
176 399 485 
422 318 27 
116 86 282 
467 364 461 
431 60 58 
207 246 376 
70 352 224 
199 256 67 
175 186 387 
171 341 475 
58 241 99 
144 419 389 
286 287 102 
55 424 203 
44 213 381 
498 131 341 
208 18 283 
11 226 407 
342 109 383 
166 207 481 
465 193 268 
17 33 63 
20 211 252 
91 181 255 
442 461 51 
313 267 499 
33 23 380 
192 432 392 
5 183 318 
141 269 388 
357 121 410 
247 195 260 
116 192 98 
324 156 496 
332 183 274 
262 37 157 
48 408 344 
443 158 93 
465 354 136 
139 62 306 
431 94 441 
278 188 355 
265 265 78 
339 479 292 
251 240 224 
394 74 66 
398 189 284 
388 70 178 
378 118 162 
257 267 467 
383 116 247 
144 445 286 
180 340 90 
304 436 387 
217 302 328 
82 417 429 
400 77 135 
185 404 15 
133 307 32 
383 91 493 
459 132 4 
376 47 44 
210 64 393 
22 267 358 
198 46 74 
60 155 2 
30 227 206 
170 318 294 
236 194 97 
491 359 324 
469 490 235 
397 455 326 
313 316 433 
48 271 230 
76 59 492 
402 97 117 
73 405 52 
457 29 454 
413 178 166 
332 180 313 
125 52 190 
291 468 494 
37 477 230 
57 65 465 
207 19 197 
450 250 480 
326 157 446 
318 447 482 
485 9 387 
418 456 469 
79 155 324 
125 304 38 
121 332 429 
429 66 319 
102 301 416 
37 249 331 
332 83 370 
332 237 157 
290 223 358 
463 48 87 
178 313 65 
349 373 269 
6 410 439 
398 356 48 
133 38 212 
383 203 189 
37 344 114 
13 303 418 
478 282 186 
83 44 487 
4 379 363 
305 136 28 
433 488 132 
323 325 0 
330 427 71 
109 399 439 
87 33 5 
394 180 104 
35 451 9 
470 231 307 
195 95 15 
123 131 160 
461 267 266 
256 378 385 
335 294 319 
448 464 249 
268 257 341 
8 24 31 
405 197 401 
127 131 324 
312 199 367 
149 394 68 
63 54 112 
403 69 43 
257 69 454 
465 346 27 
207 262 209 
17 16 7 
323 159 351 
280 373 274 
8 492 494 
326 163 418 
168 360 366 
491 92 196 
298 351 223 
325 17 432 
51 431 358 
444 304 43 
232 108 485 
289 172 392 
147 496 187 
363 181 144 
