1000
3
336 50 22 
259 226 491 
121 416 142 
339 75 61 
226 432 30 
317 139 121 
250 371 391 
35 322 208 
338 204 43 
495 334 155 
489 310 433 
27 268 451 
82 248 26 
23 335 72 
60 72 486 
251 178 477 
249 389 445 
297 420 353 
72 337 283 
219 135 204 
229 472 61 
499 341 94 
101 290 396 
247 459 68 
488 423 272 
430 21 30 
132 43 189 
332 304 497 
213 183 25 
240 6 235 
329 452 358 
382 313 358 
74 187 419 
416 133 341 
449 77 475 
485 359 216 
467 312 55 
256 259 191 
331 450 26 
2 345 237 
477 424 223 
254 231 45 
172 11 318 
213 260 5 
464 297 44 
266 334 101 
142 430 169 
113 8 171 
354 454 179 
340 244 172 
40 223 278 
277 70 341 
138 197 4 
123 298 474 
123 256 358 
464 3 334 
334 469 359 
112 474 306 
395 333 28 
277 214 343 
399 351 481 
394 490 176 
7 355 11 
391 459 254 
222 312 468 
307 494 272 
223 242 360 
51 480 231 
307 241 443 
141 268 139 
206 211 317 
363 89 235 
181 295 401 
179 109 70 
161 291 82 
48 331 165 
36 167 440 
498 286 436 
408 457 151 
405 337 284 
285 434 374 
312 224 466 
335 6 371 
438 460 113 
196 346 12 
298 430 381 
164 310 101 
224 445 77 
165 471 343 
155 383 359 
268 457 448 
308 186 246 
396 378 80 
14 144 399 
476 485 125 
280 489 13 
82 317 148 
318 156 64 
303 115 193 
230 97 110 
53 465 218 
114 482 217 
318 45 304 
70 376 164 
492 128 437 
303 227 42 
467 237 334 
466 318 149 
118 345 42 
381 209 363 
6 20 412 
149 40 291 
125 403 286 
449 260 62 
306 11 455 
475 372 495 
206 290 428 
128 141 485 
73 71 210 
333 345 294 
315 267 151 
35 353 394 
433 221 190 
164 110 26 
69 367 183 
428 437 306 
187 97 283 
476 85 266 
333 18 299 
284 336 136 
109 211 74 
66 79 141 
39 417 259 
260 133 62 
115 220 158 
256 335 34 
77 121 40 
157 98 14 
458 374 432 
384 159 237 
309 348 129 
144 369 180 
373 412 67 
284 439 467 
78 267 464 
279 423 477 
158 126 449 
370 106 459 
13 338 314 
385 108 277 
266 492 144 
131 58 132 
426 268 283 
346 79 210 
480 238 208 
487 276 223 
313 75 91 
187 195 307 
177 111 479 
7 350 187 
83 347 114 
474 362 320 
476 312 311 
223 453 365 
26 343 292 
258 297 304 
38 136 272 
24 434 194 
108 281 273 
489 341 262 
341 66 322 
7 449 395 
446 8 379 
339 253 313 
45 363 293 
80 304 223 
360 352 471 
351 106 475 
161 482 148 
44 206 361 
461 22 444 
65 345 8 
486 279 364 
453 2 157 
404 450 84 
398 247 112 
471 460 412 
144 468 158 
385 137 178 
392 400 172 
125 347 483 
179 299 334 
388 200 121 
227 65 133 
158 307 304 
386 39 305 
457 179 219 
322 335 236 
486 6 201 
95 405 252 
154 12 417 
487 217 5 
42 425 455 
357 350 293 
252 100 218 
357 497 144 
213 335 318 
217 245 248 
279 456 139 
75 313 26 
172 137 154 
445 425 69 
113 333 324 
347 178 488 
413 34 250 
88 76 298 
495 141 473 
26 458 139 
152 327 113 
259 213 394 
253 298 145 
435 414 411 
231 30 299 
145 37 176 
12 213 262 
131 110 439 
157 419 6 
169 217 193 
90 8 373 
378 93 478 
479 185 366 
109 28 427 
261 418 2 
464 414 168 
139 307 223 
320 346 470 
48 4 400 
364 434 124 
149 195 101 
364 48 402 
311 49 317 
34 215 89 
91 21 259 
354 411 488 
202 343 492 
40 73 100 
271 460 309 
127 499 91 
366 469 387 
294 300 392 
241 34 243 
152 259 115 
261 1 12 
208 171 334 
452 306 264 
220 201 121 
104 250 27 
266 433 57 
247 435 188 
17 61 365 
322 159 95 
163 497 495 
426 170 15 
281 303 361 
447 299 499 
475 47 170 
405 367 410 
402 45 250 
338 337 315 
110 398 352 
373 60 323 
293 438 273 
89 233 124 
449 317 426 
217 323 229 
145 199 61 
260 421 141 
280 360 240 
210 254 110 
223 308 212 
41 330 397 
123 464 454 
476 43 306 
387 123 110 
36 299 206 
378 462 68 
255 38 226 
278 441 72 
314 263 264 
133 209 228 
226 338 378 
463 192 58 
232 19 427 
285 434 133 
306 115 387 
72 426 200 
318 35 466 
456 494 279 
200 2 224 
417 312 370 
214 151 437 
20 199 434 
58 193 172 
375 16 156 
343 147 465 
162 179 101 
108 358 145 
452 21 489 
406 127 139 
235 498 456 
367 419 369 
72 116 137 
373 388 412 
208 375 430 
182 316 483 
360 476 333 
27 343 253 
483 311 433 
125 267 77 
191 290 74 
244 13 100 
238 491 295 
47 165 48 
369 384 299 
398 473 310 
232 176 345 
204 298 255 
21 153 441 
328 254 83 
256 4 273 
464 348 462 
271 123 437 
83 493 20 
325 400 13 
12 10 495 
95 88 8 
79 442 399 
32 396 75 
31 132 280 
265 289 422 
209 204 46 
229 135 488 
436 55 317 
413 325 177 
392 3 442 
53 61 24 
103 301 300 
107 423 471 
281 10 164 
177 123 24 
401 239 216 
364 432 199 
69 158 199 
336 18 323 
110 24 26 
485 64 184 
45 428 408 
351 155 432 
403 266 403 
316 79 491 
232 241 370 
74 232 265 
329 313 102 
142 80 403 
418 371 5 
247 301 217 
433 439 233 
496 39 361 
16 104 383 
339 345 208 
365 147 437 
269 468 226 
405 364 150 
297 148 84 
408 130 451 
406 204 53 
408 59 306 
407 93 119 
115 88 331 
412 447 461 
335 275 466 
65 296 427 
16 357 404 
440 487 135 
345 175 418 
204 144 319 
255 271 456 
89 61 322 
180 353 305 
183 272 428 
183 320 74 
403 402 248 
347 218 244 
334 424 262 
159 20 334 
496 454 333 
474 186 32 
336 162 393 
196 237 382 
55 312 191 
38 328 180 
264 182 459 
456 296 76 
153 438 196 
189 296 143 
164 407 363 
392 57 427 
468 81 81 
276 353 353 
216 104 163 
118 151 159 
115 396 489 
329 35 289 
426 28 209 
341 41 64 
24 295 482 
52 420 0 
288 135 96 
222 477 279 
99 18 476 
437 312 205 
4 57 259 
385 147 325 
171 184 134 
215 78 469 
352 360 298 
82 491 417 
147 94 422 
88 290 377 
365 251 255 
154 363 477 
227 245 454 
378 342 34 
250 494 332 
406 351 101 
371 450 13 
258 188 113 
186 330 91 
95 215 60 
298 136 396 
176 267 5 
210 241 110 
399 484 56 
129 399 142 
303 457 43 
282 78 158 
120 176 365 
256 247 412 
55 186 25 
83 295 273 
363 259 74 
393 436 322 
57 99 351 
482 316 31 
264 323 400 
323 366 322 
442 301 387 
253 58 377 
374 324 251 
118 358 222 
128 14 483 
26 432 54 
429 313 111 
477 385 165 
450 362 346 
377 322 476 
273 180 488 
337 260 152 
292 11 175 
362 468 363 
265 300 11 
497 316 112 
360 46 2 
425 33 453 
160 461 486 
116 463 476 
332 18 293 
355 110 154 
142 453 47 
475 437 372 
152 347 342 
469 261 87 
434 473 16 
381 290 348 
163 381 473 
489 324 154 
173 116 434 
180 429 192 
178 447 496 
124 412 152 
58 176 268 
76 410 245 
338 363 268 
378 358 482 
125 48 80 
368 419 113 
224 263 143 
41 441 139 
163 178 170 
298 409 325 
18 62 127 
486 101 204 
283 116 220 
485 295 487 
88 282 379 
447 396 14 
396 478 261 
361 361 139 
141 14 95 
262 112 465 
438 252 489 
313 443 395 
69 412 11 
351 113 137 
119 323 383 
377 184 91 
472 332 37 
468 61 130 
383 83 260 
121 55 435 
349 341 260 
217 390 170 
452 386 361 
379 489 108 
337 192 167 
203 364 139 
348 395 43 
9 369 354 
91 447 394 
199 384 4 
325 166 109 
493 196 176 
129 40 235 
300 97 356 
188 492 398 
65 12 350 
113 184 368 
110 366 245 
222 461 342 
152 232 420 
201 220 261 
359 92 255 
188 233 65 
192 495 485 
197 142 119 
239 15 180 
337 81 243 
351 303 178 
32 136 421 
480 95 345 
327 222 426 
196 25 401 
30 49 210 
445 314 444 
14 48 76 
254 247 274 
49 238 123 
155 433 429 
193 438 189 
39 293 396 
67 325 73 
234 95 344 
179 148 135 
172 321 210 
424 310 53 
333 68 408 
45 27 198 
182 202 217 
237 298 338 
45 250 405 
131 300 232 
374 492 2 
273 64 483 
109 391 404 
449 149 136 
93 211 221 
352 87 314 
295 114 176 
157 346 322 
318 26 285 
242 322 351 
281 443 470 
36 412 407 
333 35 24 
85 184 382 
270 162 30 
201 132 407 
373 12 43 
400 280 302 
327 331 284 
457 233 242 
83 228 462 
164 333 299 
314 174 126 
321 92 19 
306 241 382 
253 459 107 
205 443 112 
429 149 400 
79 106 419 
222 185 284 
281 469 471 
356 428 350 
333 146 70 
117 59 197 
170 471 224 
233 127 49 
430 72 148 
490 353 60 
459 231 64 
304 67 85 
117 289 49 
147 414 356 
283 303 248 
146 190 464 
29 189 465 
235 147 353 
490 194 315 
330 299 457 
360 361 67 
232 323 34 
259 134 296 
130 213 381 
336 27 93 
14 495 66 
392 144 439 
134 313 405 
130 447 200 
493 188 282 
403 128 148 
473 411 15 
485 273 342 
115 194 474 
221 110 78 
199 397 374 
226 162 306 
496 77 363 
288 442 155 
410 63 94 
207 267 267 
155 254 18 
242 45 148 
104 176 21 
214 441 277 
155 423 248 
309 345 277 
306 10 1 
59 250 256 
194 356 90 
205 192 283 
235 116 182 
262 470 367 
350 94 272 
354 280 289 
408 361 211 
175 16 437 
277 435 386 
134 366 258 
44 253 281 
442 480 120 
375 293 262 
389 93 380 
236 204 228 
127 281 440 
484 219 89 
405 230 419 
237 403 496 
22 250 20 
59 461 317 
364 239 265 
378 246 192 
455 374 68 
372 276 128 
464 481 377 
162 241 81 
228 158 81 
141 158 499 
416 328 436 
183 99 349 
36 440 228 
340 20 426 
401 450 79 
241 369 474 
385 478 6 
281 266 348 
249 490 115 
230 281 323 
344 324 302 
414 145 199 
299 471 384 
134 482 115 
105 51 375 
185 292 367 
109 1 56 
6 252 491 
106 175 150 
169 89 181 
41 405 341 
190 485 94 
479 452 107 
418 316 242 
85 94 414 
25 347 30 
379 466 119 
247 165 132 
185 387 415 
174 421 113 
63 151 493 
18 166 357 
380 332 280 
101 285 353 
40 286 194 
0 280 232 
8 192 251 
388 460 262 
252 133 9 
458 347 238 
437 329 54 
208 37 283 
218 339 236 
164 73 218 
440 296 240 
127 309 128 
111 28 412 
316 284 213 
104 244 241 
444 375 195 
189 203 207 
491 209 200 
337 47 457 
198 80 293 
498 32 68 
436 425 328 
113 371 110 
274 366 29 
178 302 398 
282 271 309 
453 115 53 
80 182 109 
398 140 114 
298 88 410 
229 305 199 
109 141 5 
390 111 498 
362 406 421 
262 315 294 
243 278 452 
375 336 434 
417 144 6 
191 244 459 
255 330 445 
1 496 290 
114 336 307 
307 133 211 
17 373 319 
19 180 7 
167 399 300 
113 438 209 
25 142 225 
41 265 153 
476 401 164 
142 155 343 
324 80 206 
48 473 342 
34 369 21 
62 391 365 
397 19 61 
357 444 463 
72 221 20 
433 432 380 
44 490 113 
371 209 243 
120 219 426 
91 291 340 
471 381 252 
142 24 284 
418 416 239 
449 119 117 
200 191 246 
42 334 251 
433 345 288 
350 423 464 
270 55 233 
479 429 313 
366 324 441 
127 126 157 
234 80 187 
395 447 489 
308 137 36 
422 279 57 
89 12 213 
149 133 174 
342 347 441 
439 129 393 
22 413 80 
123 399 141 
144 103 195 
405 248 19 
215 431 437 
231 439 383 
89 342 239 
348 299 287 
326 349 297 
245 279 340 
405 408 365 
217 255 47 
257 476 211 
78 470 432 
376 236 413 
415 76 175 
242 447 439 
225 299 143 
159 23 140 
36 86 370 
65 88 476 
237 293 297 
80 122 352 
484 42 280 
471 372 118 
454 451 449 
12 103 76 
409 288 90 
205 261 230 
298 62 411 
140 366 6 
357 299 386 
63 18 134 
233 223 213 
217 236 296 
338 292 213 
435 341 174 
217 410 114 
245 132 394 
67 439 475 
334 301 494 
256 314 321 
305 70 442 
228 195 140 
457 175 29 
115 295 449 
144 456 352 
51 49 156 
400 169 355 
360 408 7 
399 106 114 
259 225 53 
257 10 142 
1 491 122 
138 78 48 
70 42 399 
157 106 344 
488 358 47 
210 317 158 
99 228 306 
157 470 1 
331 290 156 
66 165 287 
271 467 80 
394 85 42 
172 440 158 
166 83 93 
176 2 85 
50 341 96 
467 351 107 
181 18 476 
148 33 499 
123 104 487 
224 405 127 
203 390 71 
16 417 351 
71 460 472 
111 404 292 
395 143 178 
269 495 394 
480 202 250 
135 468 398 
292 125 121 
493 169 341 
41 52 263 
271 193 136 
121 128 222 
490 265 172 
114 450 127 
369 356 7 
488 78 300 
100 471 170 
120 142 121 
73 364 456 
436 214 125 
69 402 435 
297 368 300 
10 338 417 
39 161 390 
385 6 68 
35 128 382 
488 108 488 
187 392 273 
217 245 168 
355 412 280 
189 220 181 
16 195 314 
109 68 87 
38 330 449 
250 481 493 
496 284 163 
298 410 82 
264 254 308 
446 236 168 
27 377 211 
374 444 127 
494 282 186 
310 333 314 
210 425 350 
495 8 200 
231 83 28 
109 336 262 
287 111 448 
39 17 351 
162 93 23 
484 247 285 
6 335 171 
31 343 280 
222 380 390 
178 150 50 
311 197 407 
263 260 167 
274 21 457 
204 395 307 
413 69 29 
465 314 333 
476 139 105 
39 144 476 
411 110 312 
490 0 258 
6 177 423 
351 74 160 
79 21 166 
289 405 471 
161 73 461 
85 75 333 
424 5 282 
492 172 237 
439 421 108 
127 116 405 
396 475 139 
105 91 414 
423 95 184 
332 370 399 
22 295 72 
358 274 403 
175 175 483 
211 40 497 
481 374 386 
257 247 459 
194 476 250 
271 283 355 
195 452 188 
63 364 308 
344 204 265 
0 434 461 
350 111 5 
37 409 31 
456 253 110 
418 76 194 
50 122 314 
84 457 499 
60 210 452 
367 67 81 
12 405 15 
194 237 207 
220 295 394 
21 270 145 
286 17 267 
397 144 341 
249 279 172 
25 299 469 
163 475 61 
69 497 482 
200 396 222 
302 251 275 
6 50 177 
483 494 152 
112 417 77 
194 156 41 
159 306 401 
340 438 415 
169 426 262 
87 442 286 
395 38 488 
301 339 408 
408 381 237 
464 370 242 
286 161 77 
116 174 497 
369 60 103 
18 276 405 
263 4 138 
195 304 314 
363 47 117 
129 363 311 
