1000
3
307 464 198 
247 167 272 
390 188 16 
134 211 265 
14 25 216 
155 211 124 
362 458 89 
423 390 194 
139 435 146 
270 302 174 
126 373 355 
242 67 95 
273 256 114 
110 301 165 
328 454 338 
157 422 215 
258 208 417 
151 240 130 
416 208 116 
83 201 91 
100 328 222 
191 110 157 
48 65 50 
160 407 57 
3 14 138 
343 278 78 
83 87 330 
91 26 479 
400 492 189 
208 395 23 
243 257 9 
261 439 16 
452 226 294 
213 207 424 
242 8 273 
275 49 303 
400 112 205 
410 475 499 
309 108 435 
175 194 23 
204 316 353 
68 332 385 
244 64 457 
24 424 491 
80 456 405 
408 439 198 
198 261 458 
356 365 234 
150 161 176 
324 155 289 
405 272 264 
350 286 311 
199 201 361 
16 458 52 
223 19 32 
1 406 492 
101 83 213 
99 205 84 
404 339 130 
120 272 233 
117 5 204 
180 350 332 
399 439 488 
16 398 232 
482 398 43 
104 437 93 
311 216 80 
136 365 71 
101 270 420 
2 119 402 
355 325 93 
35 357 454 
418 163 408 
261 299 409 
427 295 286 
453 55 132 
353 338 74 
277 394 298 
303 178 494 
421 450 262 
310 331 29 
169 154 192 
234 227 61 
143 68 319 
46 210 100 
101 153 206 
119 402 85 
291 85 342 
450 172 262 
153 23 233 
499 351 398 
309 197 477 
305 410 65 
98 449 488 
375 86 231 
159 497 34 
399 85 388 
225 380 404 
162 152 45 
36 231 318 
346 46 433 
122 215 238 
332 417 318 
359 52 351 
353 197 94 
194 3 102 
250 152 144 
305 342 475 
212 261 372 
462 185 419 
185 402 209 
392 498 78 
301 223 121 
233 357 490 
370 71 266 
286 361 183 
154 304 379 
80 84 436 
448 110 107 
155 234 132 
121 365 73 
165 333 124 
392 168 185 
95 265 144 
474 103 222 
169 250 301 
447 381 280 
490 276 132 
384 187 106 
379 154 192 
210 59 9 
413 370 350 
213 337 5 
67 342 27 
356 148 224 
186 130 277 
119 260 416 
300 240 223 
197 151 363 
16 125 314 
149 226 319 
30 466 56 
385 83 195 
191 28 335 
216 327 165 
116 268 119 
373 52 232 
183 498 331 
40 299 402 
350 10 43 
17 195 491 
184 253 182 
458 461 394 
199 353 302 
464 305 32 
150 404 387 
442 210 23 
230 382 480 
270 328 246 
326 43 232 
287 152 141 
106 150 74 
99 306 451 
45 264 465 
316 50 171 
192 257 65 
154 494 146 
188 483 445 
299 333 387 
113 479 76 
312 229 472 
186 2 71 
372 372 171 
258 329 180 
59 499 79 
347 400 201 
155 179 150 
306 428 340 
359 476 102 
270 422 212 
50 117 430 
350 25 290 
207 226 246 
46 352 403 
163 270 336 
103 316 230 
114 91 194 
102 297 485 
215 34 478 
16 95 473 
426 451 117 
126 299 94 
284 492 229 
106 172 317 
86 325 373 
406 327 214 
85 149 459 
183 247 244 
447 428 300 
406 264 347 
195 260 172 
7 370 422 
300 290 279 
171 11 345 
349 143 497 
314 27 245 
499 120 315 
350 258 492 
89 141 143 
459 27 280 
393 36 409 
339 267 360 
262 481 193 
141 337 496 
250 73 234 
210 389 424 
33 314 116 
229 114 296 
463 42 44 
6 338 354 
268 384 113 
120 437 48 
189 78 8 
431 271 400 
402 111 58 
475 139 469 
230 259 268 
282 176 169 
238 459 374 
198 76 427 
311 181 122 
79 384 230 
359 481 94 
181 274 264 
156 194 323 
163 298 420 
172 348 72 
162 151 213 
228 380 38 
199 271 99 
230 168 83 
207 34 155 
442 87 128 
414 155 129 
394 348 114 
331 343 141 
418 254 413 
315 195 313 
159 191 342 
242 159 169 
466 41 425 
80 213 294 
244 206 331 
14 223 4 
263 333 409 
432 59 112 
398 212 343 
370 373 403 
3 313 430 
375 154 46 
289 123 154 
425 322 24 
297 424 8 
27 155 187 
352 127 219 
259 415 114 
264 172 229 
470 213 116 
305 234 476 
265 258 313 
351 394 288 
167 5 146 
319 288 57 
391 302 310 
410 19 260 
55 375 470 
56 164 266 
463 202 100 
331 456 477 
218 486 165 
22 207 434 
100 167 476 
138 241 478 
163 211 25 
33 60 312 
349 374 475 
22 341 279 
281 336 250 
139 205 73 
462 317 2 
113 474 83 
315 131 122 
172 234 286 
345 294 78 
3 63 54 
219 430 270 
342 236 385 
313 401 281 
341 461 256 
375 300 237 
61 18 122 
308 320 317 
236 378 393 
345 455 203 
268 440 218 
22 273 25 
106 57 220 
490 207 195 
322 152 207 
258 311 231 
356 415 360 
366 159 145 
169 79 92 
465 79 429 
218 266 383 
278 435 296 
158 328 77 
67 69 208 
92 377 402 
107 244 400 
118 92 352 
102 27 470 
429 179 250 
399 93 451 
441 79 151 
326 211 92 
75 477 212 
498 231 70 
200 211 182 
232 137 484 
158 324 252 
256 429 144 
106 335 368 
362 324 430 
247 116 213 
230 306 368 
484 409 294 
395 120 234 
377 41 277 
342 394 88 
310 61 124 
236 294 440 
94 479 433 
15 385 297 
210 79 155 
72 273 497 
223 7 198 
499 19 221 
327 497 189 
149 421 30 
307 217 18 
209 469 52 
103 215 448 
112 155 192 
342 240 460 
263 441 87 
362 334 383 
356 482 431 
374 303 226 
333 316 272 
163 291 186 
422 133 404 
335 294 419 
275 226 495 
497 13 424 
332 330 74 
496 325 436 
37 400 214 
236 64 40 
100 352 244 
219 210 167 
97 70 177 
307 254 157 
381 222 201 
489 464 467 
74 280 492 
21 275 196 
198 310 92 
51 445 294 
404 429 14 
111 444 72 
466 77 467 
440 357 283 
448 151 406 
396 124 424 
275 345 192 
304 49 328 
11 206 189 
322 452 96 
330 422 156 
128 111 224 
131 389 280 
206 109 211 
489 66 92 
433 451 98 
429 92 8 
354 197 150 
438 83 269 
422 271 50 
74 192 248 
159 355 50 
397 11 180 
164 185 329 
285 193 231 
100 420 10 
112 355 400 
489 423 248 
323 76 115 
263 371 355 
369 207 121 
229 80 165 
366 14 422 
284 163 299 
164 138 13 
370 373 249 
383 208 379 
296 400 457 
276 385 164 
472 357 423 
83 434 97 
312 325 137 
13 161 377 
240 495 127 
485 468 465 
41 322 331 
172 289 261 
462 363 164 
374 255 86 
246 494 272 
419 43 317 
170 292 219 
178 142 139 
305 219 54 
140 39 388 
197 389 119 
171 332 448 
347 106 196 
149 427 98 
73 219 143 
76 106 382 
235 342 280 
94 14 316 
350 331 344 
113 69 429 
377 290 324 
320 335 29 
20 229 60 
162 422 103 
153 271 68 
321 307 407 
113 1 120 
370 23 95 
498 143 391 
236 131 403 
132 198 137 
278 7 436 
498 420 51 
499 84 418 
476 417 294 
10 291 261 
419 197 416 
152 121 125 
144 451 315 
408 223 315 
112 272 29 
410 498 380 
133 115 122 
67 458 82 
99 428 106 
446 71 363 
274 331 475 
228 309 136 
170 174 383 
206 213 237 
404 347 494 
321 124 407 
10 316 418 
9 453 179 
373 58 40 
14 329 134 
135 5 222 
59 95 350 
235 52 184 
298 494 376 
127 148 432 
221 21 254 
250 24 383 
110 101 221 
294 104 427 
90 325 451 
207 130 223 
385 263 361 
411 157 98 
57 206 324 
176 60 170 
124 441 155 
93 278 126 
464 22 370 
140 255 366 
385 233 48 
280 367 421 
361 29 195 
140 81 450 
208 497 338 
100 38 311 
296 406 297 
113 392 391 
282 41 268 
479 357 294 
356 252 303 
278 478 386 
190 295 171 
243 14 134 
351 453 311 
218 7 338 
73 67 398 
271 256 319 
481 418 262 
447 421 29 
50 267 139 
20 258 255 
342 278 449 
317 325 77 
319 104 43 
128 215 476 
85 77 164 
261 491 188 
451 339 376 
239 153 483 
461 474 413 
19 97 470 
117 451 374 
245 122 231 
238 325 254 
171 357 43 
110 271 28 
216 185 89 
120 442 144 
248 177 260 
268 305 329 
316 398 57 
449 407 225 
19 227 192 
107 46 411 
21 230 278 
16 13 198 
203 310 7 
313 50 415 
354 94 412 
435 359 395 
490 9 168 
53 495 219 
298 42 86 
445 353 7 
40 439 56 
236 374 438 
312 189 132 
149 55 55 
353 237 361 
473 146 210 
15 37 150 
129 125 278 
324 104 107 
15 445 140 
164 410 374 
135 158 472 
87 133 482 
209 470 185 
102 60 121 
406 282 193 
486 479 29 
339 124 80 
73 314 364 
175 402 233 
124 80 403 
492 197 169 
432 489 163 
346 475 57 
113 97 158 
448 358 370 
175 102 36 
293 396 16 
33 468 162 
191 135 469 
452 88 126 
309 456 493 
407 272 397 
272 261 369 
193 278 429 
277 167 419 
182 280 498 
336 68 312 
468 309 88 
408 17 475 
493 353 336 
495 91 347 
128 318 422 
466 409 208 
143 90 46 
238 18 454 
71 236 214 
374 493 300 
238 253 385 
422 250 119 
410 93 487 
39 398 127 
236 105 131 
81 36 195 
469 2 117 
481 168 163 
472 351 112 
227 233 223 
0 393 18 
340 68 223 
214 75 216 
421 143 432 
363 460 65 
89 145 152 
495 287 147 
294 164 150 
457 47 183 
4 218 422 
436 198 225 
275 244 468 
240 415 97 
270 401 72 
218 395 254 
129 101 217 
269 362 9 
27 73 348 
76 205 309 
136 487 374 
295 439 62 
401 30 26 
380 241 273 
339 322 257 
259 152 412 
377 403 159 
96 175 156 
303 428 195 
387 59 380 
310 242 117 
337 261 193 
243 437 150 
104 82 82 
463 211 150 
130 468 211 
251 65 101 
282 125 19 
233 70 184 
410 417 27 
384 409 72 
398 62 343 
347 23 369 
153 330 335 
31 350 187 
391 242 48 
483 296 3 
173 411 276 
472 146 156 
479 491 401 
399 15 234 
426 309 194 
496 130 478 
265 422 147 
169 463 130 
72 493 168 
76 245 34 
460 198 161 
480 256 300 
156 228 187 
198 404 257 
62 182 400 
491 402 297 
446 338 160 
362 302 167 
147 473 396 
103 94 323 
325 381 1 
95 195 223 
322 489 426 
249 329 31 
110 174 121 
152 94 239 
18 87 324 
122 47 448 
91 180 108 
354 458 439 
366 253 319 
384 168 135 
296 341 327 
278 155 27 
318 84 333 
426 263 308 
453 126 181 
205 110 374 
346 273 258 
44 478 252 
383 317 55 
31 271 135 
45 432 397 
489 25 460 
268 466 410 
488 232 22 
236 429 100 
78 156 95 
289 295 21 
449 74 131 
281 67 489 
124 113 380 
258 265 396 
184 248 391 
458 378 92 
113 257 279 
347 301 484 
39 484 356 
179 121 490 
120 297 51 
103 444 477 
360 421 124 
380 29 260 
56 64 61 
3 140 106 
245 144 362 
434 478 389 
320 359 468 
80 312 422 
415 315 382 
393 200 427 
465 169 197 
132 294 385 
238 468 202 
366 405 328 
176 328 469 
63 475 306 
59 320 118 
114 362 353 
186 157 102 
366 184 237 
99 75 456 
46 124 284 
229 407 66 
335 252 426 
407 325 305 
23 446 246 
310 329 88 
295 403 380 
378 274 481 
351 368 489 
154 30 270 
429 451 224 
51 274 142 
166 446 224 
463 80 203 
328 257 78 
103 73 137 
411 0 102 
248 78 47 
80 471 1 
63 166 265 
227 35 325 
176 175 492 
263 484 127 
70 44 229 
167 402 275 
68 282 316 
91 13 436 
175 301 292 
127 38 255 
95 359 174 
179 88 192 
406 178 68 
206 494 413 
84 129 26 
370 327 373 
258 136 353 
137 487 388 
214 491 89 
168 92 159 
319 454 116 
489 297 366 
252 270 168 
357 79 378 
398 110 392 
396 489 35 
489 176 49 
289 324 222 
78 477 400 
297 494 195 
47 54 101 
341 343 218 
136 446 296 
59 5 181 
13 28 442 
380 283 204 
275 166 175 
92 146 173 
22 261 2 
458 495 302 
11 486 234 
328 429 69 
309 419 139 
190 80 465 
293 319 214 
57 67 333 
490 186 98 
268 348 471 
176 163 162 
499 302 306 
19 70 174 
97 463 234 
327 134 436 
388 111 232 
369 467 471 
255 170 268 
398 355 219 
441 124 400 
134 336 242 
421 180 119 
51 34 60 
244 81 200 
157 211 70 
263 449 53 
15 335 154 
294 136 411 
136 171 214 
496 62 229 
37 83 123 
342 121 98 
153 33 305 
121 254 194 
283 23 273 
460 463 125 
396 170 163 
418 228 373 
8 386 122 
455 275 327 
242 195 423 
321 289 206 
426 134 321 
306 87 171 
276 194 96 
319 373 419 
146 179 321 
366 427 47 
346 388 378 
2 278 252 
373 451 399 
334 479 385 
266 115 210 
4 58 388 
450 250 100 
328 456 254 
441 406 110 
350 164 358 
151 281 48 
263 267 11 
414 386 272 
110 346 14 
120 127 207 
467 256 2 
439 13 250 
179 356 394 
464 425 464 
249 304 229 
380 70 475 
268 479 103 
226 118 264 
221 361 111 
250 351 192 
440 117 416 
271 431 477 
285 218 173 
445 350 458 
424 150 414 
16 65 71 
426 119 312 
287 95 0 
55 385 396 
207 154 459 
62 288 264 
178 127 342 
483 246 314 
67 238 83 
2 116 135 
84 99 273 
373 455 341 
24 441 98 
447 109 481 
398 72 345 
298 438 430 
236 130 179 
260 146 102 
46 190 389 
338 226 407 
429 15 129 
179 468 334 
322 149 153 
227 22 324 
180 29 53 
153 417 473 
250 363 211 
346 96 175 
256 32 107 
356 419 170 
26 412 409 
338 125 474 
236 367 414 
108 246 478 
499 145 223 
170 6 110 
478 106 452 
397 294 181 
492 283 109 
53 412 85 
378 149 291 
92 64 82 
257 357 119 
233 89 259 
143 330 364 
222 347 192 
119 197 477 
225 383 105 
145 483 193 
134 179 69 
426 472 153 
444 349 130 
470 29 49 
247 31 368 
133 9 408 
395 97 183 
103 333 403 
16 236 14 
276 338 215 
95 178 70 
412 348 291 
357 154 15 
268 79 96 
400 363 228 
256 299 223 
156 470 217 
319 141 89 
34 386 316 
217 485 298 
173 433 414 
194 419 127 
186 75 492 
431 177 459 
159 425 320 
273 73 251 
242 451 158 
151 100 45 
295 294 234 
403 49 226 
422 61 60 
90 387 391 
203 440 299 
84 445 396 
454 308 70 
92 135 7 
124 136 18 
65 476 241 
168 23 337 
305 458 288 
2 113 329 
142 309 127 
63 15 220 
128 175 289 
441 422 287 
477 11 359 
155 336 183 
423 111 352 
125 395 57 
34 439 447 
81 371 349 
409 150 136 
235 84 210 
339 159 221 
154 51 119 
181 176 484 
251 410 306 
64 474 247 
252 90 35 
205 303 382 
374 88 385 
165 264 47 
493 283 179 
97 206 151 
436 273 173 
124 176 369 
440 115 162 
375 86 48 
331 281 334 
246 28 87 
47 125 405 
371 194 247 
259 229 386 
92 452 301 
158 63 351 
498 438 252 
