1000
3
332 35 94 
465 475 329 
426 248 95 
244 404 123 
467 472 273 
349 174 407 
115 181 15 
51 399 267 
194 439 98 
224 234 335 
421 292 163 
232 277 307 
361 493 62 
149 247 437 
105 399 123 
102 325 460 
343 304 354 
120 201 27 
8 113 60 
37 51 171 
42 64 261 
122 446 181 
158 344 395 
454 53 196 
384 322 19 
383 256 135 
271 245 42 
433 73 456 
197 466 33 
150 193 286 
385 13 269 
273 359 236 
194 147 148 
192 438 217 
337 480 431 
19 173 151 
206 338 73 
37 199 127 
168 65 188 
389 130 418 
422 112 163 
164 224 271 
78 334 162 
309 336 99 
290 228 488 
74 498 267 
268 3 467 
79 450 67 
395 321 134 
63 389 398 
59 362 185 
331 290 133 
299 248 213 
21 394 469 
98 249 50 
489 256 53 
31 39 107 
22 410 446 
317 268 313 
24 316 406 
250 395 176 
437 281 341 
337 256 118 
154 150 69 
151 332 401 
157 136 279 
171 97 50 
427 76 66 
330 467 436 
167 321 488 
73 121 329 
375 425 40 
463 240 136 
329 321 432 
176 76 484 
58 385 153 
366 50 64 
491 441 410 
411 57 464 
223 498 352 
75 428 434 
114 423 362 
22 246 109 
284 73 496 
491 62 411 
76 493 150 
191 299 81 
326 146 179 
38 273 273 
121 487 372 
499 88 456 
193 54 395 
52 408 456 
20 254 175 
489 349 313 
60 226 441 
82 405 414 
405 13 287 
111 219 56 
472 238 464 
45 352 71 
54 287 347 
14 38 247 
430 381 492 
410 303 335 
284 427 298 
355 326 452 
338 403 473 
333 138 94 
301 467 114 
105 191 480 
338 357 478 
313 257 385 
369 150 258 
166 305 317 
132 32 12 
161 117 321 
87 34 46 
182 240 330 
29 346 153 
292 336 86 
442 117 194 
275 449 236 
64 116 17 
367 234 387 
108 252 371 
387 127 110 
459 208 360 
460 229 178 
394 424 102 
181 326 98 
345 234 385 
60 280 132 
119 406 336 
446 310 475 
421 85 300 
378 0 10 
487 448 98 
216 171 347 
90 264 343 
239 192 270 
248 145 67 
121 92 57 
132 132 382 
98 12 196 
320 394 399 
210 358 28 
367 337 346 
169 253 385 
17 421 219 
7 75 367 
303 365 76 
182 284 110 
231 199 23 
331 157 373 
425 269 171 
255 272 335 
360 80 215 
317 442 90 
372 331 176 
304 489 88 
378 463 191 
338 461 383 
144 102 122 
4 280 441 
481 397 330 
346 231 388 
88 405 41 
252 409 37 
4 318 215 
278 275 316 
135 110 396 
0 473 65 
191 187 184 
56 368 194 
486 214 16 
124 201 87 
68 143 288 
190 54 3 
293 118 52 
215 63 102 
195 231 299 
153 321 110 
323 150 231 
227 24 117 
263 237 147 
250 106 118 
120 411 105 
44 378 312 
162 38 266 
156 254 495 
206 395 243 
179 258 407 
420 269 335 
493 169 468 
308 164 449 
31 83 13 
105 29 403 
198 468 393 
196 33 278 
240 365 170 
14 471 86 
317 248 372 
423 130 19 
129 92 382 
211 475 371 
134 415 38 
380 32 224 
43 175 233 
395 204 429 
383 197 33 
429 456 128 
322 394 173 
128 236 363 
70 236 189 
142 153 92 
4 22 302 
358 23 487 
65 104 151 
56 84 292 
239 337 420 
303 289 127 
56 135 414 
470 385 182 
181 198 44 
256 266 469 
94 425 253 
144 429 296 
238 305 177 
91 454 10 
450 29 308 
477 50 253 
13 47 47 
205 253 186 
438 456 202 
327 227 392 
60 490 345 
164 200 22 
238 490 407 
65 260 89 
198 64 244 
15 3 83 
36 310 459 
313 187 229 
68 455 12 
226 383 71 
56 230 499 
103 282 24 
108 360 498 
292 165 379 
295 101 381 
227 377 146 
430 441 25 
254 498 212 
20 490 287 
279 196 360 
241 290 338 
467 350 270 
489 246 397 
22 325 298 
94 203 356 
199 143 422 
98 114 187 
77 19 110 
87 53 365 
265 266 432 
336 155 143 
491 326 491 
258 494 271 
421 248 3 
106 139 408 
173 176 136 
482 199 366 
267 471 37 
401 278 168 
123 191 402 
472 321 117 
131 241 83 
112 37 139 
127 454 470 
208 496 185 
133 392 321 
340 143 196 
27 242 29 
166 276 246 
209 56 379 
157 446 438 
186 128 22 
331 282 259 
247 297 81 
87 220 205 
460 131 159 
193 496 30 
152 264 377 
313 499 108 
451 420 207 
451 53 360 
275 188 431 
299 122 354 
367 168 108 
420 120 258 
99 339 48 
188 284 397 
329 119 224 
142 359 24 
79 44 160 
186 144 250 
468 227 290 
246 396 452 
407 137 95 
398 279 35 
244 476 320 
339 352 91 
49 274 443 
364 190 395 
202 98 475 
156 288 404 
449 172 185 
467 370 48 
393 337 384 
188 290 333 
214 475 266 
171 174 204 
427 105 383 
221 8 123 
43 250 281 
476 125 234 
208 298 490 
397 56 188 
473 173 407 
48 61 8 
259 143 267 
192 69 152 
230 494 198 
13 8 333 
252 98 354 
347 421 473 
199 402 23 
400 66 257 
404 345 206 
186 297 443 
191 172 243 
465 31 450 
173 88 491 
178 361 352 
413 264 97 
348 384 483 
438 66 434 
278 381 326 
257 141 415 
418 188 239 
407 460 133 
324 369 82 
383 424 166 
437 494 363 
331 373 494 
344 24 68 
127 177 379 
159 490 444 
214 24 160 
212 254 380 
41 340 401 
457 496 33 
51 31 193 
495 200 213 
273 181 213 
177 259 82 
198 244 90 
273 82 455 
427 166 66 
206 218 322 
240 279 63 
476 75 392 
395 277 295 
363 442 75 
59 390 475 
372 219 351 
468 446 466 
18 290 455 
476 223 417 
489 34 140 
35 204 255 
58 283 368 
361 288 490 
226 401 107 
421 36 180 
150 329 261 
236 484 73 
260 36 92 
482 316 440 
218 72 68 
292 146 396 
408 451 105 
50 112 124 
216 438 459 
258 462 116 
434 446 63 
313 79 165 
147 445 35 
468 429 411 
114 112 296 
416 74 406 
136 208 157 
94 38 250 
452 14 190 
379 185 450 
434 138 424 
345 315 139 
442 198 289 
54 416 138 
249 259 316 
220 482 101 
478 147 210 
360 8 110 
302 112 316 
233 5 227 
179 205 287 
23 363 345 
17 330 119 
310 154 94 
115 75 275 
177 351 378 
428 490 189 
115 260 239 
219 211 223 
40 143 220 
497 412 89 
42 30 306 
175 426 56 
354 244 310 
256 143 108 
321 213 242 
309 120 329 
81 87 462 
314 481 385 
39 161 233 
110 267 9 
266 315 318 
11 348 236 
184 394 212 
184 394 446 
375 415 6 
294 121 405 
382 30 472 
323 417 388 
271 474 463 
223 381 181 
83 107 396 
382 228 485 
418 117 203 
186 191 152 
89 406 271 
399 401 294 
191 83 222 
342 252 227 
262 191 165 
182 66 130 
395 352 422 
166 30 405 
357 144 62 
480 332 60 
95 354 340 
97 15 5 
334 213 423 
140 358 294 
25 413 119 
129 485 86 
234 334 274 
278 118 246 
489 404 17 
393 165 339 
134 71 365 
456 255 306 
435 345 445 
443 129 475 
54 94 184 
242 327 59 
225 469 324 
49 52 301 
82 307 312 
488 448 456 
383 447 449 
53 464 433 
197 321 455 
243 330 284 
366 184 364 
76 194 206 
74 6 17 
392 184 230 
215 351 94 
37 35 104 
217 120 44 
159 221 401 
161 458 155 
455 419 482 
254 152 193 
259 313 19 
226 48 352 
212 36 137 
313 355 28 
237 382 136 
419 256 256 
74 352 489 
398 255 371 
161 489 468 
222 379 228 
43 59 93 
72 433 435 
297 378 406 
86 106 72 
72 311 34 
22 120 155 
436 211 117 
463 367 173 
303 339 169 
10 415 190 
246 307 21 
223 329 223 
170 293 69 
450 65 44 
474 24 490 
377 4 390 
265 400 373 
32 318 124 
334 276 53 
252 338 239 
9 442 11 
333 426 213 
371 295 123 
376 208 38 
331 185 206 
35 77 276 
445 379 15 
81 142 72 
452 465 198 
245 469 26 
153 47 401 
5 230 457 
162 378 408 
12 176 395 
142 336 270 
241 389 387 
324 296 394 
108 162 419 
355 126 128 
420 98 295 
499 174 249 
35 332 328 
162 24 241 
301 255 241 
288 487 446 
54 108 381 
107 288 443 
179 259 421 
211 333 488 
271 453 107 
7 370 211 
99 202 275 
145 276 424 
144 407 75 
200 131 259 
245 14 488 
35 45 100 
359 495 24 
331 210 420 
303 214 207 
128 52 189 
486 393 329 
53 343 317 
431 224 275 
369 251 203 
273 311 411 
372 356 134 
444 461 24 
48 66 407 
375 294 378 
260 357 228 
60 280 379 
113 213 388 
90 316 442 
62 376 481 
17 189 409 
81 414 220 
375 356 198 
448 146 9 
463 467 20 
377 189 163 
346 378 231 
88 262 355 
107 405 185 
157 301 309 
35 204 426 
213 380 171 
154 268 406 
299 207 216 
347 251 273 
75 286 274 
336 473 46 
114 277 160 
458 4 490 
288 279 52 
128 218 416 
30 49 351 
1 81 55 
22 336 478 
328 298 228 
497 306 339 
247 103 4 
432 260 411 
330 278 90 
458 54 267 
77 346 2 
253 283 332 
111 484 426 
246 445 439 
20 260 25 
496 232 60 
476 274 177 
33 409 3 
425 425 194 
100 392 190 
479 40 307 
359 429 90 
236 32 123 
483 256 87 
404 491 129 
95 324 133 
45 339 100 
398 463 305 
437 247 129 
157 421 202 
83 100 330 
382 0 294 
460 405 24 
347 294 56 
182 279 52 
14 392 246 
216 21 196 
467 334 17 
277 477 403 
218 463 195 
238 10 296 
497 435 398 
29 19 98 
273 29 238 
475 291 454 
447 8 383 
242 325 418 
81 0 11 
378 195 219 
431 132 78 
104 458 99 
170 145 227 
497 430 190 
171 456 7 
373 151 142 
153 53 451 
366 48 80 
388 432 220 
134 288 216 
66 302 309 
154 227 352 
170 302 179 
32 83 432 
220 63 110 
7 307 187 
312 63 493 
142 406 56 
199 312 454 
182 130 174 
122 252 424 
260 52 444 
387 306 221 
257 337 440 
26 84 36 
343 255 381 
201 468 3 
260 291 247 
376 139 468 
324 317 342 
231 55 268 
109 174 355 
57 359 36 
319 452 222 
360 316 306 
74 440 174 
387 451 189 
490 398 426 
283 441 150 
299 321 67 
272 435 88 
446 230 125 
388 54 255 
314 53 211 
402 470 435 
11 469 470 
222 286 9 
69 138 42 
288 227 2 
7 112 449 
4 45 119 
318 324 95 
149 22 474 
241 65 226 
239 317 112 
37 360 322 
157 295 289 
33 234 347 
181 353 340 
86 111 222 
329 279 162 
311 346 325 
11 89 173 
114 367 32 
377 86 496 
62 489 115 
81 222 392 
9 358 99 
137 429 306 
406 484 496 
211 18 365 
458 191 387 
193 388 94 
37 253 183 
129 336 362 
391 382 101 
190 332 139 
192 356 325 
383 106 171 
154 356 453 
259 140 268 
478 69 237 
71 191 84 
6 99 67 
389 118 6 
447 79 463 
173 343 102 
468 381 110 
451 494 46 
316 104 236 
321 138 72 
403 336 367 
381 354 386 
97 439 155 
93 42 222 
299 50 75 
10 281 183 
40 455 23 
393 230 207 
228 479 49 
70 454 435 
93 57 84 
190 417 116 
80 411 119 
227 388 245 
395 388 234 
315 491 170 
450 278 460 
61 144 309 
91 230 260 
284 215 100 
159 371 203 
421 275 51 
15 123 86 
299 136 354 
76 409 490 
278 435 339 
447 359 264 
425 278 369 
429 122 185 
127 49 323 
80 396 80 
93 246 380 
333 374 174 
469 442 182 
13 193 143 
104 378 45 
150 275 123 
344 483 273 
291 311 432 
39 341 77 
116 471 52 
446 414 92 
360 13 233 
391 138 39 
474 75 344 
72 498 470 
348 232 207 
451 267 123 
338 144 310 
178 238 278 
317 62 408 
144 277 447 
399 90 60 
182 319 350 
326 160 379 
332 275 343 
340 467 32 
132 417 367 
164 375 453 
0 436 402 
0 57 179 
389 329 355 
477 439 464 
133 306 422 
472 356 419 
217 326 59 
260 495 374 
392 377 324 
426 187 236 
440 97 409 
381 344 88 
177 62 106 
232 383 300 
17 297 438 
166 161 280 
428 369 161 
173 349 473 
206 63 456 
496 53 488 
254 93 138 
349 37 301 
4 107 206 
274 360 85 
220 431 462 
114 296 316 
247 278 142 
367 473 373 
249 25 117 
216 220 25 
415 121 69 
38 201 453 
66 475 369 
369 304 255 
385 382 39 
350 217 431 
261 309 260 
490 342 222 
76 190 101 
444 301 20 
382 247 49 
255 176 283 
125 418 99 
272 208 138 
378 201 96 
330 338 249 
66 419 247 
156 24 444 
101 246 387 
155 431 283 
368 427 188 
159 235 151 
10 332 466 
227 460 239 
292 429 305 
344 445 446 
192 59 403 
212 287 88 
71 173 174 
366 486 198 
104 348 452 
302 97 368 
346 261 217 
362 444 77 
250 165 158 
488 185 269 
148 168 298 
377 169 456 
217 191 137 
61 169 343 
308 338 268 
33 467 48 
346 140 257 
461 423 67 
67 39 356 
62 297 354 
30 475 425 
151 322 146 
179 209 384 
4 462 359 
119 132 313 
370 279 393 
491 149 90 
292 97 475 
77 213 155 
46 246 285 
90 218 471 
162 96 88 
130 352 490 
21 386 388 
495 403 243 
339 322 120 
52 28 438 
58 289 375 
178 75 299 
203 217 485 
69 207 132 
281 382 226 
357 226 245 
265 53 421 
81 377 62 
257 433 462 
439 270 4 
66 134 443 
63 451 355 
64 52 333 
95 340 215 
44 228 320 
217 179 300 
122 56 441 
278 258 470 
393 24 94 
77 9 179 
321 67 151 
497 390 105 
13 461 4 
405 495 118 
388 214 271 
389 273 89 
77 21 487 
221 181 357 
154 16 475 
97 410 288 
17 391 69 
441 387 65 
197 245 44 
479 49 187 
394 146 176 
270 401 352 
45 21 113 
65 45 287 
497 331 90 
221 447 25 
328 45 398 
286 174 274 
27 185 260 
490 81 238 
237 79 304 
252 208 481 
50 305 8 
235 269 66 
133 362 116 
283 57 195 
145 113 184 
76 28 245 
28 21 262 
284 30 53 
256 493 50 
336 423 426 
137 121 105 
223 442 481 
459 121 66 
299 276 494 
25 43 461 
83 347 154 
14 159 231 
143 280 76 
355 164 245 
381 413 208 
90 421 231 
237 207 158 
307 408 146 
298 49 157 
434 128 89 
465 175 245 
484 441 261 
177 71 480 
109 424 216 
370 51 261 
170 237 100 
82 312 110 
104 415 62 
496 414 153 
405 368 317 
356 60 464 
140 297 343 
36 64 42 
36 260 169 
148 196 311 
379 430 341 
349 100 103 
127 331 227 
102 469 148 
79 315 182 
108 155 299 
24 38 102 
92 389 224 
300 391 497 
230 484 11 
444 92 268 
75 70 188 
411 117 173 
200 461 478 
27 174 374 
366 249 54 
181 416 363 
429 383 223 
413 87 385 
235 392 91 
379 459 443 
