1000
3
161 202 239 
2 362 54 
120 72 34 
472 438 297 
342 211 241 
473 361 464 
170 208 100 
9 258 37 
333 475 492 
187 402 274 
158 379 410 
163 86 395 
478 313 348 
402 14 345 
13 164 155 
29 202 365 
57 41 411 
407 314 98 
187 45 132 
366 104 311 
9 36 429 
35 181 416 
89 109 462 
360 4 72 
213 256 208 
354 220 308 
120 54 292 
108 77 457 
148 383 66 
258 385 97 
319 63 89 
64 140 178 
283 255 395 
184 140 442 
223 5 216 
433 316 249 
352 359 132 
436 41 346 
408 413 379 
158 96 149 
427 220 189 
458 255 211 
117 155 291 
309 317 120 
341 199 143 
158 162 139 
64 202 80 
370 132 137 
377 119 245 
433 287 67 
323 149 30 
107 369 218 
470 351 245 
362 469 249 
346 212 40 
131 451 222 
471 18 337 
149 124 361 
121 264 182 
226 404 212 
163 392 16 
486 98 89 
272 126 436 
34 49 148 
409 69 331 
414 411 135 
311 318 412 
352 270 346 
380 44 168 
442 63 32 
348 45 116 
214 372 253 
44 146 153 
197 55 275 
307 192 196 
358 79 336 
76 77 35 
69 408 287 
232 305 124 
412 355 317 
32 425 145 
186 439 390 
161 289 483 
280 348 332 
16 162 385 
299 49 303 
327 444 324 
239 439 484 
207 280 382 
330 183 207 
372 309 18 
244 109 485 
173 343 12 
23 499 445 
243 219 362 
235 89 384 
160 45 451 
464 287 52 
79 365 421 
66 153 236 
310 423 117 
240 72 430 
365 483 233 
309 390 106 
489 434 199 
279 327 230 
337 192 229 
48 430 45 
57 36 262 
327 463 138 
273 393 225 
347 64 237 
358 10 80 
468 10 320 
113 154 276 
282 207 302 
393 64 403 
2 9 223 
296 55 121 
239 34 331 
296 492 209 
295 176 283 
80 61 392 
346 251 444 
219 472 95 
8 232 10 
244 188 289 
455 481 418 
251 484 206 
90 404 393 
342 487 400 
103 45 40 
94 7 448 
150 119 360 
89 127 205 
193 358 19 
449 426 69 
435 99 109 
230 149 256 
488 236 238 
14 351 474 
187 236 212 
242 402 380 
452 114 200 
274 436 148 
181 420 92 
144 416 360 
449 51 142 
247 89 57 
310 434 266 
41 179 391 
87 179 214 
235 223 124 
426 450 236 
121 445 49 
303 24 390 
419 247 351 
214 388 164 
365 349 472 
379 120 129 
343 288 261 
301 70 63 
311 276 421 
135 286 268 
132 225 164 
296 489 377 
462 274 276 
48 237 73 
217 3 349 
187 307 455 
50 471 474 
66 418 4 
496 370 351 
449 430 277 
253 252 142 
114 453 450 
73 334 13 
344 321 210 
373 278 148 
65 427 306 
100 98 291 
316 440 298 
69 167 337 
88 299 435 
455 69 52 
422 203 7 
271 189 461 
69 78 286 
83 137 230 
197 48 459 
116 200 3 
138 162 390 
8 286 264 
68 129 5 
311 447 419 
198 112 418 
452 24 314 
185 497 459 
89 442 425 
282 362 68 
153 389 172 
486 432 229 
441 336 14 
358 27 325 
292 470 287 
143 98 421 
60 144 485 
397 414 129 
190 267 53 
230 325 175 
168 477 223 
298 182 24 
10 230 75 
147 234 416 
469 283 85 
217 460 346 
269 366 381 
499 282 247 
35 497 247 
466 430 392 
441 370 203 
244 175 23 
150 18 190 
413 136 265 
117 322 127 
422 345 424 
136 69 242 
128 418 221 
478 84 324 
370 88 276 
293 201 438 
310 373 408 
236 499 25 
396 132 250 
40 441 305 
20 105 218 
196 198 148 
55 135 408 
440 24 275 
18 67 351 
62 45 466 
481 488 443 
477 21 22 
72 15 182 
280 54 39 
140 81 312 
74 315 6 
127 345 340 
172 437 458 
62 227 368 
155 116 283 
440 172 484 
79 469 67 
404 489 116 
403 224 141 
15 425 33 
238 332 6 
349 59 231 
433 41 15 
209 53 273 
175 94 404 
138 293 17 
88 146 62 
440 179 132 
102 207 98 
210 172 431 
322 473 478 
156 170 156 
118 118 241 
26 306 493 
249 366 74 
320 150 36 
20 66 253 
195 98 440 
225 157 24 
106 383 427 
493 85 22 
151 308 53 
117 152 264 
229 162 1 
205 144 245 
229 186 283 
374 439 374 
85 168 174 
283 302 241 
104 288 489 
347 221 228 
21 225 291 
232 63 324 
96 233 62 
102 469 490 
56 109 174 
37 281 454 
82 193 207 
60 173 193 
181 167 493 
428 88 33 
42 437 363 
415 142 103 
78 267 474 
248 271 143 
31 283 358 
66 261 188 
184 179 362 
309 439 358 
394 388 297 
19 398 246 
190 434 200 
75 79 140 
479 368 433 
317 108 379 
235 495 297 
411 410 244 
10 122 251 
105 386 428 
238 333 99 
55 90 353 
282 237 140 
189 441 403 
54 77 115 
187 373 371 
396 496 22 
112 358 102 
27 482 340 
181 398 76 
422 296 384 
486 350 243 
336 157 306 
94 345 163 
346 437 138 
52 437 36 
61 128 68 
72 313 484 
287 213 406 
433 197 379 
5 412 143 
288 20 28 
96 344 87 
443 476 432 
138 171 407 
53 105 2 
174 272 319 
328 333 267 
206 373 191 
95 458 424 
251 325 88 
238 412 456 
367 420 129 
73 424 231 
115 439 199 
254 192 246 
210 183 4 
294 461 177 
491 388 367 
354 343 92 
400 431 440 
151 368 236 
241 121 61 
490 397 72 
9 9 256 
195 276 172 
329 377 377 
224 362 170 
363 72 370 
329 326 146 
126 380 180 
296 338 209 
16 491 159 
482 425 289 
344 243 388 
346 334 60 
172 428 314 
294 310 319 
93 157 110 
31 350 356 
89 171 36 
380 361 100 
54 486 447 
72 118 299 
444 181 102 
435 64 328 
182 143 272 
442 210 421 
114 233 391 
177 146 322 
447 102 431 
124 374 307 
125 206 276 
120 127 325 
461 128 94 
279 99 212 
321 360 383 
336 295 11 
475 78 395 
331 380 144 
342 121 336 
314 169 301 
115 169 93 
480 224 329 
379 123 468 
442 114 239 
278 77 496 
470 369 465 
478 211 427 
468 491 467 
59 406 424 
458 199 270 
361 254 144 
31 76 498 
462 173 64 
43 275 100 
233 480 441 
292 171 143 
289 36 97 
349 424 12 
449 119 316 
70 213 264 
38 224 280 
438 312 220 
168 129 318 
250 352 359 
463 130 239 
359 490 415 
328 309 114 
120 303 102 
64 178 153 
405 92 47 
368 361 231 
249 75 415 
43 324 86 
400 52 22 
129 297 76 
457 355 447 
99 75 117 
141 57 485 
361 289 304 
158 299 315 
54 200 119 
413 344 293 
289 448 230 
111 213 288 
4 354 265 
295 196 452 
114 284 426 
352 296 340 
393 44 195 
263 104 156 
103 119 94 
178 167 457 
186 327 486 
269 228 294 
6 141 469 
158 210 271 
274 287 124 
184 368 421 
80 52 186 
71 188 211 
276 315 30 
343 373 427 
343 305 238 
221 266 370 
330 420 281 
42 205 2 
375 396 479 
130 148 188 
305 335 158 
123 217 488 
241 74 184 
56 342 162 
70 86 444 
424 438 105 
53 127 187 
405 413 123 
178 241 337 
129 41 178 
63 219 469 
302 124 159 
218 487 430 
487 308 107 
121 59 226 
347 350 430 
174 152 164 
488 83 250 
107 301 337 
37 38 216 
296 122 496 
351 220 158 
167 58 403 
403 478 339 
460 183 454 
232 44 67 
388 20 480 
106 349 13 
323 78 223 
404 366 228 
216 432 63 
418 28 20 
202 375 344 
143 74 324 
278 93 268 
422 445 80 
157 217 339 
162 111 334 
214 458 395 
233 396 203 
330 222 177 
240 390 399 
223 383 330 
428 46 317 
103 426 18 
226 387 70 
158 242 204 
169 255 319 
3 153 126 
63 397 235 
347 155 135 
281 319 462 
381 200 241 
395 386 442 
393 186 137 
117 469 337 
335 60 266 
392 409 448 
291 196 147 
155 277 349 
375 441 276 
99 497 499 
445 145 337 
369 57 141 
325 193 337 
92 100 262 
328 431 118 
100 223 161 
345 164 208 
104 105 196 
351 58 489 
174 170 260 
114 113 247 
5 422 326 
80 381 194 
149 43 257 
57 380 251 
352 177 349 
171 269 467 
387 30 204 
83 480 453 
351 182 302 
386 445 37 
355 182 254 
107 448 21 
458 86 497 
457 296 167 
204 129 295 
196 413 249 
492 100 321 
352 275 190 
210 9 348 
374 138 287 
307 74 481 
80 107 476 
410 349 168 
62 231 329 
245 302 376 
115 440 335 
266 193 442 
99 344 387 
102 35 395 
69 90 226 
336 215 61 
168 203 435 
386 418 452 
424 136 36 
421 61 95 
127 158 313 
493 482 149 
291 110 204 
494 451 184 
364 107 256 
419 257 214 
160 156 417 
348 29 34 
380 403 194 
410 141 327 
403 208 57 
365 478 247 
369 485 268 
98 220 246 
463 230 370 
42 266 156 
391 212 474 
491 359 17 
244 435 106 
382 18 157 
473 163 234 
475 353 166 
107 216 24 
436 286 253 
290 225 228 
307 440 55 
487 230 265 
384 174 403 
315 354 207 
297 85 301 
129 286 388 
300 391 452 
386 316 199 
132 271 68 
179 383 3 
82 446 388 
352 276 48 
3 255 340 
92 348 441 
94 303 240 
328 248 50 
404 333 261 
476 207 393 
251 116 6 
213 402 238 
289 386 61 
172 497 429 
211 135 360 
211 92 216 
237 273 211 
454 488 420 
20 98 372 
154 123 267 
136 401 63 
292 15 436 
38 139 365 
323 86 103 
249 439 469 
154 42 31 
462 377 86 
455 71 302 
286 44 240 
305 285 265 
493 362 31 
438 445 363 
494 74 395 
226 176 383 
181 102 496 
309 473 355 
327 319 264 
368 260 195 
179 337 488 
21 220 422 
88 432 141 
151 376 213 
200 94 168 
401 447 19 
6 249 267 
75 68 61 
257 288 121 
86 473 128 
379 201 447 
213 103 434 
260 386 136 
413 129 61 
303 389 484 
157 468 391 
60 159 211 
66 83 4 
406 189 431 
241 199 104 
117 251 230 
217 10 45 
211 267 97 
325 186 326 
118 197 496 
222 317 476 
495 193 223 
144 15 349 
398 97 160 
246 404 0 
392 34 129 
182 417 406 
429 277 200 
225 178 322 
425 113 248 
317 499 237 
8 162 385 
283 139 364 
163 494 435 
211 170 316 
348 442 438 
19 296 288 
54 6 285 
414 255 355 
143 466 78 
379 223 110 
136 486 164 
480 297 485 
262 346 345 
114 234 414 
199 263 134 
400 463 484 
494 87 110 
287 191 346 
326 25 485 
25 369 148 
274 345 96 
364 413 233 
163 251 378 
370 394 264 
343 126 328 
447 80 357 
49 472 147 
92 259 214 
178 403 318 
296 59 386 
149 464 403 
277 33 291 
360 146 464 
325 248 248 
454 297 126 
270 68 232 
24 16 351 
223 376 82 
301 412 332 
400 128 328 
73 478 422 
327 216 234 
136 187 192 
463 320 222 
444 153 122 
364 424 279 
420 294 443 
164 485 442 
244 238 356 
399 439 393 
6 260 336 
269 53 432 
453 196 5 
349 285 187 
386 20 181 
479 396 45 
160 164 75 
389 396 430 
342 468 303 
100 254 176 
313 362 353 
312 70 22 
166 117 372 
15 141 493 
107 395 438 
181 413 464 
214 109 155 
258 414 364 
249 151 428 
66 130 328 
234 259 310 
427 150 208 
401 358 412 
237 311 132 
210 85 267 
335 205 435 
410 187 346 
472 495 353 
76 21 188 
60 182 487 
376 309 494 
436 240 497 
19 25 441 
253 212 435 
103 353 257 
404 156 247 
331 336 257 
144 474 28 
206 360 138 
30 498 375 
120 187 425 
195 354 122 
445 298 322 
159 268 194 
229 52 388 
24 155 115 
442 434 51 
345 186 335 
216 371 179 
429 384 352 
391 218 110 
375 269 252 
463 327 182 
400 489 68 
292 38 284 
365 10 328 
234 292 270 
388 130 218 
412 420 358 
361 31 485 
329 100 498 
48 260 266 
433 334 416 
66 299 262 
130 347 408 
261 260 372 
60 73 424 
359 175 19 
231 227 224 
24 214 301 
113 311 249 
360 369 481 
314 449 116 
161 134 202 
76 16 228 
97 301 206 
486 270 376 
243 451 115 
397 449 31 
288 35 157 
46 231 317 
317 441 209 
66 338 324 
495 330 39 
481 72 72 
38 314 308 
225 194 313 
7 12 159 
17 84 184 
142 229 177 
290 481 21 
380 239 39 
97 387 182 
9 406 196 
480 218 400 
237 157 101 
90 128 250 
68 410 487 
376 403 68 
199 493 324 
98 394 96 
367 370 323 
396 191 320 
365 192 172 
476 197 301 
155 56 71 
77 111 459 
224 460 50 
384 153 398 
213 102 307 
495 461 21 
318 375 299 
339 100 39 
387 443 173 
338 445 494 
289 265 445 
60 487 9 
174 308 364 
133 285 432 
167 144 40 
325 16 166 
45 239 311 
225 337 175 
60 284 304 
389 166 50 
418 412 213 
140 137 392 
233 0 201 
171 468 131 
244 485 368 
276 316 327 
307 239 290 
8 159 200 
102 286 491 
431 289 190 
351 329 62 
74 28 15 
442 426 25 
207 400 15 
233 401 473 
88 183 3 
301 423 183 
289 322 39 
28 308 376 
11 275 449 
199 496 366 
243 162 61 
363 125 234 
455 223 155 
443 268 135 
8 441 161 
362 32 427 
452 149 428 
129 244 472 
439 401 116 
155 1 374 
284 149 468 
280 391 212 
442 51 190 
318 46 418 
382 41 2 
187 103 259 
6 319 52 
260 428 81 
352 348 419 
208 416 156 
140 301 373 
421 43 354 
433 470 383 
21 188 376 
304 426 368 
463 245 21 
26 451 140 
475 134 168 
230 79 51 
64 85 349 
199 168 484 
69 124 63 
485 450 299 
58 106 370 
260 488 111 
345 432 122 
161 412 235 
346 399 317 
434 74 285 
38 372 20 
445 188 449 
386 123 394 
8 441 150 
174 410 447 
345 407 308 
477 257 249 
369 481 124 
495 426 324 
319 4 324 
282 121 244 
328 448 295 
214 158 479 
56 455 247 
88 306 237 
396 414 472 
487 396 416 
223 133 415 
172 68 108 
338 25 432 
300 283 458 
334 158 434 
200 282 81 
386 382 340 
401 133 288 
216 303 266 
345 445 436 
97 354 201 
145 10 112 
48 40 388 
165 261 85 
341 92 337 
28 374 380 
331 455 21 
92 145 47 
267 104 470 
77 465 331 
206 379 222 
185 42 97 
122 433 416 
430 27 260 
143 244 377 
228 201 101 
314 107 346 
451 175 88 
261 359 68 
266 282 401 
431 153 483 
376 320 442 
472 454 115 
141 125 51 
456 154 414 
51 43 469 
147 306 143 
147 91 229 
188 290 304 
178 477 397 
377 345 226 
162 358 166 
335 245 89 
398 494 42 
246 11 358 
326 106 52 
491 411 477 
62 324 18 
442 465 416 
351 276 427 
90 104 362 
112 484 487 
201 50 398 
446 474 11 
41 496 139 
389 174 6 
234 322 217 
327 273 399 
474 454 18 
435 367 239 
287 104 170 
361 331 30 
403 363 295 
223 45 140 
415 96 169 
290 153 38 
323 392 76 
277 233 496 
