1000
3
417 82 411 
217 101 492 
121 316 56 
6 63 328 
11 213 390 
113 370 417 
106 39 451 
4 360 420 
140 314 280 
391 361 357 
138 300 152 
446 179 38 
245 56 94 
316 50 248 
226 336 480 
431 312 171 
92 285 457 
338 296 74 
145 117 375 
222 114 250 
224 445 392 
345 148 270 
355 324 78 
199 355 118 
267 263 481 
125 35 3 
318 140 338 
82 221 102 
446 35 270 
2 126 25 
234 229 316 
439 107 415 
37 114 104 
245 85 348 
106 163 494 
407 286 102 
449 319 128 
92 235 376 
97 77 339 
173 257 139 
246 258 371 
2 149 370 
268 251 187 
105 296 78 
482 87 345 
258 151 311 
168 144 50 
130 470 428 
32 441 366 
350 56 387 
172 65 62 
306 98 210 
415 14 304 
68 79 147 
111 235 80 
433 462 67 
62 231 153 
283 241 316 
328 327 268 
315 368 388 
5 328 489 
475 10 253 
114 50 93 
147 341 238 
359 326 32 
104 52 404 
31 223 496 
317 329 4 
120 25 218 
30 22 403 
258 205 310 
7 142 246 
462 326 100 
384 477 477 
53 82 53 
472 340 1 
398 90 151 
237 144 395 
429 337 101 
157 388 216 
413 164 212 
303 166 33 
381 53 279 
422 471 217 
117 220 278 
447 321 373 
38 414 350 
210 477 426 
55 254 233 
398 461 445 
250 30 494 
359 275 368 
159 247 209 
104 224 328 
200 277 133 
409 202 162 
110 315 339 
487 148 80 
259 449 283 
109 204 301 
15 339 32 
182 435 220 
379 10 43 
430 5 248 
457 50 206 
219 263 11 
11 274 304 
32 175 351 
287 464 460 
307 330 361 
335 281 121 
405 254 463 
187 230 303 
334 174 296 
167 396 371 
385 90 389 
245 1 35 
311 23 76 
153 16 457 
326 279 339 
387 426 37 
314 129 166 
352 378 279 
482 104 244 
38 379 406 
141 113 0 
344 198 453 
325 401 34 
67 77 469 
60 128 286 
374 201 95 
375 427 3 
144 142 198 
389 253 196 
333 420 341 
134 106 314 
215 209 367 
209 80 399 
188 243 309 
165 96 189 
40 105 212 
142 237 485 
416 234 86 
453 324 444 
287 167 227 
150 65 193 
282 295 185 
33 239 252 
357 389 366 
392 24 300 
313 401 455 
130 93 85 
57 260 289 
373 19 372 
98 490 136 
212 37 253 
336 289 360 
377 76 340 
465 177 19 
208 182 415 
193 300 149 
133 423 89 
489 478 311 
491 253 425 
174 217 457 
235 133 58 
72 495 202 
172 291 171 
163 401 417 
297 61 373 
468 292 366 
483 348 185 
349 362 104 
358 292 111 
253 327 184 
222 327 312 
401 327 195 
66 493 208 
307 406 378 
224 250 172 
148 371 215 
326 209 209 
429 77 161 
321 162 361 
234 284 16 
413 29 34 
17 56 212 
105 127 412 
347 312 52 
285 486 171 
372 130 408 
454 361 469 
13 387 149 
29 271 206 
395 210 496 
65 31 308 
81 225 296 
451 82 464 
443 271 61 
303 142 385 
341 324 328 
267 180 86 
433 222 239 
17 495 165 
294 142 39 
97 371 287 
69 391 159 
163 174 302 
340 277 396 
232 47 72 
329 205 45 
464 438 255 
190 19 315 
152 418 467 
84 265 115 
59 306 38 
481 377 215 
356 445 16 
496 161 397 
416 470 280 
196 92 461 
405 494 182 
261 222 244 
413 283 307 
286 172 91 
464 302 115 
160 382 445 
221 53 154 
437 233 83 
426 177 457 
460 257 270 
204 270 366 
450 451 206 
327 431 197 
285 44 483 
477 473 356 
275 401 497 
385 11 305 
374 221 88 
153 361 260 
213 155 142 
440 335 209 
48 59 243 
447 404 172 
67 174 309 
395 186 45 
241 15 326 
297 405 178 
460 205 362 
424 277 187 
112 460 395 
207 353 60 
28 49 447 
60 109 157 
12 251 231 
148 199 258 
398 358 120 
42 222 288 
180 177 475 
154 114 177 
54 189 218 
272 433 148 
381 495 421 
282 484 410 
270 62 145 
450 389 371 
391 375 63 
389 53 142 
444 44 182 
418 348 352 
410 106 69 
442 253 395 
131 392 397 
292 209 483 
33 372 372 
134 0 3 
431 99 413 
474 173 469 
93 285 484 
439 299 39 
79 103 377 
204 335 175 
236 458 203 
88 257 291 
250 273 367 
155 274 21 
165 187 26 
268 453 254 
65 464 47 
140 426 27 
380 273 417 
454 464 351 
28 362 318 
32 31 331 
251 7 26 
94 162 342 
184 346 467 
50 241 279 
79 195 414 
55 396 175 
257 350 495 
362 369 162 
6 279 147 
497 201 182 
2 199 100 
257 466 111 
195 122 431 
433 254 276 
50 194 139 
90 384 225 
284 266 387 
147 117 29 
211 194 344 
484 189 442 
28 499 273 
221 475 326 
225 305 176 
318 162 316 
7 297 327 
423 462 474 
420 452 462 
56 114 115 
15 143 40 
23 125 42 
119 107 438 
303 83 232 
453 92 137 
127 406 310 
169 201 402 
185 289 385 
86 4 281 
313 366 339 
250 112 227 
471 246 105 
234 133 54 
407 29 107 
340 133 149 
112 216 469 
474 55 360 
132 38 440 
0 476 388 
103 131 23 
497 466 233 
152 242 117 
371 0 386 
301 149 195 
412 38 148 
340 172 214 
483 99 234 
308 60 55 
27 2 479 
113 33 499 
222 120 487 
112 345 61 
477 146 343 
363 54 33 
199 421 367 
401 363 113 
369 398 250 
129 171 246 
272 271 302 
326 496 182 
187 69 167 
397 155 278 
84 205 434 
33 277 395 
409 171 71 
26 466 323 
446 359 302 
84 164 268 
334 268 308 
311 355 18 
329 113 159 
292 177 361 
162 49 336 
195 79 67 
128 215 244 
189 390 155 
472 448 80 
386 487 332 
222 474 225 
478 85 333 
237 284 235 
52 370 53 
280 21 259 
123 181 103 
182 463 55 
324 467 16 
276 151 215 
33 442 300 
493 465 389 
65 254 181 
226 90 417 
97 105 277 
226 107 41 
209 210 17 
437 314 441 
98 159 102 
312 205 80 
326 254 453 
143 343 79 
37 330 480 
80 256 447 
486 246 121 
217 191 188 
374 331 132 
93 91 298 
78 419 287 
470 152 394 
358 403 64 
445 341 323 
367 263 178 
24 427 38 
496 192 188 
45 48 377 
19 49 31 
198 447 93 
41 433 361 
91 34 487 
315 499 8 
142 345 468 
428 102 122 
66 182 250 
446 354 228 
346 25 37 
314 218 31 
87 313 266 
134 453 495 
138 90 499 
440 274 339 
100 339 55 
494 287 258 
144 14 382 
299 383 278 
75 308 48 
361 311 203 
220 377 388 
193 216 20 
87 21 365 
345 365 20 
456 276 444 
414 34 421 
334 424 342 
415 299 254 
116 353 260 
29 198 291 
74 387 102 
183 455 418 
15 482 167 
346 333 342 
347 426 164 
461 151 107 
393 428 385 
354 479 131 
312 11 213 
461 171 6 
45 448 139 
466 282 263 
267 181 399 
216 386 160 
163 317 396 
191 150 238 
470 381 478 
90 29 86 
296 328 414 
326 473 425 
431 188 16 
459 294 127 
250 0 26 
169 345 1 
415 177 35 
114 400 279 
331 473 109 
163 182 279 
456 286 419 
42 416 447 
250 381 431 
490 451 109 
218 420 371 
42 187 246 
344 94 403 
215 17 6 
31 232 309 
136 191 335 
277 48 179 
58 346 55 
390 486 42 
365 157 144 
410 134 323 
235 193 306 
425 200 228 
91 74 160 
384 160 128 
4 482 203 
85 7 122 
199 126 293 
401 465 218 
419 386 73 
304 379 382 
182 138 258 
287 302 358 
253 221 291 
159 133 238 
472 497 231 
362 108 410 
308 75 337 
69 359 18 
68 26 481 
377 302 80 
274 382 260 
375 327 106 
76 189 146 
24 311 470 
194 185 118 
217 372 35 
257 11 15 
154 47 61 
341 291 118 
294 174 193 
226 485 226 
434 145 485 
7 494 258 
2 261 308 
123 232 91 
98 470 92 
411 51 370 
404 390 412 
28 276 210 
111 176 19 
236 224 327 
215 494 259 
332 344 238 
439 290 332 
477 133 470 
237 56 344 
12 150 421 
493 364 59 
466 321 144 
143 346 334 
417 112 305 
379 168 382 
231 284 338 
93 228 425 
148 349 391 
295 213 0 
253 113 81 
427 277 54 
15 295 235 
44 167 343 
342 453 475 
178 355 498 
137 318 256 
253 247 380 
21 319 50 
404 430 187 
475 206 105 
375 123 415 
240 373 319 
494 336 250 
470 54 5 
267 115 432 
179 377 6 
11 37 290 
218 76 176 
214 65 173 
83 292 329 
354 278 315 
44 34 205 
78 371 308 
195 436 227 
390 0 324 
233 423 277 
55 488 477 
67 428 484 
250 367 302 
250 412 321 
83 63 233 
111 453 343 
472 392 17 
408 118 411 
47 276 297 
482 325 56 
27 321 65 
405 468 329 
90 45 293 
325 351 275 
409 340 310 
77 2 223 
64 212 345 
466 154 310 
432 451 438 
404 261 168 
124 425 167 
347 407 11 
60 275 24 
225 30 169 
69 410 220 
237 403 362 
306 391 354 
464 282 110 
270 60 397 
193 187 370 
396 361 147 
195 368 279 
409 493 261 
338 410 463 
256 441 271 
226 157 259 
145 259 32 
0 181 117 
121 53 64 
283 85 315 
368 13 308 
301 474 387 
345 496 222 
199 280 153 
213 467 168 
139 382 492 
392 290 369 
295 213 152 
282 25 39 
66 45 214 
374 342 439 
406 339 417 
111 237 410 
420 132 461 
403 321 284 
307 482 192 
238 182 37 
59 430 303 
425 212 193 
246 344 413 
452 419 257 
38 268 78 
327 472 408 
29 472 489 
457 487 167 
117 191 213 
181 228 223 
193 264 430 
492 379 66 
208 73 370 
436 127 205 
87 228 411 
341 430 63 
43 444 126 
255 69 438 
354 212 150 
3 269 309 
403 264 322 
366 121 95 
99 495 52 
439 28 144 
212 128 473 
199 145 144 
405 146 241 
156 453 2 
134 122 473 
463 79 351 
313 39 221 
162 280 261 
163 439 394 
442 347 367 
117 222 250 
105 15 317 
12 190 55 
106 138 199 
153 310 293 
67 435 198 
204 395 475 
339 74 313 
291 278 305 
397 37 231 
495 145 191 
47 183 309 
398 443 360 
363 80 202 
215 453 255 
146 295 411 
262 359 434 
216 327 156 
90 377 483 
141 45 481 
411 284 327 
25 440 284 
227 119 449 
53 25 399 
388 90 415 
338 127 479 
106 135 61 
368 232 160 
375 166 312 
46 472 83 
403 57 173 
62 318 106 
70 79 73 
448 322 117 
466 305 187 
97 339 494 
268 169 482 
27 333 266 
111 121 145 
130 58 347 
483 402 137 
115 31 15 
257 213 219 
182 381 126 
70 266 385 
451 414 81 
318 126 7 
298 425 14 
112 46 86 
415 389 404 
438 197 214 
115 190 310 
60 15 341 
270 238 7 
460 235 348 
138 412 295 
171 449 296 
485 476 329 
250 42 36 
294 213 236 
216 171 134 
192 135 87 
259 286 345 
473 132 373 
391 260 309 
86 162 61 
173 141 8 
489 94 96 
195 392 309 
293 96 156 
293 314 238 
36 92 204 
133 156 54 
464 118 14 
451 65 43 
391 428 20 
101 348 438 
331 372 381 
363 154 139 
499 437 292 
335 283 97 
64 207 314 
89 252 388 
160 271 450 
146 489 478 
16 232 58 
342 96 252 
115 224 7 
143 181 40 
19 248 395 
32 294 459 
214 266 163 
406 58 197 
293 308 73 
409 478 143 
419 321 248 
412 268 366 
486 256 37 
263 179 234 
137 284 383 
236 284 112 
317 252 399 
395 85 292 
315 372 135 
426 309 208 
408 362 147 
264 458 126 
488 57 78 
53 146 395 
36 79 33 
211 86 241 
33 402 103 
408 436 160 
212 185 474 
154 250 60 
302 216 107 
466 330 70 
201 218 76 
50 281 58 
455 188 385 
200 253 410 
349 211 459 
31 81 13 
111 414 344 
96 398 23 
438 260 382 
386 251 441 
303 81 259 
468 127 230 
278 332 340 
441 329 391 
373 472 263 
152 105 113 
407 445 203 
0 299 482 
444 182 126 
229 371 358 
240 119 267 
48 426 144 
56 436 485 
175 308 104 
399 190 493 
234 33 94 
119 105 384 
322 348 43 
3 462 472 
445 263 403 
107 11 258 
109 498 114 
223 74 473 
56 70 382 
288 72 372 
81 317 291 
141 213 203 
319 402 71 
249 362 467 
77 69 430 
69 366 409 
445 22 79 
151 464 494 
43 113 455 
62 150 243 
68 152 194 
198 20 269 
63 94 38 
315 40 404 
9 316 103 
199 147 360 
190 372 453 
431 345 262 
315 310 2 
456 284 428 
159 402 241 
46 238 222 
75 117 109 
375 336 460 
242 344 25 
188 108 451 
402 379 44 
378 306 226 
14 44 113 
120 219 386 
336 245 64 
220 192 112 
454 98 455 
495 450 267 
212 20 127 
373 370 149 
363 245 356 
20 110 158 
36 265 195 
413 379 460 
74 15 314 
463 482 70 
327 204 480 
306 69 273 
348 349 81 
357 445 415 
334 439 53 
160 130 197 
74 432 124 
38 240 368 
325 298 403 
179 74 364 
125 179 391 
79 182 435 
199 178 428 
314 13 153 
442 374 203 
188 485 168 
270 447 267 
48 494 440 
220 13 451 
294 434 245 
153 11 296 
188 412 53 
123 431 385 
474 250 189 
294 265 336 
50 321 114 
340 79 332 
437 289 5 
360 468 440 
466 401 191 
328 411 78 
265 356 324 
194 173 35 
95 178 274 
185 408 377 
57 422 215 
55 172 146 
142 286 369 
33 429 276 
293 308 160 
238 295 103 
49 433 296 
45 456 469 
80 403 488 
462 333 234 
287 358 9 
381 41 445 
226 158 171 
267 213 233 
403 194 251 
115 141 4 
444 469 133 
371 458 106 
24 276 306 
241 168 190 
391 141 367 
445 36 499 
40 120 385 
101 22 307 
342 278 183 
373 66 178 
213 225 94 
149 244 156 
155 52 327 
377 39 31 
409 129 125 
485 492 442 
379 330 468 
191 144 87 
474 209 276 
25 365 141 
227 216 107 
63 47 443 
182 303 9 
58 269 186 
235 456 293 
232 69 391 
449 389 478 
100 425 362 
15 452 444 
123 186 57 
317 463 5 
114 460 316 
277 12 303 
28 58 38 
327 485 453 
480 178 386 
81 358 126 
254 161 427 
67 74 407 
383 184 127 
429 470 327 
414 480 160 
84 397 270 
222 231 424 
365 121 49 
204 319 11 
94 339 177 
155 264 41 
132 450 387 
359 114 0 
16 390 1 
360 367 3 
448 462 117 
483 339 167 
86 422 423 
210 278 340 
131 417 15 
492 427 130 
351 449 30 
10 435 323 
142 137 211 
285 94 448 
370 157 390 
455 182 332 
15 261 33 
134 418 319 
187 446 285 
299 208 416 
105 47 98 
340 460 393 
264 108 487 
104 387 310 
244 180 414 
296 377 476 
317 121 21 
162 398 149 
252 457 199 
188 495 315 
64 75 50 
81 450 360 
310 292 422 
414 23 33 
60 498 134 
198 188 37 
189 184 126 
201 112 393 
22 330 309 
244 279 47 
223 399 241 
70 139 488 
58 83 355 
312 406 352 
