1000
3
33 110 330 
117 64 183 
179 31 139 
187 119 168 
65 443 267 
382 139 183 
49 374 226 
467 107 50 
455 180 154 
264 305 158 
170 478 327 
355 469 497 
235 487 359 
431 131 340 
425 20 458 
113 434 278 
279 190 430 
4 111 327 
229 201 381 
499 233 318 
451 485 456 
286 171 109 
442 487 200 
197 261 341 
223 190 419 
231 374 10 
262 22 444 
269 207 162 
360 363 370 
312 476 153 
153 114 218 
324 299 331 
434 240 344 
203 146 140 
272 314 323 
53 18 1 
481 309 122 
85 110 189 
355 261 328 
318 403 336 
346 143 388 
99 361 312 
178 258 56 
172 59 341 
153 212 230 
10 315 295 
7 462 45 
402 272 100 
13 153 206 
11 59 9 
7 305 221 
41 20 301 
373 88 431 
246 161 189 
411 380 242 
453 236 452 
263 363 311 
302 77 89 
122 143 41 
364 356 357 
14 150 268 
58 310 359 
396 48 440 
244 123 3 
289 254 128 
498 244 360 
462 369 70 
332 156 461 
326 351 172 
1 402 217 
429 324 441 
75 183 39 
197 413 301 
132 481 228 
473 83 352 
156 426 250 
11 220 167 
420 330 195 
492 239 38 
171 112 158 
220 245 206 
286 178 363 
64 137 363 
302 81 393 
345 65 166 
283 245 75 
166 204 300 
109 372 382 
218 360 458 
384 341 277 
223 115 406 
60 325 329 
219 235 422 
91 493 407 
190 248 399 
346 378 86 
314 195 347 
12 286 468 
84 458 225 
78 478 352 
453 230 464 
368 462 258 
228 227 292 
450 358 187 
214 352 330 
135 268 391 
32 41 249 
224 457 466 
54 448 93 
345 348 403 
373 323 245 
461 233 224 
438 194 22 
498 108 376 
35 178 421 
409 315 171 
430 104 481 
119 288 345 
196 346 67 
285 236 182 
463 365 313 
206 178 366 
131 75 56 
477 363 184 
79 101 50 
338 274 2 
120 52 188 
222 61 266 
377 319 200 
308 430 184 
320 498 307 
333 260 247 
126 349 206 
414 202 371 
284 119 290 
66 499 403 
388 186 169 
330 211 164 
459 426 253 
70 401 361 
54 131 207 
153 178 386 
260 23 37 
31 481 65 
217 248 179 
458 456 406 
382 208 149 
414 263 330 
166 443 36 
184 136 182 
424 231 375 
340 222 458 
213 426 491 
498 226 351 
125 379 189 
303 246 244 
86 149 354 
214 71 350 
64 138 190 
305 436 247 
482 474 283 
267 386 247 
216 261 139 
151 436 53 
413 465 157 
21 478 174 
315 251 255 
123 316 344 
360 266 402 
295 474 84 
94 60 59 
375 308 489 
214 190 442 
3 26 422 
124 174 475 
170 38 66 
32 259 48 
494 159 477 
255 67 202 
321 332 390 
426 203 115 
311 319 301 
66 265 56 
471 460 476 
477 27 205 
138 367 5 
0 375 207 
59 228 80 
431 354 372 
254 442 388 
198 369 63 
467 319 67 
206 404 421 
140 359 121 
390 279 79 
53 481 38 
189 330 407 
95 378 105 
155 475 210 
386 51 58 
176 407 160 
409 156 302 
121 13 203 
144 41 488 
175 145 271 
348 486 58 
358 352 70 
137 118 179 
171 315 402 
298 57 138 
131 346 96 
490 330 479 
318 231 326 
144 24 376 
127 178 393 
494 175 460 
392 132 242 
18 173 427 
66 87 421 
83 199 153 
247 457 157 
171 406 296 
117 181 360 
379 102 436 
479 357 406 
355 304 48 
40 287 115 
324 76 242 
487 339 38 
445 347 394 
360 176 168 
151 93 76 
226 11 323 
481 458 447 
36 10 438 
23 441 465 
441 387 172 
484 361 254 
316 262 403 
329 47 308 
130 284 124 
55 157 256 
107 326 363 
257 310 21 
409 496 393 
118 391 38 
450 341 451 
67 56 240 
247 489 79 
344 430 306 
13 398 286 
261 19 254 
321 129 414 
361 243 335 
317 103 300 
237 377 387 
327 97 4 
96 94 429 
71 482 249 
358 195 346 
342 308 423 
271 280 432 
169 169 213 
277 154 248 
348 212 440 
126 404 23 
391 426 418 
373 20 124 
75 224 454 
235 67 373 
466 51 322 
113 234 116 
66 90 318 
8 24 36 
329 343 396 
302 67 337 
96 1 140 
90 384 10 
132 243 49 
369 25 390 
313 54 299 
414 7 213 
302 353 149 
447 283 159 
58 263 449 
151 357 415 
430 178 144 
135 299 260 
301 296 377 
263 209 458 
119 204 166 
289 397 297 
376 70 166 
429 328 235 
138 114 356 
221 66 96 
192 60 246 
208 173 301 
306 428 437 
55 148 258 
154 373 325 
208 356 465 
211 155 310 
218 439 121 
461 105 169 
197 389 6 
314 85 285 
437 454 462 
198 43 30 
53 440 250 
44 263 137 
182 367 87 
438 232 202 
255 87 313 
85 232 151 
190 219 440 
430 350 207 
303 200 50 
210 246 136 
34 222 267 
461 70 261 
429 480 187 
164 377 383 
472 495 263 
186 437 263 
131 473 166 
192 411 174 
462 389 329 
417 278 294 
203 438 325 
220 347 206 
19 431 98 
42 186 225 
425 96 133 
83 198 32 
368 438 149 
465 329 48 
394 94 393 
158 136 408 
270 30 177 
88 489 253 
404 285 137 
34 373 140 
50 454 471 
34 85 165 
208 228 85 
458 171 141 
415 284 78 
44 315 296 
171 45 182 
398 0 43 
288 100 271 
55 79 411 
137 364 427 
126 452 307 
398 256 69 
427 40 266 
380 394 247 
458 333 455 
192 43 115 
235 202 234 
67 66 20 
339 160 37 
475 421 352 
126 474 298 
256 4 161 
410 53 228 
322 71 437 
273 314 488 
300 360 473 
300 279 40 
13 103 140 
362 105 247 
34 129 195 
423 197 217 
202 233 462 
381 14 75 
115 119 38 
125 333 60 
376 281 83 
22 49 3 
308 478 192 
164 42 270 
457 263 126 
412 52 19 
348 117 247 
489 238 362 
453 101 453 
393 336 367 
361 372 465 
433 435 258 
105 400 301 
354 452 269 
417 331 466 
129 387 334 
445 164 397 
267 162 496 
166 23 265 
450 138 65 
384 34 408 
237 101 472 
290 438 139 
462 423 441 
406 90 53 
79 395 94 
30 243 160 
83 460 182 
182 358 159 
439 347 40 
306 456 211 
462 91 430 
47 50 426 
93 401 310 
174 453 397 
383 354 65 
392 269 390 
306 147 426 
76 34 111 
444 287 408 
279 393 446 
237 132 282 
490 429 396 
0 445 152 
270 48 73 
55 331 341 
324 222 222 
71 455 405 
107 247 39 
168 385 246 
426 472 245 
232 216 120 
95 295 16 
429 44 281 
276 130 107 
483 228 451 
82 466 312 
105 156 380 
143 191 56 
404 180 396 
345 36 455 
197 305 265 
481 386 281 
493 461 409 
474 88 168 
144 163 240 
40 245 52 
448 152 447 
90 75 144 
155 357 63 
327 377 446 
233 111 77 
270 224 373 
494 485 295 
10 359 456 
207 247 289 
494 70 177 
261 353 350 
481 182 265 
497 282 14 
167 123 109 
407 180 218 
210 49 229 
194 308 425 
483 458 227 
373 488 225 
63 193 140 
206 482 406 
191 152 3 
217 115 338 
330 305 102 
204 204 218 
323 22 231 
250 470 346 
146 362 67 
81 27 400 
459 143 151 
417 362 4 
64 462 168 
258 110 437 
119 290 35 
442 486 455 
17 279 356 
446 126 54 
497 499 452 
105 26 381 
199 488 461 
139 470 44 
235 332 462 
59 101 260 
163 25 230 
88 314 346 
135 22 204 
234 6 54 
304 130 465 
463 136 439 
331 138 482 
121 293 87 
186 419 303 
249 257 31 
494 411 84 
214 113 312 
246 177 408 
127 437 177 
205 170 0 
417 396 381 
111 187 66 
332 289 283 
261 130 202 
108 350 283 
124 152 279 
145 450 151 
1 232 88 
191 427 77 
96 55 282 
269 107 269 
8 362 381 
322 436 362 
167 34 487 
43 245 90 
117 0 223 
367 71 132 
62 248 418 
346 200 244 
462 420 217 
129 416 336 
185 73 185 
224 31 239 
491 161 277 
278 60 368 
357 139 43 
106 108 480 
135 167 486 
94 310 30 
321 27 141 
76 369 153 
367 78 169 
72 361 268 
355 475 498 
296 202 303 
123 137 481 
35 104 410 
313 255 455 
278 347 140 
159 29 172 
158 70 385 
114 238 79 
440 115 44 
434 311 39 
369 218 40 
275 436 482 
204 201 106 
417 167 342 
20 183 142 
494 419 344 
455 456 384 
483 116 129 
389 1 474 
141 295 94 
0 437 389 
285 5 327 
439 299 271 
285 213 305 
18 296 327 
343 113 93 
422 25 320 
281 440 357 
35 443 273 
336 211 64 
79 155 47 
387 367 490 
95 419 270 
127 136 40 
164 116 427 
486 376 38 
53 426 9 
303 335 485 
399 236 56 
474 471 308 
212 118 198 
169 424 379 
453 269 97 
438 482 454 
69 236 238 
262 449 417 
235 289 172 
139 445 221 
449 17 406 
292 182 460 
406 246 37 
83 489 18 
200 115 8 
294 315 417 
80 7 57 
280 291 452 
357 253 83 
372 232 258 
237 15 390 
259 383 288 
85 415 439 
457 301 282 
128 268 225 
365 490 258 
399 240 170 
412 44 92 
356 497 259 
169 142 119 
260 358 182 
445 205 115 
355 74 337 
189 420 201 
417 248 51 
20 409 271 
214 136 427 
102 177 395 
235 32 376 
73 239 25 
382 241 157 
234 191 372 
199 145 442 
440 215 460 
40 102 9 
356 350 314 
394 392 453 
421 272 216 
493 129 28 
224 51 389 
420 422 424 
3 433 204 
232 27 124 
499 96 343 
249 366 184 
473 68 19 
280 318 86 
395 330 183 
365 413 42 
377 285 140 
446 416 50 
392 104 121 
393 431 166 
214 267 60 
69 158 225 
125 242 21 
471 313 247 
155 265 354 
378 332 367 
253 283 465 
460 81 168 
326 491 362 
487 11 430 
90 208 170 
389 98 492 
391 162 499 
126 414 254 
457 454 122 
305 120 264 
363 22 273 
482 31 183 
61 18 47 
444 201 307 
357 279 175 
127 89 461 
141 59 360 
280 42 287 
229 488 211 
328 175 231 
309 12 437 
97 89 357 
460 293 41 
335 412 372 
200 284 398 
76 317 454 
22 52 106 
128 102 27 
340 437 365 
66 460 58 
454 132 124 
395 281 253 
344 262 4 
415 265 151 
388 165 120 
388 167 189 
48 169 426 
458 277 49 
192 307 240 
225 86 344 
79 457 354 
259 179 40 
67 274 459 
423 171 159 
109 355 143 
300 340 466 
92 238 8 
309 395 499 
369 328 340 
201 214 170 
28 25 161 
491 65 231 
209 431 339 
95 481 86 
364 251 205 
31 341 493 
461 162 273 
188 216 453 
152 246 34 
278 288 123 
425 444 388 
278 318 181 
37 130 490 
237 225 161 
71 197 28 
189 446 13 
87 183 362 
71 105 202 
182 118 397 
156 281 31 
305 367 367 
264 317 183 
285 275 71 
284 334 438 
38 40 109 
197 7 75 
374 195 432 
487 416 275 
282 383 409 
195 42 4 
170 247 75 
248 147 329 
111 243 219 
85 334 75 
305 373 434 
87 25 78 
149 472 382 
437 237 217 
306 200 490 
357 461 297 
88 227 88 
454 358 318 
69 24 346 
455 271 47 
348 205 107 
182 71 39 
354 448 329 
248 407 38 
56 460 205 
419 137 435 
334 423 482 
285 84 396 
445 205 197 
368 363 290 
286 348 311 
340 432 129 
335 411 462 
406 165 140 
427 134 363 
193 241 332 
129 50 348 
73 289 117 
257 289 289 
498 247 266 
49 458 51 
486 136 186 
148 23 89 
253 245 314 
107 346 320 
62 53 395 
193 79 73 
496 419 144 
171 252 356 
401 150 459 
95 229 156 
153 431 71 
415 458 187 
148 69 223 
212 259 264 
296 308 477 
343 348 17 
376 20 35 
131 491 150 
210 8 279 
472 106 149 
173 197 291 
53 181 463 
352 365 199 
32 469 171 
288 251 201 
121 56 136 
485 6 303 
47 97 465 
426 61 207 
174 417 202 
242 77 451 
239 361 26 
158 338 272 
274 456 56 
480 217 471 
290 133 97 
153 244 233 
312 108 33 
408 435 66 
197 6 13 
153 66 171 
159 214 98 
15 357 143 
426 475 383 
327 460 84 
306 330 311 
20 242 83 
23 190 126 
443 116 359 
298 186 1 
35 46 108 
74 461 495 
495 487 393 
311 168 216 
196 22 389 
193 277 204 
314 15 34 
338 348 66 
353 112 43 
78 242 238 
411 277 372 
248 171 83 
33 189 80 
388 166 263 
182 84 342 
288 114 317 
346 344 27 
346 47 363 
368 400 393 
88 286 140 
350 455 204 
381 415 496 
308 236 409 
481 52 59 
75 382 174 
369 355 197 
313 255 268 
280 198 7 
220 292 347 
5 8 175 
314 482 77 
310 122 110 
264 18 380 
123 479 59 
373 348 91 
180 499 64 
2 294 346 
31 362 244 
168 456 8 
20 18 281 
83 488 324 
496 377 421 
384 15 49 
65 423 242 
86 23 327 
229 351 424 
436 381 176 
253 342 473 
54 235 312 
227 415 181 
105 129 345 
244 105 181 
141 493 78 
176 100 333 
44 410 462 
326 66 128 
495 218 97 
44 271 363 
364 158 113 
342 281 389 
349 162 142 
444 240 10 
175 86 469 
371 333 457 
377 419 33 
67 47 10 
263 248 458 
111 137 461 
496 77 204 
469 82 212 
363 33 278 
375 280 206 
85 127 203 
279 17 225 
156 347 446 
355 225 56 
409 280 170 
486 209 499 
194 415 484 
437 179 455 
487 426 437 
41 250 375 
80 60 283 
14 353 196 
137 385 412 
5 49 180 
251 35 440 
73 114 353 
420 429 386 
435 34 117 
436 390 353 
224 389 291 
194 48 456 
57 303 149 
317 153 134 
441 148 283 
478 206 325 
478 209 251 
71 37 155 
478 46 441 
34 383 472 
140 23 169 
209 480 248 
417 308 209 
341 332 74 
121 386 183 
80 250 154 
115 309 134 
179 307 81 
66 253 45 
367 457 232 
437 10 133 
406 261 115 
200 470 190 
178 408 72 
140 246 353 
163 121 353 
297 89 388 
496 18 50 
482 17 16 
230 222 455 
362 205 361 
91 463 366 
321 445 326 
419 319 493 
339 317 33 
412 289 356 
49 474 492 
471 28 242 
356 410 498 
159 120 376 
155 275 210 
379 445 466 
248 146 484 
96 244 415 
52 82 73 
272 274 79 
165 277 21 
324 71 223 
64 272 6 
339 109 382 
9 213 213 
403 115 328 
135 463 119 
184 232 160 
156 327 445 
167 46 96 
447 416 384 
302 187 282 
175 278 391 
248 449 105 
309 170 84 
49 331 295 
438 246 49 
455 136 449 
194 5 31 
101 162 256 
331 202 433 
484 499 279 
486 280 259 
308 150 290 
497 53 160 
428 31 266 
407 38 462 
387 114 181 
344 148 216 
231 408 235 
459 16 119 
174 296 193 
474 453 137 
383 327 72 
92 188 322 
266 128 3 
456 462 337 
154 385 31 
469 401 38 
71 214 193 
269 468 64 
455 374 479 
111 284 425 
335 262 30 
468 211 279 
293 451 387 
3 195 287 
161 246 193 
393 260 300 
384 122 326 
435 461 152 
268 225 370 
84 186 207 
