1000
3
162 276 281 
216 61 111 
464 463 430 
144 446 204 
417 423 121 
326 379 393 
420 146 266 
451 76 84 
483 201 61 
87 22 354 
497 430 281 
270 24 19 
414 10 84 
342 495 189 
319 495 39 
204 247 150 
387 402 34 
88 258 367 
288 471 466 
22 355 490 
357 376 486 
434 326 146 
238 373 150 
44 345 290 
53 402 164 
151 317 294 
24 488 173 
87 325 156 
103 80 12 
448 154 428 
87 444 191 
130 304 498 
187 93 87 
192 397 286 
424 58 58 
347 285 352 
403 136 396 
418 386 389 
425 146 146 
178 324 340 
417 136 230 
125 83 269 
143 401 169 
463 367 414 
284 450 253 
303 497 387 
174 331 478 
494 214 175 
266 92 375 
358 278 478 
175 118 184 
357 383 405 
97 327 434 
8 484 12 
114 333 130 
270 324 472 
65 183 299 
74 301 316 
271 109 17 
88 453 48 
387 251 454 
143 423 381 
46 385 158 
287 342 270 
40 179 421 
220 467 105 
392 317 207 
479 141 234 
468 71 51 
204 179 480 
445 356 362 
401 300 127 
278 78 327 
39 22 269 
146 112 381 
234 95 250 
216 140 114 
248 368 267 
442 344 268 
142 153 457 
28 41 289 
422 438 469 
6 105 344 
385 58 404 
203 461 303 
465 475 123 
324 141 485 
465 45 6 
330 150 268 
438 369 345 
494 172 384 
247 131 295 
67 250 64 
485 135 210 
31 209 115 
12 157 466 
266 487 148 
320 433 490 
202 118 438 
437 274 341 
273 412 234 
364 131 18 
107 489 370 
208 426 364 
258 108 311 
448 418 21 
124 430 110 
209 379 71 
352 51 357 
290 108 284 
228 154 167 
40 480 209 
349 58 267 
5 163 335 
3 194 264 
389 481 411 
227 85 323 
102 418 447 
181 453 458 
234 225 414 
200 251 99 
103 300 88 
53 344 121 
414 40 423 
273 396 287 
146 11 207 
224 144 482 
494 442 421 
412 399 283 
12 124 353 
355 323 202 
77 241 454 
290 32 341 
429 233 67 
347 308 116 
46 472 161 
409 255 326 
20 136 490 
235 268 262 
446 219 239 
430 499 203 
12 14 316 
268 257 105 
381 271 303 
207 329 287 
114 468 113 
280 338 375 
405 3 392 
332 465 412 
487 233 232 
359 86 139 
433 0 102 
155 182 382 
294 347 214 
356 299 88 
160 484 187 
371 106 392 
34 205 112 
373 455 166 
273 266 217 
494 465 86 
437 291 349 
424 413 351 
412 325 243 
291 483 20 
48 396 111 
446 237 186 
456 487 428 
75 497 453 
480 291 92 
188 322 403 
312 340 72 
50 297 440 
388 0 134 
284 470 314 
120 238 227 
139 131 305 
322 371 99 
290 205 61 
353 268 37 
190 289 303 
71 121 70 
150 91 429 
361 423 339 
196 59 43 
77 130 38 
315 183 297 
496 145 300 
249 275 65 
408 171 29 
129 204 264 
192 427 300 
304 315 130 
34 380 491 
179 427 493 
376 267 410 
359 360 470 
1 214 250 
175 385 273 
405 19 410 
453 236 36 
187 64 354 
267 348 359 
87 478 405 
446 461 396 
200 44 109 
222 360 463 
194 121 208 
146 477 394 
339 274 72 
125 90 262 
232 61 273 
303 138 452 
275 200 1 
261 96 135 
278 416 353 
485 198 270 
251 409 361 
209 401 441 
376 381 248 
124 104 271 
1 276 379 
36 374 12 
488 410 91 
350 302 370 
271 464 239 
357 271 388 
83 14 250 
398 196 289 
384 318 24 
250 491 240 
298 496 130 
437 379 78 
193 419 465 
168 53 288 
490 332 186 
496 166 279 
137 5 99 
106 119 484 
347 299 464 
59 289 217 
399 161 89 
61 38 59 
376 117 308 
329 183 267 
216 24 221 
340 230 483 
49 255 108 
280 195 306 
301 35 166 
300 209 330 
79 188 306 
160 277 337 
21 60 396 
419 206 421 
244 15 369 
140 359 235 
341 390 27 
249 311 81 
347 66 276 
406 242 199 
268 441 337 
100 179 220 
438 90 126 
157 5 159 
279 0 436 
283 27 258 
391 354 468 
404 205 281 
483 399 111 
203 16 193 
174 378 353 
490 393 142 
1 66 389 
374 346 394 
340 321 347 
13 313 444 
123 136 386 
383 475 410 
370 158 339 
460 58 295 
165 301 174 
326 27 318 
237 133 130 
96 5 289 
124 271 21 
437 134 20 
21 382 88 
99 276 196 
107 167 110 
305 360 34 
350 288 155 
349 135 258 
362 461 250 
309 5 317 
314 129 188 
364 484 363 
444 342 171 
404 300 83 
125 144 254 
176 5 438 
421 111 97 
37 46 25 
111 304 48 
91 339 190 
394 135 168 
99 475 133 
92 308 473 
42 464 323 
303 4 373 
148 21 192 
364 392 395 
29 67 190 
414 150 313 
221 270 444 
338 0 121 
6 484 482 
213 149 370 
471 25 388 
238 399 410 
417 323 450 
93 463 238 
464 42 357 
218 164 259 
459 78 480 
146 379 425 
355 142 374 
97 156 429 
234 14 191 
364 21 339 
395 316 240 
144 259 304 
490 279 181 
257 143 324 
317 109 177 
140 238 276 
6 181 376 
457 88 356 
138 8 123 
376 342 26 
429 79 184 
350 408 372 
260 112 392 
207 349 188 
259 443 359 
384 195 134 
207 139 100 
182 342 406 
147 271 244 
245 395 376 
24 7 335 
456 38 28 
392 18 156 
467 393 455 
277 40 65 
61 188 328 
78 244 34 
232 404 95 
385 413 168 
148 153 433 
379 237 483 
171 247 480 
208 409 122 
148 291 147 
82 254 128 
337 221 338 
470 385 305 
98 272 79 
340 117 189 
114 254 326 
490 351 76 
96 120 126 
10 242 379 
354 496 444 
41 318 231 
233 140 6 
206 428 348 
495 208 241 
205 390 478 
148 354 81 
306 422 78 
84 36 489 
492 469 183 
151 130 262 
159 43 154 
82 426 30 
138 439 102 
49 18 39 
464 412 412 
308 19 476 
268 466 51 
346 402 356 
248 212 306 
162 406 453 
366 177 15 
117 379 194 
434 127 409 
486 131 34 
281 143 184 
495 102 323 
147 237 312 
113 217 48 
166 226 140 
412 326 358 
56 30 495 
193 149 425 
114 149 308 
207 451 28 
95 367 223 
104 488 239 
271 395 386 
326 308 34 
77 384 206 
398 404 443 
304 429 328 
478 185 435 
302 9 113 
65 38 163 
325 36 232 
212 90 150 
105 31 130 
345 484 17 
106 446 314 
280 77 373 
495 407 24 
328 207 255 
19 266 245 
347 107 121 
496 189 446 
343 215 84 
133 430 283 
447 328 49 
445 96 461 
315 81 426 
123 227 195 
208 282 397 
380 423 118 
279 249 420 
228 40 412 
243 320 20 
333 140 444 
194 433 264 
157 298 33 
211 197 138 
433 321 370 
403 399 56 
479 442 427 
497 233 333 
10 327 4 
136 205 461 
220 204 244 
480 383 300 
199 388 388 
20 91 224 
319 59 378 
298 208 21 
358 57 478 
465 401 98 
29 302 127 
126 255 296 
340 289 465 
86 281 420 
22 310 33 
497 430 461 
317 369 305 
275 437 480 
242 310 81 
125 394 483 
85 456 154 
10 378 91 
218 276 499 
473 424 352 
207 112 445 
10 216 203 
443 366 105 
247 397 188 
237 247 447 
406 345 118 
61 361 0 
421 256 374 
453 219 140 
252 370 100 
389 222 192 
39 397 18 
32 424 462 
101 465 438 
173 183 235 
175 376 348 
384 204 491 
309 233 320 
158 29 418 
322 400 8 
87 411 259 
13 239 418 
417 188 423 
126 316 302 
167 14 123 
261 470 260 
65 485 255 
53 238 357 
461 230 316 
232 115 375 
328 384 73 
316 399 372 
459 417 249 
414 328 240 
85 12 4 
51 394 48 
446 451 61 
200 410 35 
267 56 351 
286 360 131 
273 224 260 
288 249 365 
25 160 326 
484 89 102 
168 119 316 
456 468 332 
351 10 196 
351 101 494 
201 79 343 
285 303 12 
224 105 208 
55 370 76 
13 494 76 
297 114 438 
69 358 233 
489 194 197 
367 182 496 
121 355 13 
477 498 284 
69 145 334 
482 488 169 
238 188 361 
435 480 345 
461 49 346 
308 24 265 
8 123 496 
202 492 53 
177 167 431 
352 379 388 
197 471 449 
153 170 15 
387 426 415 
285 318 68 
292 444 204 
16 272 69 
282 406 3 
261 336 334 
65 454 204 
90 250 290 
319 375 26 
129 170 255 
300 450 348 
100 84 90 
225 140 336 
234 410 120 
394 195 324 
47 467 351 
179 107 130 
69 461 491 
196 185 217 
418 122 160 
49 123 382 
84 371 87 
88 217 87 
311 216 187 
232 450 236 
7 226 391 
359 377 435 
24 50 52 
110 193 212 
158 243 192 
209 390 262 
258 27 229 
288 98 96 
477 68 117 
388 201 220 
422 356 185 
287 488 33 
400 259 439 
115 265 360 
304 477 237 
99 474 134 
105 453 114 
247 111 328 
150 427 473 
88 50 156 
161 384 223 
447 96 148 
218 280 120 
496 57 485 
394 258 493 
173 4 432 
312 489 7 
37 345 5 
69 90 471 
366 282 387 
402 253 197 
19 50 380 
162 217 303 
492 252 368 
161 241 325 
462 158 15 
305 411 437 
231 449 248 
306 259 368 
58 408 40 
101 192 250 
341 488 90 
327 412 150 
362 24 73 
488 157 57 
491 343 18 
437 443 108 
198 446 440 
243 244 493 
436 306 341 
498 46 184 
132 53 493 
443 384 329 
490 395 378 
286 371 325 
366 190 354 
41 419 100 
432 368 415 
331 115 457 
410 450 276 
270 130 73 
7 32 327 
247 53 141 
365 349 220 
67 91 108 
102 270 488 
451 279 425 
77 289 16 
385 205 223 
225 187 309 
141 407 205 
465 284 196 
441 465 340 
362 199 393 
95 278 0 
451 306 202 
159 294 386 
457 268 364 
400 278 200 
457 267 345 
237 199 407 
261 430 235 
132 109 391 
149 20 70 
287 289 446 
93 23 123 
96 115 261 
484 4 108 
389 223 339 
242 144 238 
446 327 218 
10 67 302 
290 146 280 
265 338 493 
451 227 188 
284 39 212 
464 434 498 
9 395 122 
180 274 330 
199 495 52 
489 128 262 
285 488 375 
128 38 396 
48 98 336 
269 127 82 
247 143 354 
409 100 332 
466 108 484 
26 445 315 
268 162 332 
73 44 216 
303 8 488 
426 66 236 
473 328 441 
188 295 238 
108 455 339 
343 179 113 
153 140 57 
375 300 277 
292 41 93 
40 230 195 
294 173 496 
39 143 459 
10 463 271 
471 263 222 
390 471 387 
16 40 405 
152 259 274 
211 28 74 
153 329 447 
325 262 194 
8 267 170 
94 78 325 
163 192 133 
7 305 172 
60 189 492 
54 234 380 
292 403 12 
459 336 148 
262 309 471 
217 490 424 
446 94 332 
156 416 370 
77 395 183 
257 473 369 
97 244 123 
237 13 149 
219 395 29 
276 216 396 
310 67 97 
64 202 477 
134 138 411 
178 304 339 
480 330 93 
164 229 495 
279 358 468 
214 420 418 
102 477 99 
57 110 41 
338 75 156 
431 443 407 
31 306 50 
267 481 100 
405 106 374 
360 55 270 
145 484 323 
493 18 27 
484 339 315 
483 410 495 
150 225 268 
311 103 490 
141 470 324 
227 35 258 
65 373 498 
198 426 199 
394 166 468 
165 244 358 
368 421 250 
237 103 273 
11 175 175 
229 81 425 
239 190 159 
118 122 316 
219 259 374 
353 369 240 
29 472 282 
27 429 69 
119 405 68 
355 62 399 
279 288 460 
91 192 132 
242 65 367 
417 373 185 
301 154 416 
476 329 52 
272 43 17 
130 160 199 
9 214 352 
482 403 302 
257 214 258 
184 399 186 
148 38 61 
139 396 21 
490 485 74 
93 269 19 
358 302 348 
31 83 50 
211 259 488 
87 143 1 
378 252 78 
126 169 112 
97 240 313 
72 408 174 
305 287 259 
193 71 124 
371 396 8 
446 365 476 
155 487 187 
90 173 219 
132 495 55 
117 265 139 
35 402 409 
497 330 93 
83 231 55 
263 468 281 
358 467 149 
480 475 330 
26 446 326 
17 476 93 
389 116 322 
275 459 260 
234 156 197 
189 73 454 
311 494 312 
261 202 341 
25 221 81 
446 311 239 
93 164 241 
122 154 469 
75 272 343 
116 14 92 
27 425 262 
314 434 300 
331 1 436 
434 229 389 
416 113 330 
234 201 178 
469 449 27 
454 324 174 
188 58 451 
266 439 265 
184 384 361 
429 224 388 
271 36 40 
64 256 121 
337 271 364 
159 338 363 
359 27 115 
485 239 426 
256 72 285 
481 348 485 
491 465 224 
71 487 363 
248 47 172 
370 164 90 
397 292 17 
262 240 258 
158 483 22 
59 74 168 
353 189 316 
279 367 413 
207 458 260 
177 109 199 
123 211 143 
291 228 352 
486 55 402 
362 407 351 
92 112 78 
104 161 233 
9 318 136 
44 146 83 
116 355 59 
336 464 273 
153 385 443 
422 219 327 
499 483 420 
7 407 244 
477 122 325 
407 202 485 
322 242 261 
342 249 461 
144 192 58 
437 188 393 
343 321 106 
246 90 40 
318 228 254 
27 28 418 
180 481 379 
426 95 397 
349 14 363 
68 237 37 
43 277 131 
291 443 134 
26 441 245 
29 277 237 
419 403 44 
430 157 212 
111 189 245 
49 487 180 
145 44 360 
440 394 463 
317 31 75 
144 347 250 
197 19 54 
146 244 116 
33 78 412 
445 495 477 
355 362 224 
254 282 329 
175 16 484 
105 127 357 
230 186 297 
475 393 101 
228 379 394 
382 287 106 
55 52 4 
325 248 166 
157 328 109 
153 281 347 
351 481 266 
21 275 244 
270 75 190 
389 65 346 
107 410 153 
9 224 259 
325 69 228 
12 204 46 
426 297 42 
79 486 428 
492 451 449 
103 485 132 
70 25 301 
305 332 64 
466 231 356 
242 415 28 
445 441 489 
285 147 203 
470 442 68 
54 376 8 
282 125 170 
226 126 393 
382 1 111 
348 115 399 
51 156 379 
375 302 188 
398 196 444 
320 50 424 
225 470 42 
47 277 410 
309 301 159 
234 243 16 
259 491 91 
71 371 149 
437 413 291 
405 153 470 
213 446 182 
53 496 205 
220 146 126 
206 99 107 
93 176 8 
374 370 377 
163 270 120 
120 131 95 
329 100 35 
307 104 466 
10 352 138 
34 470 168 
19 27 475 
32 397 189 
394 417 284 
53 313 489 
346 172 85 
470 449 308 
339 189 98 
388 445 474 
426 391 128 
332 153 305 
72 179 360 
262 284 154 
370 440 40 
41 42 60 
397 132 357 
404 238 146 
423 124 274 
180 73 107 
263 160 113 
497 167 399 
357 7 370 
424 215 243 
486 184 138 
499 130 147 
223 29 123 
111 203 209 
322 261 84 
471 380 109 
23 463 276 
463 468 387 
377 348 55 
60 144 354 
307 293 1 
9 37 274 
343 363 27 
349 63 7 
29 479 485 
387 321 365 
217 407 443 
137 205 214 
53 477 316 
80 366 36 
124 445 194 
497 209 462 
298 57 14 
162 130 119 
361 296 354 
458 182 388 
491 455 426 
436 499 146 
354 105 483 
100 391 383 
170 131 52 
198 347 438 
307 147 434 
