1000
3
361 415 185 
24 165 465 
364 23 5 
113 82 258 
159 76 207 
347 391 93 
130 64 150 
299 128 339 
153 443 376 
245 186 482 
321 411 195 
303 436 42 
3 307 115 
306 425 486 
284 326 66 
457 94 460 
251 221 171 
420 89 160 
53 40 102 
309 478 234 
281 403 208 
326 194 397 
15 256 163 
344 336 46 
339 26 478 
82 130 71 
287 110 30 
123 276 194 
145 458 242 
235 315 68 
254 267 351 
354 444 460 
414 183 393 
490 412 312 
162 474 431 
209 293 432 
370 408 155 
242 384 61 
499 9 326 
225 307 29 
127 305 33 
63 307 451 
37 79 386 
359 54 248 
491 411 258 
114 193 233 
328 399 19 
90 137 339 
480 64 231 
227 453 270 
303 134 368 
60 13 309 
469 226 270 
152 240 422 
446 226 258 
366 84 272 
113 248 87 
251 348 352 
6 6 484 
292 12 363 
198 300 75 
289 212 321 
428 251 110 
168 188 129 
174 108 429 
192 113 216 
483 245 331 
179 258 248 
357 483 206 
175 266 13 
7 312 319 
171 15 470 
256 416 424 
476 417 100 
71 242 46 
432 427 155 
411 349 396 
488 203 422 
313 277 55 
249 5 61 
455 367 58 
252 162 215 
414 98 313 
200 163 284 
371 466 98 
418 230 356 
225 157 84 
153 427 22 
368 349 197 
468 301 312 
190 156 400 
181 375 82 
347 137 381 
181 13 294 
284 423 426 
67 450 382 
263 486 486 
83 481 429 
351 214 172 
28 149 448 
372 127 170 
189 223 464 
425 418 481 
24 255 402 
157 486 460 
349 1 14 
243 26 113 
91 342 313 
81 104 369 
94 309 450 
116 209 495 
3 60 344 
261 468 403 
403 252 392 
90 109 349 
52 297 298 
190 303 456 
245 208 283 
225 240 4 
63 388 186 
197 384 136 
251 423 275 
289 300 166 
408 8 35 
153 345 72 
284 80 171 
33 438 473 
386 438 363 
228 433 211 
318 211 184 
222 355 142 
66 60 50 
307 99 337 
218 110 426 
333 249 379 
156 69 52 
364 296 186 
241 394 64 
309 317 373 
23 404 333 
458 145 313 
332 329 387 
421 418 315 
307 83 5 
100 496 171 
77 158 276 
62 151 108 
207 486 211 
338 336 440 
370 359 127 
389 363 311 
169 357 326 
346 461 65 
243 108 380 
145 362 234 
211 47 11 
71 214 455 
229 279 96 
220 56 41 
23 132 203 
37 57 312 
94 353 449 
67 105 341 
30 430 9 
441 37 428 
240 279 347 
92 195 370 
376 108 333 
371 115 60 
308 30 63 
216 124 97 
183 299 288 
173 368 87 
68 462 111 
454 309 446 
186 67 448 
454 371 457 
157 13 152 
120 300 262 
211 442 183 
153 142 6 
300 181 28 
289 199 449 
42 237 295 
73 128 375 
225 280 159 
308 77 340 
1 476 277 
207 345 372 
234 13 77 
347 93 295 
455 76 116 
294 347 94 
49 480 311 
20 119 217 
480 48 6 
446 321 415 
188 334 159 
5 315 481 
52 463 421 
76 33 113 
343 475 226 
430 159 273 
393 162 396 
303 196 145 
488 396 108 
261 220 489 
355 102 260 
194 297 106 
43 189 483 
226 308 175 
227 418 495 
81 92 261 
73 280 357 
74 210 305 
212 475 149 
89 229 227 
495 212 498 
319 198 213 
161 329 49 
302 492 265 
233 402 326 
377 90 394 
324 145 192 
152 449 264 
249 415 243 
291 15 147 
324 116 40 
472 300 159 
194 143 94 
320 166 65 
43 292 44 
389 360 162 
16 389 14 
462 29 77 
443 426 88 
16 125 461 
365 139 164 
462 393 440 
7 221 71 
244 235 333 
84 137 474 
210 330 196 
307 117 322 
131 155 271 
470 347 424 
135 146 8 
195 405 268 
6 311 212 
163 88 238 
74 61 240 
169 123 412 
371 215 128 
59 275 99 
143 14 295 
438 265 463 
445 408 415 
269 4 232 
450 339 258 
219 206 255 
53 454 125 
469 394 108 
478 234 58 
45 301 338 
389 206 358 
470 281 487 
7 144 41 
431 10 460 
483 480 424 
331 104 18 
288 355 162 
170 476 379 
88 323 254 
35 458 457 
450 455 168 
382 148 124 
366 106 158 
231 482 96 
353 119 66 
472 49 95 
172 336 302 
345 344 398 
89 26 421 
431 132 125 
60 454 267 
112 222 212 
0 125 421 
184 394 207 
195 477 202 
230 244 499 
323 80 137 
407 280 239 
458 98 184 
143 372 201 
26 421 267 
4 499 98 
288 204 338 
10 455 36 
254 202 130 
64 111 289 
101 261 251 
258 361 69 
199 463 284 
150 231 1 
230 470 482 
388 468 43 
411 467 323 
378 22 154 
235 18 484 
264 301 297 
263 55 66 
14 356 232 
391 399 482 
323 363 339 
320 112 428 
265 459 180 
326 19 227 
443 341 374 
264 228 106 
283 57 154 
401 366 158 
342 170 339 
407 314 454 
437 481 481 
230 4 403 
114 292 181 
9 295 361 
285 470 25 
11 327 269 
454 91 337 
36 12 382 
397 244 105 
342 147 116 
357 80 447 
444 103 42 
354 81 432 
411 449 292 
115 402 436 
397 134 469 
434 288 94 
466 418 327 
37 324 240 
209 36 277 
218 434 385 
203 404 459 
143 466 56 
82 233 469 
110 129 98 
269 149 308 
205 350 431 
216 342 344 
498 458 413 
19 148 426 
423 383 89 
402 277 201 
354 498 412 
146 26 294 
275 230 8 
2 262 180 
74 190 11 
160 149 31 
169 260 67 
411 337 135 
232 385 230 
285 355 240 
217 112 211 
178 425 491 
200 396 418 
50 358 137 
133 9 453 
244 100 186 
454 228 286 
238 59 272 
381 116 359 
160 318 491 
420 211 491 
141 84 358 
288 236 410 
249 155 444 
382 433 117 
88 362 182 
439 47 492 
12 3 135 
318 138 424 
437 356 334 
177 435 420 
308 132 440 
468 33 12 
74 485 360 
193 222 210 
474 280 416 
471 315 496 
461 144 261 
315 183 394 
40 163 212 
344 423 400 
431 0 115 
486 465 144 
197 209 168 
156 131 49 
374 43 192 
441 37 482 
124 376 226 
358 29 302 
108 173 471 
389 91 283 
63 71 195 
3 63 229 
395 133 102 
34 122 284 
119 415 54 
360 103 335 
352 494 241 
18 283 257 
386 76 84 
114 343 199 
76 228 131 
390 426 257 
37 164 292 
425 378 189 
393 111 387 
70 472 67 
256 344 392 
12 193 31 
381 83 118 
196 235 141 
79 360 29 
489 389 166 
376 146 313 
120 223 164 
378 225 412 
467 413 366 
461 226 45 
315 53 222 
249 327 422 
30 468 272 
192 391 144 
333 227 192 
15 185 358 
311 106 356 
203 456 463 
374 228 32 
126 368 253 
306 188 236 
328 446 409 
277 335 19 
65 471 83 
363 165 373 
78 458 148 
180 387 135 
197 313 274 
119 44 368 
432 348 437 
156 12 51 
376 39 84 
303 72 490 
247 413 363 
49 105 413 
88 401 22 
279 468 336 
435 475 401 
131 258 166 
357 75 309 
309 459 489 
198 305 125 
435 218 310 
391 253 444 
42 323 366 
25 373 215 
157 455 58 
263 407 59 
153 252 361 
104 245 266 
239 490 494 
136 80 163 
279 252 258 
37 490 297 
99 241 428 
30 46 144 
492 282 63 
185 340 297 
90 374 15 
39 339 113 
432 203 36 
351 95 224 
484 7 218 
263 331 74 
415 12 219 
178 100 471 
237 293 113 
239 382 152 
125 487 242 
373 392 237 
418 335 398 
492 30 325 
437 350 46 
294 246 64 
178 424 409 
338 373 74 
130 298 15 
184 176 31 
364 31 261 
284 401 87 
73 132 190 
67 336 402 
37 283 375 
258 405 27 
223 369 23 
311 237 383 
39 479 489 
247 129 130 
402 457 217 
216 312 291 
57 277 389 
25 274 420 
54 488 205 
41 53 114 
170 8 81 
344 90 200 
46 308 103 
495 435 446 
497 54 294 
35 295 121 
169 314 436 
486 100 308 
470 264 12 
370 447 456 
392 192 40 
427 463 300 
267 258 204 
369 245 79 
226 272 200 
137 32 222 
107 408 438 
80 168 362 
306 48 435 
78 105 188 
269 8 262 
337 264 105 
458 61 238 
425 335 118 
14 363 355 
55 462 194 
240 410 123 
399 301 82 
319 198 452 
345 205 249 
75 490 240 
235 214 248 
173 59 170 
336 480 94 
396 10 253 
131 257 25 
31 246 271 
262 259 155 
70 462 271 
177 301 65 
75 139 456 
468 128 295 
177 386 164 
411 235 475 
167 225 266 
22 299 83 
202 413 112 
319 292 395 
338 336 423 
318 59 400 
357 318 294 
102 177 255 
82 420 429 
59 405 250 
140 316 356 
92 9 209 
104 399 252 
35 431 332 
223 132 81 
182 54 284 
494 22 72 
437 293 356 
177 325 40 
17 272 330 
43 456 378 
370 259 10 
206 92 459 
55 352 335 
453 314 125 
458 151 81 
432 482 462 
3 479 345 
493 375 82 
372 371 194 
181 296 382 
288 289 153 
460 176 176 
427 204 10 
486 274 303 
71 305 45 
401 197 61 
175 454 232 
109 215 293 
116 338 467 
408 292 417 
349 207 188 
369 345 320 
116 235 245 
296 374 70 
250 15 423 
451 237 210 
37 101 120 
206 460 358 
23 138 87 
282 102 445 
450 450 104 
242 447 45 
50 317 338 
363 395 339 
178 159 281 
390 377 243 
293 135 139 
295 15 186 
356 415 93 
119 332 186 
22 496 93 
311 354 294 
36 67 1 
380 168 425 
385 440 277 
446 286 45 
353 306 498 
335 485 497 
17 497 479 
3 244 41 
303 249 429 
299 96 448 
54 128 493 
377 284 266 
225 464 339 
236 272 107 
237 358 428 
267 435 275 
45 165 447 
469 57 170 
316 452 128 
392 45 200 
407 450 226 
187 236 380 
221 161 370 
368 52 70 
495 254 142 
11 109 66 
313 203 337 
351 352 193 
3 4 355 
446 190 44 
368 317 259 
40 72 344 
130 416 191 
138 29 314 
308 306 223 
442 445 471 
376 75 68 
290 322 217 
120 85 172 
394 167 222 
107 322 312 
140 443 482 
52 238 71 
104 182 498 
102 225 445 
2 194 209 
299 421 214 
263 255 256 
228 269 299 
81 457 307 
101 194 477 
461 428 467 
420 256 395 
50 336 105 
86 439 196 
13 81 187 
116 237 399 
495 18 169 
483 470 383 
340 225 129 
233 79 140 
291 218 452 
356 460 173 
347 301 11 
83 267 496 
183 443 222 
396 444 35 
294 156 91 
461 74 132 
216 99 306 
227 209 140 
499 457 352 
188 338 277 
58 382 394 
126 350 84 
410 170 232 
39 473 20 
7 366 98 
28 299 210 
384 1 325 
300 263 268 
221 255 326 
304 273 84 
200 321 336 
416 365 477 
326 369 406 
414 364 130 
289 71 368 
149 204 326 
402 70 309 
211 462 18 
59 19 161 
1 144 304 
463 70 170 
138 200 46 
297 235 52 
105 322 271 
314 337 302 
1 488 487 
215 243 44 
216 396 66 
194 465 133 
334 109 327 
297 214 302 
102 83 379 
305 449 89 
411 383 31 
175 185 209 
218 265 408 
422 482 484 
97 184 260 
174 338 273 
28 270 92 
154 468 10 
270 449 212 
481 80 355 
296 481 119 
432 77 5 
128 423 156 
289 490 155 
200 366 410 
192 355 138 
198 261 309 
398 374 350 
481 442 279 
325 448 278 
409 149 319 
29 265 75 
205 488 432 
187 160 118 
203 183 366 
63 140 247 
180 44 422 
39 354 40 
6 486 80 
429 98 473 
182 139 30 
5 391 206 
81 375 265 
331 258 424 
325 404 45 
465 216 89 
309 29 268 
216 59 254 
104 98 49 
438 456 159 
314 394 201 
131 0 202 
484 75 120 
432 11 376 
392 496 235 
128 322 1 
219 313 412 
254 210 139 
293 263 71 
462 340 407 
350 385 409 
427 487 324 
205 232 440 
256 174 163 
40 237 116 
10 143 409 
482 220 277 
67 350 402 
498 63 144 
77 395 89 
194 315 193 
458 29 141 
122 312 339 
55 241 393 
274 228 228 
339 265 434 
65 131 302 
174 130 195 
185 257 361 
275 307 154 
228 446 391 
147 126 15 
130 124 280 
336 189 119 
115 447 302 
334 43 193 
83 0 323 
494 38 86 
112 64 398 
63 174 236 
367 38 30 
47 339 60 
419 390 345 
130 247 496 
391 184 345 
137 451 282 
365 273 422 
240 307 379 
158 113 430 
460 158 308 
258 472 20 
158 157 298 
167 464 275 
313 250 194 
84 388 334 
446 391 28 
180 199 474 
481 359 165 
321 397 113 
382 103 493 
8 476 120 
274 113 249 
269 312 289 
240 171 235 
177 474 155 
487 224 337 
222 150 267 
498 101 310 
436 137 0 
349 136 42 
153 155 132 
19 212 326 
31 264 213 
105 111 237 
466 257 369 
70 344 474 
218 69 497 
213 469 282 
484 447 11 
115 360 273 
314 124 66 
428 34 445 
7 381 414 
87 231 33 
32 25 409 
466 367 99 
371 433 101 
38 92 460 
325 88 497 
70 371 415 
486 387 9 
141 132 118 
442 442 120 
385 73 233 
301 191 424 
298 83 38 
366 153 12 
104 284 289 
124 116 260 
55 442 197 
160 238 33 
338 174 328 
289 390 389 
98 200 165 
77 267 441 
424 135 447 
304 345 232 
191 270 10 
43 392 73 
368 42 488 
297 65 78 
438 22 143 
104 122 346 
96 49 362 
178 106 85 
256 457 332 
461 447 385 
268 390 58 
271 289 2 
312 53 196 
182 50 91 
470 441 204 
148 420 109 
191 291 148 
20 24 378 
142 22 424 
42 443 74 
300 33 182 
235 337 101 
483 482 465 
282 444 437 
54 72 332 
406 196 235 
331 418 197 
428 158 1 
497 341 52 
128 309 288 
385 83 308 
488 279 201 
277 210 153 
389 188 392 
273 415 328 
308 118 312 
146 60 164 
70 67 333 
61 156 97 
150 96 199 
164 223 313 
271 233 499 
435 57 497 
12 98 201 
123 50 410 
319 211 295 
10 134 442 
406 453 27 
275 338 454 
49 65 422 
470 374 8 
383 268 118 
374 54 447 
370 286 460 
340 409 147 
264 247 210 
411 269 402 
206 40 346 
16 330 13 
462 413 497 
387 112 55 
94 426 52 
486 184 63 
488 110 481 
215 358 269 
225 177 455 
160 48 117 
454 2 156 
233 103 420 
318 306 99 
193 290 360 
372 22 10 
117 425 383 
293 423 145 
132 210 289 
398 354 197 
363 190 342 
196 25 493 
140 2 95 
401 406 49 
406 179 488 
190 249 227 
440 419 247 
224 234 469 
296 117 186 
456 319 240 
311 25 303 
266 4 63 
30 320 382 
325 123 229 
5 80 104 
300 432 400 
348 352 235 
93 284 484 
212 377 209 
241 327 1 
94 312 143 
49 263 338 
94 165 113 
77 185 498 
14 142 53 
346 305 124 
466 200 371 
416 305 448 
5 132 433 
307 14 25 
223 46 457 
450 484 86 
405 194 477 
157 165 110 
261 228 130 
393 198 408 
272 152 129 
302 12 190 
446 183 429 
41 305 81 
495 368 102 
390 385 222 
356 323 19 
431 476 348 
195 413 102 
19 413 485 
320 286 138 
