1000
3
216 243 290 
106 416 292 
106 158 450 
31 236 313 
225 130 374 
39 485 394 
369 437 265 
448 76 237 
232 219 421 
98 352 92 
357 233 423 
94 298 172 
135 396 225 
25 476 114 
179 30 20 
349 117 93 
2 200 451 
339 230 340 
237 96 37 
275 118 266 
377 457 286 
53 108 243 
200 295 274 
125 361 464 
458 251 203 
250 288 333 
206 260 325 
357 128 437 
64 82 22 
348 429 231 
358 427 373 
156 444 225 
249 245 301 
424 136 442 
55 311 240 
179 140 249 
285 290 477 
285 37 138 
324 155 104 
462 353 207 
31 420 486 
124 28 423 
146 371 377 
353 320 215 
54 187 249 
91 114 446 
155 11 319 
268 130 399 
198 342 318 
428 485 9 
283 401 335 
109 37 115 
62 294 260 
169 32 215 
363 136 428 
56 49 79 
489 131 348 
23 134 243 
402 310 248 
258 458 478 
293 50 137 
101 105 483 
88 435 446 
147 77 211 
39 338 234 
39 178 21 
389 24 428 
239 318 455 
125 356 91 
183 408 354 
218 443 382 
365 445 455 
102 98 215 
259 462 12 
251 252 408 
52 86 232 
156 275 250 
345 35 366 
54 477 9 
41 158 341 
117 469 339 
40 281 202 
133 144 193 
373 280 324 
340 247 413 
485 202 186 
370 315 433 
112 361 194 
175 243 315 
415 266 236 
344 261 287 
257 367 434 
321 385 343 
39 138 25 
358 139 280 
458 27 232 
402 279 307 
163 30 306 
217 16 351 
299 286 95 
112 236 483 
378 483 83 
286 239 180 
98 461 16 
410 146 251 
254 0 192 
109 356 434 
141 357 178 
187 452 1 
94 199 58 
94 230 374 
93 201 388 
116 242 391 
280 112 98 
330 96 127 
240 411 478 
374 237 271 
430 65 244 
223 291 408 
102 471 305 
399 443 376 
388 397 147 
316 12 70 
360 403 237 
98 43 73 
270 88 186 
219 351 243 
246 61 376 
191 238 105 
421 12 188 
293 264 200 
331 319 105 
313 3 202 
9 45 265 
273 286 422 
443 152 419 
110 400 43 
357 15 377 
51 382 305 
49 408 341 
460 322 149 
327 65 245 
456 181 378 
287 337 344 
126 167 234 
186 272 237 
257 358 162 
72 218 160 
430 32 129 
163 101 105 
344 267 72 
481 138 227 
378 470 470 
172 140 117 
127 360 456 
80 98 419 
219 325 338 
420 29 296 
345 56 236 
489 151 259 
125 420 12 
171 428 28 
335 227 364 
342 366 10 
298 84 287 
309 67 460 
332 155 312 
199 218 424 
31 85 375 
60 320 102 
73 94 329 
436 413 285 
164 67 474 
452 434 493 
152 318 473 
40 252 132 
148 197 92 
484 419 168 
161 238 46 
422 257 178 
327 450 316 
294 300 261 
174 437 59 
78 474 325 
140 18 474 
322 53 333 
380 89 53 
157 495 172 
164 14 143 
7 204 452 
462 432 121 
474 50 428 
385 349 232 
375 38 141 
171 462 90 
354 127 76 
190 151 38 
198 224 244 
268 333 411 
383 343 486 
352 159 183 
80 213 88 
404 318 135 
58 78 347 
241 36 177 
248 397 244 
205 461 395 
303 285 293 
197 195 16 
273 119 374 
71 252 398 
122 3 252 
133 74 222 
263 355 484 
125 300 360 
395 472 327 
420 269 193 
34 118 287 
151 98 462 
106 11 157 
117 11 442 
440 399 378 
147 21 367 
446 256 476 
7 301 288 
192 322 155 
276 313 339 
409 238 45 
233 249 179 
52 17 89 
484 481 357 
294 288 138 
310 242 146 
339 396 398 
287 388 290 
414 0 225 
57 283 208 
92 339 428 
0 435 201 
444 37 291 
18 307 4 
285 494 456 
285 143 263 
352 233 306 
60 129 173 
180 8 310 
496 333 103 
251 286 128 
359 477 360 
360 397 104 
45 484 179 
197 110 272 
286 299 457 
422 82 258 
355 314 30 
487 260 162 
166 187 53 
142 305 375 
481 248 163 
133 346 472 
167 245 114 
470 470 67 
311 296 327 
153 380 387 
28 332 269 
19 455 409 
454 145 359 
338 71 109 
442 307 398 
0 159 299 
345 474 381 
112 498 349 
10 268 210 
380 350 53 
338 283 408 
304 199 133 
299 461 472 
242 491 471 
181 398 352 
396 491 185 
168 192 466 
172 480 359 
264 134 151 
417 347 439 
251 335 419 
438 178 227 
332 191 242 
337 315 80 
379 325 331 
37 429 288 
109 218 217 
192 272 109 
223 488 172 
497 26 129 
300 339 398 
163 7 351 
263 92 68 
163 128 208 
481 140 141 
33 154 358 
30 313 188 
187 434 478 
464 144 424 
346 18 80 
422 138 307 
366 114 113 
123 482 418 
413 364 11 
84 122 140 
340 372 66 
70 9 50 
158 192 373 
431 479 433 
270 425 345 
102 94 71 
53 308 61 
72 193 397 
412 295 223 
292 44 340 
207 146 419 
497 189 302 
178 495 251 
341 460 377 
455 116 104 
175 249 201 
300 470 289 
8 336 232 
476 66 440 
422 86 359 
203 394 175 
369 294 421 
442 2 404 
243 368 155 
134 411 393 
129 396 102 
415 401 252 
313 328 290 
355 394 349 
430 22 272 
449 178 294 
498 486 12 
136 249 277 
416 217 231 
89 159 49 
453 302 31 
443 470 361 
55 145 410 
267 423 426 
277 48 89 
35 244 193 
40 282 50 
257 242 302 
305 373 21 
171 147 111 
379 373 96 
442 394 421 
334 93 207 
268 61 241 
115 81 178 
253 444 190 
350 457 62 
283 28 123 
413 451 67 
219 108 435 
95 368 324 
349 387 472 
331 26 148 
250 61 404 
412 327 133 
204 449 56 
265 20 239 
314 275 149 
145 52 400 
255 461 314 
414 58 14 
74 51 429 
70 133 234 
338 146 156 
37 294 285 
181 113 347 
202 457 497 
104 50 460 
360 224 413 
224 275 151 
318 175 282 
462 309 156 
150 138 290 
489 234 488 
496 199 480 
141 323 207 
412 205 97 
121 369 34 
91 419 436 
167 140 339 
97 382 378 
334 441 424 
48 166 34 
155 157 463 
207 442 268 
15 376 289 
115 296 238 
172 185 159 
471 307 494 
358 348 120 
13 49 244 
237 22 230 
130 184 131 
425 140 21 
305 476 258 
7 268 448 
102 39 175 
116 402 194 
7 139 377 
6 212 418 
487 137 169 
135 447 19 
92 44 83 
445 342 355 
130 59 318 
428 247 474 
205 259 475 
18 125 65 
277 176 187 
361 53 176 
64 446 242 
484 328 227 
278 268 343 
420 20 141 
408 2 262 
181 222 486 
389 272 51 
219 65 271 
173 153 186 
19 465 153 
169 372 202 
99 112 143 
378 299 345 
125 488 242 
494 47 278 
216 6 468 
307 427 217 
78 62 48 
233 85 65 
285 93 365 
360 435 251 
143 310 109 
302 351 231 
290 228 273 
13 245 20 
126 292 307 
132 403 384 
407 294 86 
109 182 276 
277 131 152 
432 83 402 
268 237 116 
369 303 184 
108 310 148 
35 289 437 
69 115 40 
202 338 247 
203 398 453 
201 469 394 
457 28 141 
470 371 372 
341 281 54 
466 143 378 
146 89 26 
72 270 474 
124 204 168 
463 215 103 
298 278 299 
219 150 273 
7 375 345 
51 492 495 
182 92 434 
186 231 121 
257 162 234 
270 469 9 
34 473 326 
15 336 415 
269 145 9 
403 267 177 
169 499 128 
361 15 8 
359 156 260 
126 8 264 
18 324 497 
151 254 334 
477 481 262 
372 416 128 
361 384 340 
274 320 37 
152 440 348 
98 272 75 
258 422 304 
487 222 218 
62 301 487 
350 67 159 
311 461 146 
383 189 363 
442 113 445 
229 481 374 
388 219 289 
130 72 331 
494 290 369 
299 463 420 
92 113 315 
227 270 374 
404 405 361 
280 403 441 
143 210 374 
382 474 22 
144 91 476 
435 175 189 
364 342 268 
439 214 97 
219 269 277 
190 157 403 
120 234 440 
294 251 375 
94 389 220 
437 262 94 
240 253 1 
39 112 156 
241 316 302 
306 316 268 
37 482 468 
0 490 82 
242 233 51 
153 241 113 
338 473 253 
24 308 148 
54 164 49 
87 232 411 
0 230 471 
216 407 335 
480 497 344 
333 283 152 
139 5 87 
436 193 247 
462 406 150 
395 306 309 
131 372 233 
403 318 283 
16 95 104 
289 406 127 
422 2 486 
168 60 269 
95 253 107 
458 53 417 
385 496 232 
381 70 328 
23 34 418 
479 71 264 
174 22 291 
227 265 57 
174 399 181 
119 139 79 
286 384 168 
136 63 29 
430 49 315 
288 129 139 
35 293 185 
321 256 446 
9 221 491 
327 39 127 
6 65 277 
291 353 321 
267 275 29 
301 35 496 
394 199 163 
121 55 283 
160 434 433 
302 392 267 
108 57 482 
489 374 300 
278 314 318 
235 229 44 
5 336 290 
324 397 444 
127 449 322 
264 172 292 
246 237 190 
377 275 465 
372 299 336 
229 82 52 
127 57 258 
41 343 66 
86 9 87 
333 140 290 
354 57 429 
296 213 131 
420 433 474 
74 182 173 
482 469 145 
35 60 424 
278 123 25 
271 160 68 
116 62 363 
138 404 156 
413 352 456 
64 156 407 
443 125 421 
419 101 194 
421 56 362 
412 239 153 
286 320 206 
81 29 265 
469 474 454 
399 136 167 
443 104 113 
63 372 421 
421 492 277 
217 150 495 
130 29 158 
329 370 130 
446 102 383 
319 260 498 
183 320 223 
69 239 326 
38 265 197 
138 276 455 
400 436 219 
131 87 324 
82 349 25 
355 109 240 
31 444 297 
306 204 395 
134 51 214 
176 215 311 
69 81 308 
415 146 125 
445 192 38 
417 254 222 
1 361 51 
228 426 128 
27 350 5 
270 322 421 
220 34 244 
14 323 96 
244 57 446 
273 38 337 
117 126 326 
201 57 268 
235 79 74 
181 183 233 
365 188 303 
498 131 11 
315 206 51 
238 433 446 
317 280 488 
355 356 402 
65 200 71 
108 229 76 
409 357 449 
206 355 415 
123 313 10 
395 282 84 
382 223 414 
2 449 233 
201 240 437 
42 222 264 
274 64 165 
34 168 200 
311 487 90 
296 480 241 
323 88 283 
214 430 317 
267 96 269 
412 401 245 
490 461 485 
137 27 179 
194 377 204 
191 432 17 
91 190 141 
279 216 141 
481 242 147 
248 391 380 
440 111 259 
487 329 223 
41 479 111 
296 16 402 
451 157 223 
214 7 156 
284 121 270 
189 461 167 
320 244 252 
400 207 125 
479 305 44 
339 496 464 
98 150 442 
276 294 248 
31 447 336 
240 374 171 
361 245 29 
220 146 305 
492 469 60 
137 24 379 
99 334 391 
175 330 358 
193 131 220 
481 128 299 
385 168 429 
370 194 391 
136 436 152 
75 58 244 
202 239 166 
343 46 456 
293 36 222 
17 135 219 
458 473 111 
117 46 383 
15 205 159 
11 150 465 
91 411 151 
216 303 227 
19 144 320 
71 306 306 
273 158 59 
438 349 242 
239 217 344 
6 224 236 
73 113 483 
462 448 207 
171 319 297 
187 52 381 
386 131 405 
281 460 120 
42 110 433 
477 227 29 
163 422 302 
188 345 350 
252 126 164 
390 351 6 
376 459 419 
88 313 352 
271 57 161 
368 471 390 
475 370 161 
298 379 310 
97 297 357 
401 182 398 
24 282 38 
59 352 455 
157 132 128 
475 347 425 
38 350 432 
108 260 123 
314 127 229 
2 494 372 
213 210 220 
87 419 458 
185 53 89 
400 274 281 
93 496 423 
317 438 371 
330 164 89 
35 75 200 
248 194 389 
180 214 24 
63 274 133 
95 52 450 
440 222 492 
210 300 430 
41 42 247 
496 51 365 
324 111 428 
376 6 210 
16 495 267 
319 484 494 
117 439 134 
361 97 174 
173 458 173 
16 143 465 
193 106 490 
286 493 67 
31 40 477 
398 66 110 
104 237 426 
58 215 396 
488 411 387 
200 432 208 
159 136 44 
56 494 117 
251 17 240 
462 421 31 
287 34 392 
82 193 182 
367 276 424 
76 71 129 
167 435 52 
434 100 286 
134 329 102 
195 273 203 
22 16 18 
3 306 216 
131 131 163 
169 414 58 
284 258 340 
417 358 368 
93 284 311 
383 405 336 
323 146 158 
318 111 213 
51 79 446 
318 301 15 
353 286 412 
301 103 327 
425 25 150 
206 472 37 
393 169 18 
46 487 343 
466 219 433 
39 25 300 
136 276 210 
468 354 346 
363 241 247 
475 62 85 
60 124 369 
7 447 410 
455 353 426 
498 152 329 
399 181 499 
398 221 242 
434 119 239 
298 79 315 
269 217 470 
421 395 282 
167 244 9 
421 454 412 
324 355 230 
403 41 244 
408 359 120 
284 329 485 
69 230 355 
122 498 465 
141 143 492 
382 397 146 
153 117 327 
129 147 198 
424 379 232 
483 468 201 
5 302 358 
400 209 107 
35 220 499 
296 315 343 
323 23 496 
352 51 194 
499 14 53 
311 153 224 
254 34 59 
158 179 355 
270 371 87 
352 374 406 
145 136 362 
380 95 404 
130 156 497 
55 441 399 
197 273 166 
175 496 316 
425 378 477 
334 446 207 
37 311 19 
472 143 260 
60 311 414 
50 365 84 
210 477 167 
266 216 244 
475 274 127 
6 380 241 
80 111 48 
493 265 153 
75 406 402 
431 212 147 
116 51 488 
265 308 457 
12 293 328 
427 195 149 
69 324 395 
427 133 113 
410 34 439 
146 241 435 
422 216 180 
101 362 151 
463 275 107 
283 450 293 
417 165 228 
442 73 227 
139 412 150 
278 404 94 
34 471 165 
292 152 80 
161 112 71 
146 22 434 
150 472 247 
229 464 224 
69 18 458 
185 389 470 
372 293 341 
340 69 65 
70 309 99 
112 59 268 
331 321 51 
290 77 276 
381 207 333 
136 141 451 
294 238 59 
135 396 371 
261 400 209 
432 202 93 
253 47 246 
482 20 187 
277 134 324 
105 103 243 
188 281 58 
58 407 292 
464 240 130 
319 186 351 
266 394 250 
73 442 308 
118 127 273 
243 276 109 
416 200 318 
86 496 128 
218 158 23 
430 495 7 
96 217 185 
476 476 390 
168 59 320 
486 28 27 
349 6 145 
142 236 33 
130 380 60 
0 348 95 
217 110 83 
104 251 418 
40 44 256 
333 102 444 
175 349 287 
87 74 283 
470 117 195 
166 115 285 
87 249 74 
289 387 207 
90 414 493 
79 415 388 
347 466 35 
67 171 93 
294 467 180 
164 496 94 
120 41 296 
364 487 423 
180 34 31 
151 348 199 
399 436 208 
283 499 215 
405 230 137 
150 107 457 
418 450 314 
1 158 448 
263 458 138 
196 495 406 
226 366 399 
51 421 295 
103 374 65 
404 493 222 
438 230 421 
330 435 197 
464 218 267 
130 37 299 
207 157 28 
333 25 389 
98 289 372 
146 166 36 
304 137 247 
107 148 346 
334 251 337 
308 436 100 
361 463 301 
6 196 27 
132 156 28 
110 167 468 
220 238 373 
448 336 256 
319 131 135 
233 21 485 
370 355 48 
81 385 413 
1 181 460 
429 391 252 
304 367 246 
400 444 267 
416 455 263 
344 33 268 
344 220 396 
158 464 379 
464 260 392 
123 377 477 
319 382 433 
