1000
3
373 363 451 
371 86 205 
90 19 257 
227 375 381 
389 27 150 
380 432 159 
83 87 263 
433 12 403 
466 26 456 
307 254 286 
27 0 340 
287 480 224 
101 410 411 
325 87 87 
166 476 378 
127 310 169 
217 95 301 
30 168 425 
303 303 33 
48 276 93 
350 330 392 
463 289 177 
392 378 19 
10 273 164 
150 2 150 
141 188 228 
225 266 361 
272 212 192 
133 158 442 
434 487 279 
201 225 285 
289 381 441 
186 410 139 
264 333 58 
53 472 120 
273 303 310 
125 249 247 
198 333 382 
428 419 392 
65 248 359 
141 439 377 
392 247 405 
7 362 392 
290 189 417 
302 465 190 
324 483 64 
471 392 308 
394 207 59 
499 21 206 
364 404 409 
462 475 19 
74 463 230 
131 64 462 
476 203 76 
395 355 342 
271 77 345 
453 327 168 
295 338 460 
409 313 220 
244 76 307 
174 98 95 
370 397 434 
415 128 361 
462 350 92 
67 81 392 
245 458 32 
394 46 380 
66 300 112 
217 198 163 
125 468 308 
72 168 133 
345 144 487 
262 60 321 
488 2 489 
486 464 92 
250 316 418 
486 97 292 
52 77 392 
429 305 268 
44 495 143 
298 65 289 
15 210 421 
357 218 444 
380 266 371 
1 467 255 
320 262 324 
255 312 249 
261 473 50 
145 219 130 
427 56 387 
265 94 296 
227 247 297 
316 318 157 
412 102 485 
100 94 22 
123 384 440 
240 38 185 
134 27 460 
234 369 202 
73 363 207 
484 361 218 
390 17 214 
126 180 131 
448 218 493 
147 429 301 
223 466 442 
130 334 496 
91 306 144 
160 455 54 
336 36 330 
96 35 129 
96 78 304 
220 257 355 
469 288 136 
1 404 436 
398 196 164 
56 442 269 
377 252 410 
199 34 445 
289 79 172 
249 460 454 
477 382 152 
273 336 139 
217 37 313 
278 21 345 
313 18 173 
53 79 341 
145 313 475 
170 480 211 
363 110 186 
222 312 16 
457 247 267 
67 387 422 
469 328 46 
63 154 38 
199 64 142 
411 442 96 
390 408 2 
13 344 296 
173 165 189 
214 38 6 
301 497 94 
441 39 185 
491 398 8 
316 332 67 
366 107 311 
338 404 408 
8 401 123 
141 310 461 
385 43 240 
211 303 145 
14 140 375 
307 59 111 
35 331 175 
281 4 187 
398 464 235 
429 180 89 
122 477 268 
497 156 121 
460 423 450 
251 311 172 
17 447 313 
196 21 156 
336 373 201 
282 476 254 
118 202 394 
450 467 377 
50 71 97 
114 354 490 
159 488 152 
389 270 164 
432 469 355 
117 155 385 
119 466 124 
251 372 105 
0 10 13 
406 322 310 
408 247 57 
205 116 131 
418 182 418 
468 354 0 
165 438 492 
112 345 451 
45 404 59 
130 37 238 
319 48 445 
205 150 286 
322 490 420 
89 318 198 
45 244 380 
424 336 20 
371 427 320 
25 222 383 
255 176 230 
209 486 305 
205 68 456 
288 79 254 
240 345 340 
308 81 333 
48 67 228 
412 55 76 
236 461 454 
251 247 89 
228 229 97 
488 142 191 
38 73 236 
247 58 416 
492 386 120 
43 390 435 
301 459 391 
84 378 349 
157 359 356 
97 43 284 
1 278 60 
402 260 408 
13 139 203 
303 364 158 
276 289 358 
384 230 295 
217 443 186 
222 428 360 
234 465 171 
299 91 219 
66 309 87 
399 355 262 
74 355 252 
413 48 223 
67 237 80 
206 268 53 
249 291 253 
372 42 454 
58 340 153 
414 264 282 
29 96 296 
439 188 102 
221 465 196 
45 10 420 
50 448 243 
308 129 156 
23 445 157 
17 150 446 
460 392 45 
411 407 214 
499 282 386 
103 356 422 
457 233 130 
23 70 383 
383 89 44 
28 13 275 
135 38 205 
476 487 311 
192 334 56 
171 345 111 
391 106 103 
317 338 229 
378 269 389 
41 433 397 
76 248 415 
435 239 122 
272 275 306 
452 392 9 
315 3 110 
35 429 371 
299 482 325 
246 333 410 
236 369 479 
301 277 34 
215 218 187 
77 139 312 
94 365 455 
34 366 226 
463 13 220 
90 21 72 
381 81 198 
196 138 54 
137 441 334 
163 454 378 
116 216 8 
321 121 429 
422 270 390 
19 269 46 
67 46 47 
499 62 224 
305 111 111 
432 34 91 
398 258 327 
459 151 12 
75 383 55 
115 216 284 
159 349 17 
437 310 242 
195 186 129 
21 363 72 
263 353 157 
431 247 381 
343 124 336 
70 234 110 
127 371 495 
81 262 19 
198 323 194 
360 118 122 
383 451 29 
258 264 421 
495 76 340 
129 163 125 
433 403 306 
186 421 21 
339 356 142 
249 136 112 
311 300 44 
360 400 126 
407 373 65 
322 422 190 
276 433 63 
182 35 336 
297 299 485 
175 442 23 
56 489 474 
244 300 73 
160 175 405 
2 132 92 
95 320 3 
174 383 151 
188 227 469 
494 84 135 
0 121 264 
3 255 392 
44 0 238 
4 499 206 
342 147 415 
59 398 424 
311 424 5 
413 387 40 
245 122 25 
459 295 39 
321 251 350 
398 360 211 
267 442 18 
389 246 480 
314 234 22 
56 459 391 
218 8 68 
471 432 381 
418 288 140 
43 494 484 
238 137 30 
258 234 213 
388 481 209 
386 322 337 
329 255 82 
464 269 375 
466 440 303 
64 485 253 
322 129 432 
185 148 62 
171 137 122 
134 140 279 
0 216 402 
16 49 343 
395 77 386 
58 180 253 
343 353 99 
490 394 422 
400 10 89 
85 29 349 
252 279 47 
486 63 281 
321 438 434 
201 476 456 
451 133 278 
252 182 402 
44 491 236 
101 87 469 
385 304 346 
390 79 291 
382 225 261 
21 152 475 
402 472 259 
293 311 365 
475 266 279 
65 102 487 
464 221 406 
84 132 31 
288 96 20 
31 323 134 
106 194 346 
436 490 74 
340 84 405 
415 254 270 
297 28 462 
304 29 179 
447 74 465 
416 133 255 
440 176 180 
432 322 343 
430 460 221 
471 37 384 
128 420 231 
142 177 182 
20 69 24 
98 11 0 
17 158 277 
49 457 430 
387 312 494 
343 390 204 
92 156 124 
194 139 48 
119 42 382 
329 227 152 
23 306 419 
236 61 287 
452 297 199 
270 92 351 
75 381 246 
355 483 305 
223 278 497 
294 253 279 
26 209 241 
449 309 63 
19 125 477 
487 490 413 
468 251 118 
407 24 439 
253 408 423 
76 62 273 
488 137 162 
251 158 485 
329 47 165 
440 90 70 
220 435 90 
375 480 379 
270 420 236 
370 229 42 
230 402 335 
398 278 230 
101 52 351 
108 399 110 
382 352 24 
286 160 296 
358 293 216 
281 397 162 
329 200 98 
347 257 231 
232 394 442 
327 491 3 
72 485 85 
214 410 144 
138 241 154 
265 457 173 
2 402 10 
174 204 221 
184 60 6 
410 22 332 
253 180 365 
392 189 276 
100 128 236 
447 388 466 
199 408 444 
209 309 179 
6 38 169 
160 421 360 
101 103 406 
370 317 8 
82 107 149 
271 238 166 
121 252 74 
72 271 58 
476 128 40 
13 288 45 
280 281 345 
151 252 498 
63 279 294 
82 216 301 
320 374 451 
81 35 462 
388 242 367 
52 361 308 
376 424 205 
132 467 326 
458 350 63 
392 239 351 
359 234 300 
453 216 276 
111 452 125 
201 451 122 
63 331 498 
323 176 70 
81 404 492 
310 21 290 
210 308 19 
356 457 16 
431 234 494 
83 65 160 
67 456 432 
259 114 80 
121 238 220 
447 234 117 
302 74 179 
475 182 432 
238 379 327 
241 369 94 
234 130 246 
80 113 346 
161 345 34 
465 358 350 
177 332 314 
124 259 470 
302 260 375 
307 58 470 
147 422 53 
157 264 32 
267 198 23 
196 53 53 
252 89 4 
319 389 329 
420 101 465 
136 152 329 
491 396 479 
257 113 469 
271 221 98 
64 374 446 
28 6 478 
281 84 306 
470 385 295 
228 159 499 
265 338 361 
272 189 460 
454 101 389 
133 161 94 
230 384 5 
199 356 105 
377 285 98 
194 272 18 
76 290 349 
277 406 90 
85 349 10 
221 498 64 
135 293 420 
463 145 273 
467 413 312 
438 308 77 
196 379 293 
298 128 493 
335 347 332 
407 444 336 
341 27 90 
152 371 142 
187 31 190 
151 42 196 
349 400 487 
293 113 48 
372 343 107 
145 163 254 
205 62 398 
24 435 217 
345 382 444 
16 162 141 
409 189 19 
311 405 112 
465 119 284 
73 275 262 
60 120 313 
72 201 410 
375 419 148 
17 170 199 
433 219 21 
347 299 344 
134 303 51 
230 16 443 
154 282 188 
21 304 186 
272 312 468 
65 84 109 
404 419 465 
207 91 347 
381 342 360 
223 272 335 
495 251 429 
308 154 425 
284 171 108 
17 52 38 
209 9 50 
135 443 320 
400 346 275 
97 408 484 
241 323 202 
97 197 447 
465 315 226 
306 199 382 
169 142 252 
232 499 372 
472 234 156 
23 420 16 
252 28 358 
466 104 30 
26 304 38 
489 9 282 
47 76 122 
45 253 268 
136 329 225 
380 51 24 
75 135 251 
280 49 161 
115 201 319 
401 488 234 
428 411 117 
2 14 182 
315 263 143 
179 53 27 
364 246 137 
355 89 9 
11 161 280 
318 316 281 
363 493 123 
80 171 176 
136 450 70 
348 118 382 
193 314 123 
472 112 406 
55 220 340 
451 29 150 
10 247 134 
362 110 87 
88 252 267 
4 376 372 
210 429 49 
301 30 357 
396 253 379 
296 273 227 
184 62 380 
64 367 192 
153 366 51 
371 205 467 
121 291 405 
98 320 66 
462 237 43 
78 200 32 
409 354 493 
193 264 488 
5 250 263 
414 423 139 
402 351 59 
36 341 258 
344 148 353 
240 38 335 
414 127 300 
307 474 181 
172 154 287 
86 75 196 
496 214 12 
469 270 356 
157 349 242 
219 9 432 
352 54 447 
201 90 297 
232 274 295 
66 195 263 
171 74 221 
69 287 327 
79 425 179 
263 301 17 
460 419 447 
487 445 98 
494 318 19 
136 205 258 
20 231 405 
436 20 469 
499 147 430 
84 219 302 
282 75 213 
292 389 383 
12 446 82 
435 86 467 
305 472 151 
197 134 248 
123 304 395 
5 75 385 
308 395 152 
229 471 483 
195 84 243 
452 52 117 
10 445 342 
260 172 163 
321 3 312 
157 403 10 
374 222 169 
314 111 488 
441 293 368 
235 482 396 
238 44 72 
441 179 44 
390 492 234 
421 46 142 
465 397 362 
390 396 134 
290 452 395 
474 15 419 
288 434 136 
223 71 310 
436 188 119 
22 118 338 
329 480 229 
26 253 63 
388 225 394 
439 367 140 
339 238 436 
172 120 451 
60 237 362 
334 47 495 
303 253 463 
125 318 2 
17 486 482 
273 90 69 
392 44 352 
384 290 62 
154 117 415 
34 498 70 
357 135 102 
236 86 194 
42 363 452 
130 195 284 
259 391 206 
195 50 273 
200 491 133 
172 131 225 
137 338 255 
334 107 25 
343 326 236 
304 171 378 
278 282 325 
25 91 302 
296 35 494 
37 352 38 
24 253 201 
191 109 82 
360 462 309 
3 60 81 
454 124 323 
495 134 100 
300 124 99 
458 397 161 
35 481 449 
112 475 13 
135 218 432 
468 143 33 
204 490 55 
327 275 29 
299 40 26 
290 426 370 
86 109 268 
131 166 311 
292 341 497 
355 47 278 
91 354 60 
293 139 364 
335 333 491 
253 205 169 
46 304 117 
462 214 279 
409 406 353 
488 93 270 
481 329 169 
499 317 380 
294 269 472 
245 86 456 
477 168 93 
100 428 78 
469 184 259 
148 130 183 
9 472 475 
176 298 165 
17 441 29 
190 221 499 
378 431 106 
397 307 417 
385 70 333 
55 393 12 
377 121 163 
47 29 437 
194 267 457 
196 28 332 
270 76 205 
372 275 280 
62 63 180 
366 295 70 
220 494 269 
360 219 75 
318 339 152 
307 483 160 
382 138 332 
163 437 152 
9 241 240 
225 273 395 
301 375 467 
273 21 460 
196 180 472 
145 483 458 
388 250 113 
280 226 199 
290 104 302 
177 262 417 
457 107 81 
489 334 204 
296 451 493 
50 80 249 
326 292 306 
240 465 197 
334 303 96 
94 326 115 
416 450 131 
74 318 24 
94 127 149 
157 476 45 
428 293 272 
198 93 413 
490 273 269 
159 193 17 
465 487 374 
312 42 1 
169 336 29 
223 142 488 
481 64 264 
408 217 111 
6 68 267 
208 459 430 
343 261 224 
382 274 190 
65 195 46 
78 476 173 
331 408 413 
103 0 383 
167 155 120 
334 50 8 
385 324 324 
436 87 20 
398 350 253 
409 6 211 
244 431 169 
330 385 382 
363 282 382 
219 188 349 
267 80 183 
14 351 348 
214 71 445 
69 201 197 
107 59 292 
210 369 486 
376 438 448 
143 314 202 
283 132 167 
158 32 198 
236 392 404 
405 105 14 
233 231 429 
265 157 409 
21 53 119 
443 251 294 
201 159 183 
404 325 358 
440 203 42 
159 16 481 
288 301 114 
482 393 207 
330 331 130 
155 495 99 
157 349 161 
166 424 9 
485 335 411 
289 234 385 
432 460 479 
158 216 472 
35 369 199 
247 293 50 
185 361 248 
220 159 467 
164 451 161 
135 360 444 
494 201 183 
459 254 438 
321 188 69 
420 175 346 
112 138 467 
380 157 386 
111 448 323 
452 237 66 
156 77 228 
295 269 450 
370 445 464 
112 341 276 
478 221 53 
286 210 388 
171 458 17 
133 176 450 
144 225 474 
493 293 78 
344 97 304 
396 154 130 
473 135 95 
223 151 192 
450 341 190 
111 113 210 
402 323 24 
92 41 330 
363 113 275 
215 7 155 
234 442 318 
112 268 463 
191 368 377 
76 64 238 
210 93 204 
94 120 190 
217 21 303 
56 278 396 
462 392 7 
83 176 281 
362 284 386 
277 58 324 
111 448 111 
61 341 209 
76 392 357 
17 369 219 
495 446 461 
467 161 493 
409 84 90 
332 84 396 
259 248 410 
342 289 366 
352 357 370 
473 273 302 
470 233 203 
147 494 147 
310 284 427 
170 106 252 
33 308 296 
169 56 157 
46 61 45 
398 456 327 
210 130 332 
210 80 268 
295 1 150 
52 409 179 
183 319 290 
214 156 398 
159 327 427 
474 9 56 
152 496 482 
202 14 104 
32 350 351 
424 123 236 
142 195 15 
436 142 323 
207 73 332 
276 71 207 
38 407 136 
221 138 79 
2 200 438 
144 151 71 
457 362 306 
491 367 288 
95 23 491 
459 182 154 
386 433 212 
153 138 48 
287 325 25 
400 30 185 
123 343 392 
137 169 293 
273 403 83 
212 130 375 
446 79 171 
494 220 80 
232 403 431 
422 105 419 
116 169 419 
279 405 493 
303 156 357 
150 254 167 
183 352 416 
199 487 381 
199 124 280 
176 448 178 
337 302 284 
203 191 299 
360 118 419 
416 451 369 
350 115 485 
110 28 444 
126 462 395 
220 285 327 
489 219 355 
172 441 336 
344 263 437 
32 235 382 
296 352 35 
219 70 461 
359 259 224 
13 252 175 
70 197 438 
91 73 121 
291 478 63 
