1000
3
262 374 499 
364 262 113 
147 289 242 
417 199 185 
206 282 454 
99 135 55 
117 455 227 
226 292 398 
272 234 494 
98 464 175 
487 408 403 
161 18 147 
429 305 125 
390 423 401 
11 463 224 
327 16 399 
477 288 380 
326 418 63 
297 15 363 
221 479 417 
153 418 96 
496 274 142 
285 351 304 
173 348 404 
169 380 326 
295 131 192 
261 464 145 
402 299 447 
162 418 239 
454 275 90 
242 374 255 
283 37 240 
493 122 258 
483 111 4 
261 478 58 
360 230 171 
387 442 484 
476 273 349 
392 319 228 
95 4 17 
246 465 371 
63 268 494 
183 148 118 
261 151 195 
392 299 47 
377 105 323 
373 357 487 
8 206 260 
495 233 230 
232 311 348 
272 301 433 
450 299 478 
272 80 498 
251 323 106 
187 139 478 
196 135 365 
261 102 53 
368 35 114 
94 79 280 
265 489 300 
247 31 433 
84 372 368 
220 357 186 
275 189 377 
85 467 422 
107 14 237 
417 289 0 
296 197 27 
55 284 274 
210 388 175 
5 441 337 
239 405 250 
39 24 44 
183 362 410 
121 491 364 
422 20 43 
30 465 196 
465 312 387 
498 52 496 
447 435 152 
319 93 51 
153 476 309 
381 363 366 
398 393 231 
5 70 406 
221 228 192 
366 339 342 
105 353 78 
170 61 178 
81 50 122 
412 170 41 
303 469 306 
381 203 44 
477 221 397 
457 27 390 
437 235 194 
149 312 447 
39 153 284 
68 232 327 
255 90 332 
52 205 383 
83 430 267 
293 454 27 
251 79 391 
419 11 132 
258 357 157 
190 358 478 
76 426 107 
299 386 224 
294 1 373 
151 436 86 
153 341 277 
469 59 346 
459 91 237 
158 499 110 
162 156 383 
139 93 452 
19 189 462 
433 471 369 
375 466 413 
445 179 400 
365 244 425 
154 364 312 
329 292 79 
435 23 48 
369 204 355 
102 92 332 
342 484 2 
257 447 183 
95 42 288 
398 84 431 
0 457 430 
368 313 421 
321 358 278 
79 165 270 
239 18 446 
203 134 263 
152 498 346 
64 341 49 
43 25 384 
194 268 119 
260 246 457 
306 129 199 
269 191 368 
250 261 103 
132 89 48 
359 206 381 
330 370 351 
104 472 496 
344 414 214 
317 0 54 
271 462 380 
336 278 455 
413 283 358 
171 132 373 
193 493 294 
438 482 97 
480 295 369 
178 241 391 
176 18 66 
125 247 381 
76 309 482 
414 149 116 
307 149 138 
51 23 78 
237 375 393 
351 342 217 
46 222 364 
1 469 181 
230 185 335 
68 84 260 
167 335 244 
192 80 189 
418 81 247 
195 256 320 
108 112 160 
453 378 363 
272 45 103 
170 275 111 
147 183 50 
194 168 138 
406 4 214 
193 37 254 
73 293 76 
129 487 232 
91 385 270 
104 81 233 
300 228 496 
82 73 66 
385 45 170 
262 0 176 
335 113 350 
437 440 214 
73 456 37 
318 486 186 
236 194 375 
394 84 480 
3 200 22 
290 485 201 
153 2 113 
231 164 324 
310 25 104 
333 255 479 
36 402 321 
312 125 13 
397 93 455 
388 204 248 
118 257 243 
401 142 405 
421 57 325 
254 204 388 
407 367 363 
245 64 466 
495 274 244 
6 182 117 
460 50 381 
203 375 459 
198 127 332 
222 312 142 
162 2 259 
275 359 421 
301 78 44 
437 8 455 
442 139 298 
357 250 232 
402 477 174 
133 149 114 
314 157 153 
265 443 261 
227 238 95 
267 7 233 
467 244 201 
72 431 217 
415 351 174 
345 97 430 
3 98 23 
112 275 357 
365 299 158 
120 325 196 
390 39 323 
12 125 402 
477 302 151 
419 475 433 
3 323 337 
466 81 140 
60 320 182 
343 483 378 
340 243 462 
101 404 138 
410 364 437 
487 181 286 
399 386 485 
228 53 69 
400 386 210 
59 414 52 
198 171 178 
422 361 443 
428 344 112 
446 212 218 
71 273 376 
204 376 222 
112 362 479 
51 435 199 
297 219 459 
188 390 90 
154 23 105 
355 240 53 
306 430 468 
58 259 68 
358 17 170 
384 68 120 
48 132 405 
434 171 133 
295 171 129 
328 25 229 
256 334 41 
453 58 119 
229 150 342 
104 237 198 
390 398 393 
133 36 59 
308 497 188 
0 39 484 
60 481 254 
349 307 385 
481 90 171 
41 260 30 
434 21 385 
471 317 109 
454 126 40 
379 96 56 
126 371 461 
70 276 191 
103 241 181 
333 138 173 
86 394 192 
251 385 322 
137 84 216 
146 305 97 
182 106 134 
222 141 65 
479 132 420 
414 251 300 
361 313 329 
349 244 55 
88 197 346 
122 62 472 
300 365 465 
162 92 209 
349 336 14 
194 315 417 
334 325 180 
419 202 234 
299 469 50 
461 476 440 
439 198 104 
448 176 471 
290 92 73 
314 77 377 
299 128 384 
128 18 397 
360 167 165 
10 364 451 
187 30 451 
68 51 480 
96 94 151 
165 162 103 
403 466 108 
409 24 178 
111 447 128 
488 43 248 
299 491 284 
413 60 169 
386 117 472 
102 424 79 
253 302 90 
178 348 7 
371 160 103 
438 381 62 
337 347 188 
120 127 356 
370 214 40 
132 73 442 
435 254 392 
229 145 226 
371 350 54 
450 142 42 
37 305 325 
18 188 389 
73 294 75 
351 457 183 
112 253 15 
245 432 460 
10 279 396 
185 350 419 
198 210 122 
97 16 145 
447 84 204 
460 393 62 
359 328 227 
338 227 105 
156 208 168 
3 385 464 
158 316 187 
327 425 333 
105 271 327 
290 271 57 
75 495 414 
366 231 49 
496 204 431 
38 76 59 
269 177 319 
280 330 326 
382 12 499 
246 48 354 
285 474 68 
333 215 59 
388 386 277 
195 230 206 
235 91 424 
66 232 84 
251 479 17 
215 464 218 
386 349 402 
210 475 296 
53 157 233 
458 240 68 
299 324 175 
59 124 78 
271 230 291 
46 342 338 
283 350 33 
15 146 112 
341 266 8 
197 226 260 
409 101 414 
175 195 43 
253 374 295 
353 78 168 
391 259 343 
436 33 494 
439 320 79 
87 441 91 
130 478 216 
389 317 309 
6 471 386 
489 471 457 
397 13 206 
201 75 254 
475 217 299 
136 15 273 
123 175 257 
322 160 20 
364 367 63 
283 159 143 
276 358 357 
311 331 185 
84 238 307 
442 415 283 
326 35 301 
167 366 423 
190 329 398 
305 274 139 
450 217 493 
479 205 393 
165 226 354 
44 399 424 
274 255 257 
151 435 188 
361 74 449 
356 39 366 
114 212 346 
488 70 325 
208 192 214 
497 389 319 
154 94 33 
76 421 78 
437 298 99 
277 482 434 
147 460 344 
299 144 498 
331 249 303 
404 183 205 
410 462 433 
463 43 109 
35 270 40 
65 93 397 
383 13 347 
77 124 390 
19 426 134 
293 451 46 
235 40 268 
168 311 63 
250 174 240 
59 152 356 
349 461 452 
114 197 207 
356 472 79 
293 12 228 
299 253 100 
252 344 296 
11 75 130 
497 182 228 
4 149 198 
238 98 258 
344 170 353 
100 391 53 
199 350 134 
361 10 205 
153 413 161 
473 401 158 
318 368 171 
290 220 3 
340 64 105 
173 436 436 
425 71 483 
185 369 11 
365 320 98 
280 346 489 
355 114 109 
354 438 307 
310 36 347 
131 76 311 
270 334 452 
280 187 176 
260 190 73 
176 492 442 
391 102 186 
180 460 435 
270 3 258 
276 221 5 
273 92 296 
417 319 383 
333 98 336 
88 393 217 
20 329 65 
18 213 134 
294 428 115 
212 337 83 
83 221 385 
196 147 398 
52 120 444 
61 273 453 
351 216 267 
342 82 442 
167 282 62 
177 319 161 
338 262 255 
315 19 222 
338 58 108 
313 71 27 
23 489 323 
276 133 164 
242 245 454 
160 293 117 
331 53 294 
24 224 168 
335 475 472 
127 2 68 
45 104 499 
101 119 52 
292 356 188 
77 129 1 
129 263 199 
488 436 28 
468 65 349 
456 394 246 
187 102 413 
116 343 97 
403 374 449 
409 325 356 
112 388 332 
208 101 237 
371 235 152 
333 77 46 
133 255 143 
428 22 11 
143 88 18 
18 248 280 
287 212 462 
266 89 274 
362 447 54 
30 223 110 
47 142 376 
222 361 23 
254 84 430 
275 163 236 
366 210 17 
279 257 332 
377 303 111 
184 71 415 
231 62 18 
301 87 475 
225 227 408 
360 417 118 
257 115 212 
158 314 449 
76 10 435 
233 316 259 
12 26 423 
429 80 329 
89 154 310 
194 208 164 
241 346 386 
382 191 118 
34 31 93 
434 141 350 
313 281 201 
70 451 184 
124 346 132 
282 363 494 
26 148 226 
226 494 390 
361 414 244 
123 266 95 
0 137 250 
92 138 269 
198 386 171 
466 342 88 
388 204 253 
482 388 125 
36 313 209 
300 41 79 
284 118 88 
21 438 418 
1 291 168 
164 97 387 
411 179 272 
46 53 465 
468 220 176 
484 11 107 
216 302 287 
44 381 5 
10 18 71 
493 34 391 
329 399 399 
349 98 433 
216 430 398 
176 185 169 
190 177 35 
126 7 196 
66 204 489 
278 203 153 
21 451 10 
42 331 88 
74 173 58 
411 249 182 
290 317 43 
6 449 84 
31 499 298 
51 74 309 
383 360 487 
409 193 9 
225 401 390 
422 247 328 
481 302 9 
48 205 36 
121 265 392 
11 349 388 
162 327 9 
81 254 147 
481 51 78 
404 60 155 
274 234 0 
192 68 342 
282 114 215 
69 235 354 
6 212 404 
118 137 121 
371 282 497 
194 322 270 
73 281 310 
270 157 256 
106 433 344 
110 277 287 
271 428 291 
439 403 342 
131 436 4 
486 202 22 
396 208 104 
497 164 231 
176 375 59 
272 258 20 
388 53 309 
428 17 41 
376 216 194 
14 10 89 
369 20 317 
301 281 418 
408 420 325 
99 485 149 
353 8 362 
151 201 181 
43 259 367 
9 450 471 
251 110 196 
283 466 438 
275 144 135 
437 310 463 
243 240 344 
245 73 368 
421 474 385 
24 23 314 
437 387 93 
112 9 298 
303 182 97 
418 29 10 
275 443 446 
36 303 202 
290 277 107 
341 27 448 
130 360 173 
332 404 23 
437 337 381 
159 64 315 
399 179 181 
154 36 257 
220 196 161 
493 132 194 
180 146 24 
130 496 267 
202 193 454 
246 436 334 
298 105 135 
331 93 85 
406 32 413 
452 105 302 
467 302 113 
153 76 205 
183 374 159 
130 164 224 
212 316 47 
313 25 132 
15 90 94 
294 285 477 
179 8 146 
363 291 406 
57 94 54 
126 179 352 
479 53 252 
147 86 150 
423 233 489 
359 292 72 
210 271 309 
330 46 167 
119 242 341 
405 150 276 
225 27 319 
279 213 449 
287 315 219 
367 416 245 
495 205 397 
347 316 36 
367 80 88 
6 75 324 
392 211 172 
146 182 60 
18 435 322 
177 197 85 
341 246 56 
248 468 169 
153 320 158 
64 473 312 
92 279 174 
247 378 10 
21 38 108 
62 54 170 
227 421 467 
248 215 22 
21 435 368 
246 186 260 
110 69 9 
21 313 343 
240 61 347 
236 459 61 
461 243 450 
109 428 175 
100 481 258 
367 68 346 
340 64 381 
81 489 96 
359 323 236 
458 198 432 
22 94 33 
290 443 196 
384 145 411 
369 170 265 
250 209 242 
496 493 250 
154 159 177 
146 103 179 
481 346 8 
69 487 445 
286 48 76 
428 77 339 
457 298 439 
431 431 191 
374 34 235 
205 264 386 
96 292 113 
153 13 352 
442 114 174 
170 216 374 
443 132 87 
377 260 373 
263 248 321 
5 202 28 
289 285 246 
76 119 324 
474 11 469 
323 348 173 
149 483 325 
322 99 448 
449 34 432 
77 215 76 
296 415 136 
280 359 459 
200 111 266 
117 97 391 
266 139 320 
172 338 255 
40 95 237 
61 326 102 
244 237 123 
117 374 202 
460 40 202 
4 291 125 
478 235 296 
216 385 441 
155 59 260 
265 310 172 
362 66 12 
428 265 332 
448 394 426 
405 167 187 
224 337 376 
277 86 108 
57 246 311 
98 212 148 
70 45 366 
95 156 414 
81 204 133 
354 104 286 
269 47 279 
487 331 292 
456 163 103 
301 265 344 
238 401 182 
282 250 46 
483 103 50 
131 411 137 
147 78 323 
395 320 399 
98 201 96 
258 494 484 
277 293 51 
75 79 78 
321 412 324 
348 133 138 
487 265 281 
332 199 469 
421 407 217 
189 157 418 
114 427 343 
215 491 441 
171 465 468 
433 100 409 
488 41 427 
34 27 172 
334 323 62 
457 26 43 
303 111 189 
107 321 263 
455 484 255 
140 6 355 
378 196 61 
239 303 431 
302 375 149 
440 71 313 
479 55 198 
271 338 140 
22 340 478 
267 66 323 
321 409 73 
381 156 410 
248 233 133 
40 360 213 
262 132 281 
243 120 65 
36 218 241 
294 185 331 
360 173 128 
492 62 391 
41 124 99 
318 332 46 
80 18 328 
140 387 31 
460 228 133 
372 426 378 
63 367 444 
467 44 241 
438 175 228 
193 86 35 
105 483 429 
470 272 198 
438 138 239 
320 300 318 
118 215 137 
379 40 355 
377 108 231 
493 162 7 
400 347 317 
19 2 338 
171 19 74 
397 484 269 
324 57 88 
245 297 320 
224 53 432 
231 351 6 
112 116 445 
337 211 442 
30 347 142 
81 416 179 
477 65 467 
339 142 219 
450 325 70 
391 231 296 
87 281 373 
178 290 71 
466 394 464 
144 219 185 
269 131 104 
294 232 275 
488 82 398 
183 62 80 
196 445 476 
302 459 428 
173 42 120 
76 194 321 
255 100 414 
267 273 458 
62 480 115 
377 248 353 
437 104 0 
358 21 451 
8 240 36 
340 189 80 
199 17 152 
252 388 93 
392 314 145 
32 19 383 
233 363 279 
73 90 401 
322 214 390 
149 229 285 
338 257 206 
95 94 84 
130 310 222 
328 390 381 
383 415 187 
229 206 329 
341 376 258 
31 45 418 
126 230 438 
316 8 233 
14 381 133 
61 366 167 
338 349 471 
238 420 243 
177 250 74 
471 210 382 
491 433 216 
298 23 405 
449 1 154 
379 332 340 
40 401 84 
84 457 7 
177 195 145 
34 183 438 
180 421 23 
142 340 192 
377 133 463 
334 56 296 
197 234 278 
100 375 302 
100 325 438 
5 42 431 
495 324 159 
52 206 356 
219 308 380 
386 194 21 
365 51 342 
174 244 323 
105 410 75 
422 197 241 
189 443 346 
284 296 61 
334 35 179 
18 368 236 
18 411 266 
154 82 94 
316 60 398 
312 122 220 
236 280 216 
497 321 248 
353 41 304 
300 454 108 
116 436 256 
490 9 271 
200 327 292 
34 184 73 
138 386 123 
134 114 399 
467 473 412 
490 467 68 
303 393 227 
84 212 382 
400 305 185 
215 221 297 
68 326 284 
20 243 490 
351 5 166 
252 458 448 
89 35 301 
479 256 239 
251 408 458 
289 207 342 
80 498 412 
216 395 5 
340 263 393 
23 118 423 
66 10 348 
258 196 138 
376 401 80 
389 287 304 
272 473 369 
12 360 91 
460 83 70 
231 114 92 
163 163 186 
