1000
3
34 83 263 
490 309 220 
369 472 83 
215 257 328 
343 347 469 
389 463 150 
444 47 5 
297 256 310 
465 196 162 
260 263 274 
335 485 425 
369 433 90 
221 91 13 
43 253 26 
174 322 164 
93 267 238 
452 44 467 
100 114 436 
266 390 102 
265 153 418 
341 479 495 
46 54 272 
403 330 216 
300 353 441 
138 421 232 
101 164 35 
442 343 266 
64 112 356 
360 113 478 
311 156 61 
203 12 253 
86 134 416 
17 283 87 
451 70 53 
353 107 266 
155 250 371 
288 5 202 
212 324 151 
310 83 74 
435 352 254 
308 133 207 
229 318 404 
436 222 83 
239 276 464 
118 342 250 
356 442 278 
313 194 144 
383 363 182 
42 373 138 
393 310 303 
252 478 461 
445 410 143 
454 96 425 
177 226 16 
456 11 469 
437 142 108 
77 219 497 
11 484 85 
1 417 352 
158 319 34 
98 199 394 
92 379 416 
303 265 351 
45 265 343 
72 153 211 
443 247 263 
495 420 495 
434 305 14 
447 251 132 
231 39 477 
266 81 79 
465 2 347 
354 155 55 
410 261 185 
388 484 193 
7 250 384 
412 33 51 
491 124 110 
45 131 322 
494 209 230 
142 322 458 
112 488 259 
328 67 251 
41 253 436 
22 19 278 
334 311 350 
1 109 20 
430 324 365 
273 172 434 
314 161 309 
330 266 269 
487 452 13 
15 359 380 
401 153 136 
418 153 32 
184 47 128 
144 201 43 
368 354 2 
460 147 293 
111 492 435 
116 399 104 
138 329 98 
191 446 90 
460 126 408 
204 269 477 
154 440 18 
0 43 423 
349 32 55 
148 453 445 
221 273 176 
442 133 482 
295 371 338 
336 440 76 
365 382 147 
54 324 256 
111 215 203 
114 267 359 
341 389 157 
150 387 79 
179 65 393 
263 91 313 
238 261 338 
483 351 68 
492 150 475 
111 182 448 
198 450 172 
127 464 134 
290 21 386 
316 358 314 
280 458 21 
474 214 205 
336 468 377 
71 29 189 
144 253 291 
398 20 197 
354 132 370 
9 233 362 
481 256 311 
118 257 422 
280 74 226 
32 313 495 
337 14 494 
151 105 289 
37 35 402 
457 177 48 
412 99 292 
318 414 357 
61 12 438 
359 418 367 
290 394 171 
430 469 332 
229 43 180 
275 126 280 
135 298 148 
414 432 406 
249 391 311 
11 351 35 
229 267 49 
228 431 164 
359 22 1 
153 198 309 
289 151 492 
444 122 150 
447 448 283 
388 100 183 
182 103 416 
111 465 35 
399 305 132 
214 293 154 
372 319 182 
64 312 238 
138 296 178 
197 326 97 
88 345 90 
134 54 281 
196 476 193 
181 298 73 
226 163 488 
389 317 26 
237 275 348 
331 468 398 
484 129 166 
251 272 30 
167 154 289 
136 375 15 
258 222 212 
194 212 407 
314 173 418 
93 70 259 
352 275 372 
339 61 446 
71 278 219 
490 151 236 
434 85 128 
378 178 41 
49 474 12 
415 276 274 
191 361 353 
206 120 39 
46 468 435 
74 186 85 
381 30 441 
498 164 142 
181 82 486 
275 499 35 
82 90 245 
433 63 387 
89 498 207 
271 102 485 
326 302 262 
138 121 410 
77 198 25 
148 57 56 
376 216 480 
63 46 212 
234 256 345 
146 459 116 
165 268 173 
340 36 129 
259 173 194 
402 144 370 
23 239 415 
377 294 255 
92 294 458 
280 3 107 
207 436 204 
269 484 202 
451 300 109 
408 266 170 
377 152 270 
130 33 39 
419 213 91 
414 153 375 
202 117 136 
342 242 203 
182 327 434 
451 121 478 
367 268 92 
125 362 144 
179 282 30 
336 231 34 
287 272 475 
137 237 366 
474 151 438 
196 410 354 
389 243 91 
219 85 300 
369 199 204 
494 118 310 
370 199 264 
167 459 39 
431 166 488 
7 224 252 
412 35 147 
438 250 141 
279 344 47 
107 68 486 
465 232 328 
80 161 472 
15 227 7 
411 389 140 
217 279 158 
29 476 326 
335 144 492 
441 36 443 
285 408 154 
462 170 92 
306 348 402 
235 443 457 
182 268 189 
321 238 58 
15 395 496 
491 24 5 
379 149 322 
223 309 261 
424 183 217 
349 299 371 
53 171 340 
10 295 457 
24 114 82 
116 152 52 
244 73 152 
339 263 299 
184 178 249 
466 123 151 
456 342 480 
85 133 199 
134 411 269 
329 167 408 
458 165 113 
443 157 395 
234 111 487 
392 294 67 
246 127 203 
81 330 271 
153 298 365 
372 496 202 
376 399 123 
373 112 346 
471 81 50 
369 481 472 
259 258 145 
35 404 386 
244 365 466 
332 333 385 
221 290 164 
467 271 192 
303 137 252 
37 127 55 
425 160 287 
270 122 495 
64 14 94 
175 117 475 
495 89 270 
392 226 253 
65 267 212 
13 88 121 
158 53 394 
215 99 181 
484 16 405 
345 172 134 
224 28 202 
51 367 72 
472 72 163 
255 344 308 
226 379 360 
271 433 332 
269 282 271 
227 29 176 
326 259 452 
80 191 324 
46 438 478 
443 144 340 
424 160 288 
41 334 165 
166 269 359 
373 313 456 
462 145 92 
193 125 414 
327 279 334 
198 278 339 
408 17 112 
321 42 66 
428 101 436 
228 249 47 
259 59 425 
62 420 178 
313 414 353 
358 235 346 
124 35 441 
492 281 299 
242 228 419 
361 347 92 
146 259 444 
423 204 243 
408 309 81 
12 283 433 
42 25 212 
54 419 280 
292 368 29 
137 42 329 
304 238 168 
241 328 251 
487 30 147 
299 383 404 
295 225 417 
124 374 245 
162 229 152 
59 393 492 
292 375 194 
29 84 336 
376 263 74 
79 400 485 
420 123 231 
84 69 25 
237 69 125 
450 180 287 
316 278 189 
238 358 90 
282 395 24 
435 261 160 
291 316 141 
360 197 177 
67 436 230 
457 468 373 
412 435 10 
111 471 55 
416 283 236 
315 0 256 
397 345 4 
104 31 119 
265 233 0 
158 369 424 
468 353 48 
390 447 270 
397 474 195 
439 230 196 
145 155 498 
4 111 476 
63 231 321 
448 462 350 
220 264 355 
412 135 133 
317 262 155 
231 26 255 
202 305 268 
31 416 122 
454 333 489 
14 106 48 
71 496 35 
159 284 64 
234 494 261 
374 493 313 
143 238 89 
15 197 127 
451 396 359 
50 439 183 
498 460 384 
223 430 192 
451 466 113 
296 158 92 
76 348 245 
415 385 305 
373 332 388 
171 57 58 
279 29 338 
19 359 230 
242 118 340 
389 246 16 
5 130 358 
200 220 256 
346 491 413 
32 322 182 
387 188 378 
329 147 314 
344 472 358 
236 260 301 
133 28 150 
257 384 448 
139 142 404 
7 486 499 
246 396 78 
2 306 149 
310 206 257 
125 428 288 
215 206 199 
268 192 93 
399 74 78 
84 279 300 
304 402 279 
52 334 356 
300 66 334 
192 114 382 
403 350 429 
380 145 278 
227 481 9 
468 41 203 
202 28 237 
138 169 278 
477 54 225 
195 407 201 
428 39 308 
81 27 479 
358 195 105 
219 482 15 
284 204 280 
460 184 314 
103 33 328 
37 337 489 
230 83 395 
332 231 291 
225 363 5 
374 438 170 
255 382 35 
486 299 456 
18 40 374 
398 273 237 
44 479 281 
113 346 419 
283 80 454 
350 202 477 
263 442 271 
148 462 488 
257 214 144 
405 219 157 
374 242 189 
75 435 354 
472 369 470 
224 43 239 
112 367 199 
269 240 427 
481 406 386 
431 459 218 
462 6 478 
495 180 287 
240 453 441 
191 154 391 
167 242 88 
354 77 246 
84 184 354 
453 493 497 
49 487 273 
482 399 267 
7 276 13 
82 324 469 
485 62 24 
406 4 198 
298 400 274 
15 345 53 
9 246 449 
472 171 413 
257 165 200 
17 134 110 
245 386 474 
322 440 450 
164 255 484 
336 205 89 
284 232 117 
363 112 77 
431 214 463 
67 453 146 
65 183 4 
47 94 449 
60 197 24 
452 108 247 
294 222 118 
234 153 186 
303 460 408 
347 198 176 
484 315 50 
18 323 66 
165 426 59 
46 316 421 
489 155 22 
300 355 428 
330 301 256 
164 77 386 
148 200 292 
357 153 30 
58 158 116 
319 46 435 
252 138 485 
469 392 107 
375 109 448 
228 461 342 
444 135 478 
227 85 218 
350 54 469 
57 493 294 
177 125 309 
218 474 487 
36 290 138 
87 484 367 
417 338 100 
465 272 443 
92 440 145 
393 370 89 
97 279 309 
490 56 447 
419 469 495 
221 202 199 
328 496 371 
120 142 449 
107 415 434 
267 111 139 
227 488 80 
82 180 390 
133 215 157 
4 477 379 
308 108 33 
480 325 9 
42 385 484 
341 91 191 
95 248 18 
274 84 462 
329 217 349 
339 117 95 
199 82 223 
121 136 451 
271 48 3 
197 99 105 
495 241 28 
58 283 144 
468 401 209 
469 160 59 
157 118 368 
229 233 197 
14 471 463 
224 368 407 
279 158 11 
142 427 33 
221 326 137 
85 26 223 
457 475 446 
68 193 199 
58 383 337 
56 430 217 
67 253 464 
239 148 493 
284 245 53 
105 401 149 
62 302 415 
177 301 206 
93 347 354 
3 357 166 
302 11 460 
345 10 300 
446 396 492 
152 51 227 
318 273 432 
115 350 146 
336 332 126 
226 149 337 
132 299 204 
400 474 12 
498 389 321 
84 329 194 
475 121 404 
405 351 112 
283 486 309 
440 282 301 
267 363 252 
20 24 30 
344 485 332 
204 37 318 
17 329 72 
15 477 438 
54 309 48 
77 284 166 
421 135 431 
52 32 17 
276 487 288 
203 287 92 
156 210 282 
175 84 234 
33 466 150 
484 290 302 
26 297 411 
95 476 302 
338 18 289 
184 187 219 
213 218 49 
149 343 7 
159 380 34 
310 465 46 
165 204 284 
375 179 119 
10 424 125 
265 167 400 
221 393 462 
24 395 360 
221 84 303 
465 349 159 
186 157 256 
270 302 157 
152 6 10 
442 293 474 
394 251 356 
404 73 43 
427 343 161 
102 413 98 
188 178 419 
86 365 42 
408 425 137 
487 315 151 
208 88 235 
423 15 464 
169 351 217 
300 230 321 
143 434 75 
468 465 228 
430 343 235 
302 457 190 
492 135 319 
356 327 344 
40 490 260 
443 283 224 
317 403 423 
61 130 1 
373 177 186 
63 294 360 
385 253 93 
71 192 328 
317 219 393 
490 216 246 
284 61 115 
480 293 14 
190 287 467 
122 316 248 
386 223 362 
75 419 380 
225 175 122 
331 234 94 
396 225 437 
90 454 217 
449 104 217 
197 63 432 
301 80 246 
123 370 473 
308 89 378 
106 188 327 
281 271 232 
44 57 439 
489 372 51 
379 393 494 
388 166 277 
139 173 72 
445 480 410 
118 394 372 
57 36 351 
232 276 182 
283 448 84 
447 382 247 
453 304 462 
49 335 285 
382 481 351 
133 388 125 
160 186 457 
24 478 264 
466 58 261 
20 232 60 
61 391 439 
448 237 257 
76 442 325 
156 250 197 
167 496 224 
279 327 464 
410 367 495 
112 458 169 
239 6 410 
1 436 384 
427 306 448 
336 60 210 
383 376 33 
118 485 257 
59 484 24 
378 119 33 
8 413 275 
258 293 89 
109 102 406 
168 450 29 
141 253 190 
133 299 255 
311 94 398 
300 431 473 
156 56 283 
14 340 418 
70 222 85 
361 340 392 
211 185 341 
0 287 177 
278 422 189 
385 291 126 
221 497 242 
412 487 185 
156 451 48 
269 293 387 
139 420 62 
343 168 340 
356 231 216 
456 420 223 
146 423 419 
376 283 474 
319 396 449 
229 283 452 
429 488 452 
140 407 427 
117 431 291 
289 71 120 
183 58 438 
73 165 431 
59 70 199 
95 256 16 
60 184 221 
392 277 122 
37 230 41 
396 240 306 
147 216 432 
394 47 223 
308 496 204 
498 56 172 
353 445 469 
441 366 180 
212 480 474 
385 438 325 
71 75 352 
346 230 265 
268 324 226 
418 468 32 
484 453 98 
232 237 441 
289 102 372 
79 4 206 
494 169 281 
97 296 231 
210 356 472 
289 108 12 
413 383 292 
48 421 6 
499 378 376 
248 356 299 
459 191 130 
237 259 371 
301 414 137 
273 187 187 
163 421 100 
136 237 48 
309 92 173 
371 143 66 
92 135 404 
126 67 402 
36 269 63 
352 201 123 
221 231 207 
227 17 309 
228 450 54 
103 49 74 
368 464 452 
499 450 276 
474 71 299 
487 478 297 
236 154 79 
468 283 220 
408 354 67 
214 416 297 
184 301 57 
339 326 174 
105 50 286 
192 343 471 
397 66 72 
394 454 456 
200 52 19 
284 492 297 
156 74 58 
397 176 53 
21 247 36 
181 395 160 
122 61 219 
443 375 481 
460 193 169 
78 430 0 
25 303 283 
113 85 81 
361 39 489 
123 266 380 
208 498 285 
466 150 412 
269 314 322 
56 280 77 
143 467 290 
53 407 247 
272 421 183 
392 328 105 
473 343 311 
135 380 423 
246 206 356 
231 246 197 
366 379 47 
114 239 279 
4 477 93 
210 65 499 
278 1 369 
480 42 331 
484 425 447 
468 93 228 
480 78 354 
461 183 416 
261 445 468 
326 105 86 
312 43 470 
19 359 422 
298 260 6 
436 394 405 
444 371 229 
319 444 400 
312 140 217 
415 132 124 
214 375 245 
121 352 469 
267 12 202 
347 259 470 
99 398 183 
382 336 357 
243 46 291 
301 69 301 
107 217 140 
463 118 463 
378 223 312 
178 211 154 
62 124 438 
442 28 423 
139 315 459 
291 218 398 
15 339 248 
120 473 189 
31 413 457 
353 425 134 
124 30 474 
410 141 320 
47 64 370 
430 172 250 
358 264 297 
205 49 213 
34 325 216 
270 360 205 
175 471 239 
37 237 184 
66 272 24 
344 418 305 
30 282 124 
162 280 56 
219 214 401 
253 182 365 
286 52 242 
157 326 451 
483 385 213 
58 202 251 
360 100 100 
254 264 353 
409 395 470 
238 79 92 
371 110 54 
344 480 114 
181 270 291 
415 260 408 
177 337 203 
467 423 272 
282 273 324 
459 310 344 
37 212 483 
166 466 274 
252 199 125 
160 293 122 
124 483 60 
317 398 491 
268 320 350 
380 494 16 
181 439 333 
265 384 8 
325 317 443 
10 305 357 
53 122 150 
67 416 165 
304 46 344 
241 289 117 
200 368 372 
443 208 364 
404 355 139 
191 306 465 
477 247 205 
237 130 475 
497 304 299 
140 186 499 
365 482 472 
235 360 3 
432 303 177 
86 354 119 
400 42 423 
185 277 410 
321 88 174 
9 309 133 
254 343 157 
188 493 122 
360 23 301 
75 383 240 
425 245 426 
142 356 297 
92 134 369 
265 185 170 
339 214 234 
85 324 469 
270 65 83 
489 179 287 
478 299 291 
281 350 484 
467 227 406 
476 263 255 
439 100 208 
90 256 9 
238 137 64 
69 85 150 
373 343 20 
0 196 314 
325 274 291 
8 348 230 
97 113 235 
383 396 187 
71 161 21 
304 217 185 
363 359 168 
306 418 117 
214 66 436 
256 146 379 
443 278 358 
385 403 315 
399 60 121 
329 347 76 
42 410 41 
317 97 81 
491 102 425 
