1000
3
465 66 8 
303 260 229 
492 426 230 
71 114 479 
97 411 146 
233 380 156 
13 440 289 
69 189 461 
449 499 454 
298 232 168 
279 294 292 
386 214 341 
418 193 42 
358 219 458 
107 10 6 
457 241 339 
228 273 66 
189 162 420 
167 408 319 
158 410 355 
1 328 397 
353 341 34 
447 119 483 
376 72 394 
428 170 336 
131 299 231 
349 345 64 
453 441 229 
232 388 374 
301 170 233 
61 52 239 
29 335 403 
296 35 392 
50 470 314 
434 105 99 
76 261 357 
124 165 33 
159 4 380 
81 44 238 
69 196 80 
15 483 382 
193 199 160 
96 423 218 
56 57 50 
121 79 412 
100 426 396 
455 130 57 
255 219 25 
60 309 351 
162 386 83 
431 412 289 
137 82 178 
497 210 171 
49 22 142 
265 135 26 
115 146 142 
417 153 66 
76 217 217 
353 496 489 
389 346 127 
142 114 349 
201 205 395 
176 487 425 
238 350 314 
321 365 300 
457 2 375 
488 27 38 
456 369 180 
270 147 481 
460 170 144 
419 435 46 
255 340 372 
218 116 65 
275 467 376 
323 17 461 
420 360 160 
196 149 230 
244 187 133 
232 310 22 
254 122 360 
375 445 50 
34 56 33 
490 460 7 
37 248 448 
66 404 480 
482 20 440 
226 120 218 
223 264 276 
471 195 76 
151 297 129 
319 452 273 
333 154 436 
134 132 413 
133 391 318 
190 397 283 
426 368 410 
105 85 276 
300 350 256 
410 44 95 
271 357 381 
409 351 274 
384 99 399 
423 96 233 
204 307 276 
411 118 62 
105 314 439 
267 149 1 
366 206 494 
105 228 436 
395 297 345 
378 244 160 
226 162 54 
25 408 306 
352 225 317 
211 20 325 
266 101 385 
455 221 45 
265 271 364 
179 176 343 
99 431 178 
323 224 388 
30 44 54 
391 207 67 
16 222 30 
370 143 185 
490 452 230 
231 422 170 
322 417 189 
223 379 200 
156 488 342 
385 215 220 
77 298 198 
262 237 321 
69 190 99 
12 304 440 
247 164 233 
197 461 59 
186 46 201 
309 258 313 
66 256 280 
367 263 315 
13 281 176 
393 144 357 
464 200 431 
337 68 324 
384 266 387 
98 237 342 
172 325 182 
172 262 392 
326 114 66 
356 29 333 
444 445 213 
461 24 160 
275 212 244 
247 266 124 
56 233 459 
205 353 338 
115 425 186 
243 302 344 
285 134 233 
276 207 147 
483 414 112 
188 438 236 
490 204 41 
290 400 344 
29 403 66 
64 305 229 
140 460 19 
361 393 378 
398 138 450 
195 237 358 
368 358 62 
358 39 482 
373 346 265 
41 380 424 
368 202 0 
227 367 12 
102 321 104 
376 39 227 
138 24 486 
369 58 347 
196 341 254 
321 198 188 
413 468 448 
124 331 362 
461 478 360 
305 96 203 
443 306 222 
59 37 337 
489 218 452 
73 257 362 
360 78 30 
59 121 351 
223 62 251 
187 258 41 
265 407 340 
63 144 241 
401 196 221 
93 424 493 
140 473 349 
430 353 208 
21 69 307 
144 266 35 
284 176 449 
394 467 109 
168 65 434 
25 425 21 
208 231 21 
44 142 421 
174 276 175 
179 354 115 
230 478 4 
330 377 361 
172 205 472 
405 55 268 
47 32 369 
292 388 156 
140 470 357 
153 370 57 
426 356 159 
272 432 467 
364 498 11 
14 236 449 
422 457 281 
266 400 6 
263 434 313 
466 318 495 
292 3 357 
107 358 348 
360 319 89 
424 78 372 
198 301 0 
382 159 97 
379 297 76 
349 37 156 
250 178 443 
227 411 337 
130 337 10 
426 324 36 
95 416 42 
100 10 109 
305 358 357 
221 409 263 
95 198 314 
347 456 291 
390 62 363 
217 421 322 
481 267 297 
247 65 282 
213 140 384 
473 384 258 
249 268 86 
32 93 195 
288 473 162 
186 357 175 
263 84 114 
45 258 292 
399 176 189 
194 364 287 
358 407 311 
492 145 371 
11 176 268 
144 382 479 
66 188 232 
385 261 213 
76 337 264 
24 229 167 
185 63 114 
292 164 49 
34 411 328 
32 428 449 
386 79 430 
138 77 14 
357 390 105 
82 177 314 
416 38 63 
32 243 443 
181 123 265 
285 2 272 
283 119 72 
394 300 178 
366 76 44 
3 466 9 
224 113 335 
459 497 230 
208 408 379 
353 374 474 
328 110 385 
161 82 95 
371 94 61 
2 97 357 
70 68 278 
236 225 440 
178 136 395 
306 116 340 
317 300 248 
88 57 155 
149 357 283 
103 282 337 
31 52 309 
183 233 301 
469 170 305 
191 201 232 
331 375 190 
267 24 149 
460 126 359 
156 142 489 
423 244 492 
277 420 255 
198 436 392 
69 4 39 
462 87 365 
395 411 270 
41 411 57 
30 267 22 
163 413 339 
261 483 335 
337 347 412 
123 122 492 
496 123 477 
321 7 265 
115 134 277 
314 496 68 
461 142 63 
98 331 146 
424 454 250 
323 484 148 
123 107 237 
330 489 48 
161 252 114 
205 402 381 
266 225 244 
151 319 261 
466 439 162 
226 287 120 
41 136 401 
50 303 66 
373 148 428 
177 139 423 
350 456 403 
411 445 127 
1 326 210 
109 245 232 
153 160 476 
238 260 15 
201 3 84 
186 283 10 
198 442 60 
26 87 374 
186 293 162 
95 397 394 
351 283 151 
438 198 164 
312 395 461 
151 218 140 
391 121 368 
293 110 430 
402 451 373 
289 323 432 
211 232 23 
324 74 240 
124 324 184 
267 487 389 
427 18 287 
484 305 450 
303 334 237 
446 202 163 
245 206 205 
360 281 20 
484 250 428 
260 353 41 
110 208 490 
388 398 405 
433 173 133 
448 43 257 
480 165 495 
166 196 461 
186 313 148 
208 316 221 
165 413 380 
310 402 151 
252 63 297 
358 212 301 
146 431 390 
52 472 425 
204 44 86 
64 475 478 
433 480 319 
203 399 51 
187 2 455 
468 11 362 
357 171 185 
86 220 99 
250 436 437 
356 278 337 
495 418 374 
395 180 47 
498 222 143 
439 198 328 
230 42 259 
480 376 121 
33 99 269 
414 327 78 
211 158 424 
33 218 179 
295 392 118 
139 305 11 
300 366 200 
208 467 404 
76 382 78 
359 360 90 
116 74 290 
453 287 54 
187 408 465 
284 437 80 
29 362 335 
370 407 303 
89 447 84 
401 186 146 
165 428 259 
195 333 141 
353 432 114 
390 130 155 
481 137 384 
483 391 304 
287 276 282 
72 166 122 
424 263 270 
354 434 184 
167 415 8 
293 232 236 
157 179 46 
323 443 79 
260 379 165 
462 42 119 
233 151 280 
406 497 48 
267 496 437 
318 36 99 
356 127 332 
464 233 423 
115 220 249 
27 180 162 
338 217 206 
135 166 88 
210 477 38 
413 422 110 
335 188 474 
345 396 345 
294 423 269 
54 468 407 
228 469 308 
185 89 104 
266 369 324 
473 466 200 
168 113 467 
20 495 441 
279 452 414 
447 296 139 
459 103 254 
70 394 325 
223 398 224 
104 11 377 
413 318 48 
248 305 482 
374 297 384 
4 414 304 
352 339 105 
91 248 77 
276 224 338 
121 202 255 
285 25 46 
84 58 159 
427 201 177 
353 219 436 
229 50 20 
216 8 40 
418 325 224 
396 198 365 
348 14 475 
400 363 238 
199 112 12 
296 393 154 
361 271 106 
480 54 189 
330 56 331 
398 381 387 
474 187 172 
48 412 176 
207 188 354 
246 312 121 
440 43 5 
319 149 371 
94 267 359 
483 111 332 
450 49 258 
52 396 340 
90 379 97 
68 451 104 
88 422 340 
149 134 465 
359 145 189 
263 12 65 
362 118 495 
107 426 412 
217 59 139 
215 250 117 
355 52 473 
260 149 207 
219 265 63 
178 197 459 
200 250 461 
435 292 199 
488 434 302 
78 268 46 
146 497 201 
194 36 370 
250 18 89 
117 151 302 
86 336 309 
179 282 150 
273 300 301 
375 97 312 
279 314 213 
381 1 145 
364 57 148 
223 152 321 
349 74 287 
95 30 124 
363 256 404 
263 72 195 
468 383 494 
318 440 288 
20 419 414 
461 407 343 
416 229 223 
347 344 242 
76 136 322 
87 433 324 
262 324 335 
103 151 160 
220 188 15 
328 431 22 
52 491 189 
172 314 376 
386 413 277 
384 62 244 
358 353 274 
402 404 57 
198 346 368 
310 186 427 
104 59 46 
183 340 450 
147 384 167 
125 128 491 
339 138 137 
460 450 16 
156 396 41 
72 302 440 
361 357 392 
264 332 345 
267 40 210 
416 254 214 
198 120 452 
335 129 90 
138 252 449 
479 218 443 
278 223 114 
128 254 484 
72 46 359 
133 447 2 
244 214 196 
198 105 143 
98 303 299 
215 272 217 
396 370 18 
376 163 184 
143 168 493 
103 346 407 
304 125 171 
464 297 474 
338 228 382 
464 31 64 
229 392 380 
465 16 2 
108 320 465 
233 93 282 
338 189 138 
117 283 46 
179 378 469 
426 137 381 
55 212 345 
59 222 244 
225 267 70 
215 428 17 
481 7 292 
201 105 263 
470 95 454 
89 469 132 
492 254 191 
131 318 120 
277 275 1 
303 221 254 
142 309 183 
499 416 236 
65 85 293 
294 380 455 
471 397 229 
45 422 329 
345 145 445 
225 162 324 
222 350 466 
480 292 312 
105 193 144 
328 475 448 
124 31 291 
212 332 20 
56 248 391 
85 291 330 
183 112 418 
182 160 281 
12 12 171 
317 34 113 
214 245 274 
477 125 377 
246 109 4 
484 207 155 
180 140 204 
430 269 336 
47 186 44 
235 420 97 
323 61 414 
332 206 112 
467 13 249 
403 415 265 
160 395 344 
39 174 239 
316 235 435 
459 160 414 
101 363 190 
487 106 141 
19 99 49 
292 68 214 
74 124 118 
446 172 487 
160 465 346 
466 197 302 
465 389 147 
381 54 309 
168 156 391 
160 451 443 
465 307 215 
96 222 300 
56 372 360 
76 471 470 
339 307 314 
310 202 299 
436 378 261 
108 159 320 
176 441 127 
168 104 104 
22 289 465 
200 139 28 
462 168 145 
450 272 341 
18 310 162 
408 280 406 
258 270 339 
283 379 417 
432 221 26 
440 435 457 
458 16 460 
42 433 197 
361 378 309 
108 320 366 
342 146 179 
302 5 403 
334 219 252 
186 328 464 
297 92 87 
327 396 253 
466 88 191 
146 213 308 
297 93 276 
24 60 428 
75 386 325 
92 350 393 
124 102 153 
393 464 187 
1 318 9 
258 259 42 
166 428 469 
317 138 284 
207 137 95 
277 171 408 
390 0 286 
137 121 118 
495 464 492 
15 165 410 
220 295 396 
369 33 333 
201 158 91 
138 25 312 
284 188 304 
388 117 33 
379 498 206 
235 272 244 
212 485 437 
348 292 452 
345 452 422 
183 402 421 
51 143 8 
31 387 351 
284 428 447 
32 492 86 
340 151 172 
424 30 247 
253 373 20 
93 386 130 
172 39 205 
234 246 294 
56 281 238 
194 64 366 
380 86 315 
91 156 226 
114 406 343 
494 231 0 
138 443 209 
230 477 481 
340 197 352 
479 77 305 
181 333 416 
346 91 324 
450 222 444 
320 338 115 
144 52 490 
124 67 152 
38 475 364 
83 5 371 
37 149 213 
460 192 243 
406 7 111 
59 359 108 
80 195 229 
96 127 29 
100 81 414 
173 161 460 
356 394 497 
369 337 419 
437 18 10 
22 167 122 
172 445 280 
458 416 153 
461 487 114 
277 74 131 
195 27 407 
316 358 324 
282 143 77 
379 238 234 
298 223 248 
353 469 380 
447 488 425 
388 62 302 
299 330 373 
327 126 468 
100 474 402 
305 490 170 
40 351 237 
460 403 303 
172 454 30 
120 494 391 
269 26 129 
154 437 323 
320 309 281 
176 441 455 
203 354 412 
104 420 333 
216 485 248 
137 199 215 
202 167 207 
168 437 212 
304 393 451 
389 473 279 
494 496 59 
261 437 427 
400 224 313 
366 189 214 
11 95 255 
34 159 442 
220 192 33 
303 158 237 
83 332 429 
361 482 392 
179 173 47 
430 338 393 
81 248 113 
206 368 107 
483 490 361 
484 73 40 
251 21 215 
432 221 398 
111 125 116 
360 377 369 
400 112 151 
26 288 189 
401 254 298 
119 62 73 
268 295 486 
439 174 208 
247 253 150 
356 312 438 
122 77 180 
379 120 480 
5 380 199 
316 185 279 
226 121 45 
422 287 231 
401 280 306 
469 60 458 
168 474 86 
35 235 198 
167 106 171 
307 486 477 
148 361 76 
47 47 29 
180 79 71 
241 437 11 
42 12 367 
85 141 152 
66 461 164 
278 488 79 
234 359 33 
401 277 237 
158 317 363 
249 191 189 
418 126 94 
20 97 139 
86 360 288 
435 328 214 
24 46 322 
486 9 285 
362 397 363 
243 238 490 
436 99 302 
380 32 365 
89 470 37 
160 229 432 
227 186 203 
218 356 212 
364 372 413 
370 71 376 
77 439 164 
285 318 414 
28 313 451 
243 475 330 
245 449 339 
498 59 270 
343 236 469 
46 364 228 
83 182 31 
250 419 332 
2 216 493 
279 457 66 
464 188 330 
39 27 340 
448 242 434 
162 292 214 
194 361 494 
368 27 251 
326 474 25 
274 377 22 
207 44 234 
369 205 194 
191 310 56 
481 45 486 
112 256 383 
169 49 26 
52 313 419 
477 379 408 
289 37 377 
112 358 119 
142 134 171 
174 476 59 
208 115 105 
359 477 441 
35 476 57 
103 187 271 
455 283 156 
51 146 385 
38 175 15 
432 47 299 
189 334 189 
439 361 194 
43 38 391 
207 186 117 
309 40 456 
481 439 26 
4 100 45 
247 135 492 
18 65 155 
230 494 253 
362 242 54 
454 236 236 
495 456 63 
427 265 201 
372 426 55 
246 138 215 
342 333 369 
452 442 208 
69 229 64 
54 30 9 
45 110 446 
273 87 148 
457 335 263 
216 45 269 
468 410 349 
336 148 359 
264 296 357 
427 348 350 
430 236 339 
397 379 136 
383 140 343 
272 166 173 
310 7 450 
378 420 246 
204 168 109 
405 382 0 
74 372 51 
299 85 456 
447 120 245 
445 217 17 
316 354 109 
394 39 443 
286 476 496 
340 161 450 
315 430 284 
436 139 411 
167 438 79 
343 5 13 
461 74 347 
327 371 193 
489 275 55 
409 386 101 
2 135 359 
332 316 450 
231 187 214 
4 342 322 
496 123 40 
382 466 357 
142 408 30 
282 428 22 
385 58 38 
45 476 428 
245 207 353 
461 272 341 
351 322 44 
221 22 188 
22 305 241 
130 273 92 
459 382 81 
398 340 362 
294 44 153 
287 53 230 
322 475 441 
269 437 479 
482 89 281 
444 152 131 
76 498 110 
473 421 464 
426 99 498 
175 402 366 
155 342 5 
164 289 71 
80 143 202 
84 239 442 
308 242 12 
174 249 311 
151 323 143 
359 309 3 
357 124 471 
276 275 122 
69 133 158 
233 305 415 
400 12 34 
286 139 20 
155 400 380 
323 434 471 
152 311 429 
315 299 393 
444 34 425 
46 344 127 
134 96 396 
230 494 148 
298 245 94 
81 320 93 
222 230 246 
341 132 16 
5 337 154 
69 478 163 
360 313 69 
