1000
3
491 341 206 
468 424 125 
315 51 471 
97 360 326 
396 307 88 
282 228 205 
337 75 289 
487 399 166 
254 195 498 
417 157 358 
260 125 202 
41 13 278 
175 24 232 
236 206 28 
415 265 12 
191 8 483 
90 223 414 
448 138 415 
107 89 485 
194 143 481 
171 462 439 
55 157 253 
381 307 426 
424 84 50 
134 251 180 
327 349 101 
123 255 467 
393 243 378 
61 83 191 
111 175 170 
426 215 361 
147 315 153 
369 198 207 
123 435 157 
309 133 483 
146 280 210 
40 70 492 
257 270 324 
123 380 263 
54 279 161 
56 260 360 
239 459 152 
32 360 37 
83 483 249 
104 471 237 
174 290 420 
483 324 361 
200 353 481 
108 203 43 
184 292 292 
323 298 377 
324 463 269 
412 329 257 
235 329 142 
168 51 478 
94 315 36 
34 486 320 
335 164 381 
181 348 468 
19 238 200 
72 325 180 
495 373 65 
91 493 381 
342 204 31 
201 16 486 
107 176 222 
402 84 107 
364 327 21 
301 383 420 
497 370 272 
273 382 383 
6 492 487 
148 184 295 
238 490 263 
56 206 266 
192 230 90 
320 387 132 
357 449 361 
45 163 307 
364 290 105 
54 281 411 
192 0 281 
244 222 210 
89 276 354 
47 53 317 
11 87 236 
412 261 304 
210 160 112 
497 338 398 
85 319 67 
407 155 397 
115 137 259 
452 156 392 
401 212 323 
238 103 75 
210 11 483 
228 381 443 
74 269 198 
26 63 78 
155 73 183 
213 204 38 
363 249 21 
318 459 415 
366 165 463 
69 75 303 
255 408 128 
190 80 433 
250 367 94 
103 43 274 
69 100 183 
282 205 328 
208 153 282 
213 389 391 
68 373 151 
405 444 414 
289 430 388 
440 114 146 
186 411 353 
305 37 250 
277 291 231 
483 135 134 
71 194 453 
215 239 478 
189 499 494 
290 131 473 
117 333 152 
489 99 152 
152 487 316 
489 311 265 
211 109 20 
115 448 200 
174 33 445 
409 5 440 
459 218 321 
287 429 81 
131 190 421 
92 301 236 
277 143 2 
269 434 80 
139 202 475 
425 457 433 
321 150 105 
318 86 178 
275 373 129 
376 275 443 
193 191 421 
242 385 286 
195 452 216 
471 425 140 
201 478 26 
301 323 174 
310 185 108 
90 48 66 
68 425 371 
272 93 264 
444 78 181 
228 487 287 
40 92 7 
169 161 462 
299 280 36 
193 272 21 
162 496 457 
139 144 210 
487 460 269 
41 193 250 
380 119 475 
416 303 315 
227 47 179 
485 329 478 
480 481 314 
261 263 185 
308 291 367 
162 481 211 
6 104 417 
417 126 496 
69 291 21 
143 294 78 
1 430 331 
332 253 257 
5 315 432 
263 401 167 
459 280 235 
114 391 406 
162 281 133 
287 291 153 
68 332 456 
167 357 423 
430 116 320 
63 87 84 
114 356 170 
417 147 110 
0 3 12 
188 49 363 
455 114 408 
289 354 312 
80 242 257 
86 304 222 
315 24 23 
145 189 131 
249 445 139 
171 121 180 
208 444 255 
435 196 0 
217 390 69 
55 139 123 
168 437 286 
219 210 222 
15 13 491 
176 60 174 
94 246 462 
162 155 193 
93 23 98 
138 299 124 
394 328 208 
286 110 412 
484 252 375 
77 210 214 
239 207 36 
482 2 466 
422 26 256 
83 439 158 
163 218 259 
399 146 388 
114 126 207 
249 218 187 
370 239 446 
238 372 169 
331 343 100 
202 363 254 
79 374 128 
186 211 376 
375 343 78 
426 155 323 
345 170 490 
290 169 414 
146 186 305 
34 88 298 
234 70 79 
491 172 331 
40 237 199 
88 63 253 
187 387 89 
36 436 110 
157 496 93 
487 198 374 
15 231 329 
215 467 38 
376 444 322 
317 127 222 
365 270 40 
364 249 133 
199 136 131 
217 200 320 
86 409 240 
37 99 200 
261 15 230 
8 351 333 
167 391 85 
429 23 161 
382 91 66 
123 457 437 
413 152 444 
114 349 441 
457 481 59 
215 252 219 
127 461 362 
6 69 202 
131 284 255 
320 484 51 
165 279 429 
162 190 149 
237 154 80 
486 433 416 
232 285 177 
418 452 141 
451 313 161 
302 214 29 
149 316 242 
49 194 439 
119 195 365 
454 236 88 
75 61 267 
101 242 161 
151 185 487 
15 97 423 
336 466 67 
232 29 55 
290 306 217 
162 388 128 
311 66 468 
62 302 470 
214 117 223 
187 335 468 
157 31 161 
406 428 428 
35 48 11 
338 29 284 
163 219 423 
247 285 145 
20 116 223 
162 174 422 
25 295 380 
404 323 463 
217 25 495 
64 36 367 
253 168 325 
149 310 397 
156 72 302 
495 488 58 
298 368 267 
458 443 490 
108 296 181 
473 422 106 
435 312 385 
342 160 298 
212 227 487 
206 322 298 
276 188 177 
420 20 487 
177 161 103 
375 201 453 
33 448 101 
225 482 345 
388 34 115 
280 32 193 
391 179 300 
386 318 440 
386 223 102 
198 108 217 
371 255 146 
278 129 106 
361 162 358 
250 278 479 
449 234 149 
73 171 161 
268 428 480 
274 161 197 
330 332 206 
340 403 39 
304 211 57 
298 363 344 
47 374 28 
252 394 453 
412 408 477 
465 5 66 
487 332 495 
362 184 371 
43 272 47 
415 124 237 
267 368 322 
465 224 130 
16 174 233 
238 285 428 
265 185 160 
330 335 437 
10 430 15 
244 0 330 
454 295 425 
6 369 244 
130 362 479 
480 266 99 
41 389 178 
398 440 310 
298 337 230 
98 372 307 
2 345 282 
477 38 395 
355 442 183 
209 228 123 
116 473 178 
107 254 387 
183 322 376 
83 491 75 
299 183 376 
24 399 291 
178 218 66 
0 305 497 
162 15 417 
1 97 345 
244 253 223 
264 290 152 
77 497 338 
78 373 486 
189 49 187 
244 242 269 
447 253 465 
10 372 279 
289 377 105 
201 120 411 
23 164 357 
113 472 326 
333 353 439 
311 459 374 
452 152 59 
191 475 193 
2 451 245 
160 393 241 
224 452 23 
19 281 5 
362 343 459 
176 450 89 
497 343 320 
390 400 52 
137 155 149 
78 221 415 
292 298 65 
470 75 472 
367 378 44 
374 70 339 
28 54 137 
423 449 279 
251 377 372 
59 389 459 
165 448 113 
184 176 260 
264 280 464 
424 455 431 
259 460 13 
152 390 102 
68 222 391 
453 379 194 
233 377 217 
236 263 393 
178 169 70 
335 211 326 
228 222 242 
74 86 190 
171 326 222 
442 89 289 
362 182 134 
4 386 303 
327 140 152 
216 56 43 
367 374 37 
90 49 298 
214 188 163 
300 225 137 
91 216 269 
2 244 200 
150 4 479 
268 32 216 
457 441 97 
249 146 370 
216 446 68 
362 68 255 
352 188 487 
311 67 41 
72 213 425 
371 115 315 
489 94 424 
193 401 147 
485 247 0 
130 66 369 
341 482 52 
356 426 313 
150 69 343 
294 477 331 
294 270 331 
174 72 250 
499 123 401 
290 211 264 
261 96 414 
20 499 137 
280 164 480 
457 237 249 
337 498 63 
142 457 478 
338 259 110 
415 298 256 
299 141 454 
47 296 34 
3 65 338 
410 291 499 
489 261 465 
66 460 154 
383 414 77 
287 388 123 
470 210 408 
223 384 239 
377 91 402 
0 411 497 
342 284 444 
27 404 405 
255 46 340 
491 240 67 
339 489 149 
394 54 82 
175 133 199 
81 463 248 
204 248 308 
307 234 300 
427 13 475 
322 87 336 
264 281 331 
150 99 167 
321 359 61 
338 232 30 
315 360 310 
486 103 196 
348 309 178 
252 140 480 
102 72 326 
102 258 464 
487 51 294 
123 142 490 
65 128 324 
74 208 493 
132 10 246 
124 120 104 
119 310 463 
172 114 388 
180 246 138 
492 279 297 
421 224 188 
144 492 114 
193 188 79 
95 161 112 
163 15 80 
497 277 404 
105 17 486 
247 116 350 
196 316 339 
25 187 68 
103 330 150 
148 342 455 
37 222 56 
248 34 161 
485 126 479 
7 285 180 
438 426 9 
491 120 195 
454 117 259 
311 439 442 
237 293 174 
155 306 325 
125 117 138 
211 455 15 
192 364 334 
182 6 270 
370 358 415 
19 488 129 
130 207 466 
113 49 486 
184 23 34 
10 44 451 
134 359 401 
24 53 418 
461 280 106 
288 110 289 
244 134 244 
227 309 451 
290 206 115 
2 279 221 
52 217 224 
77 29 63 
284 252 464 
158 495 445 
45 318 143 
32 116 447 
120 7 476 
65 423 465 
492 253 292 
28 463 236 
402 330 170 
180 157 164 
471 233 106 
30 493 305 
249 176 315 
135 472 499 
298 163 100 
309 146 111 
467 61 120 
58 321 154 
135 481 375 
375 165 3 
161 337 106 
119 472 62 
421 133 233 
313 158 354 
241 128 219 
61 198 433 
323 6 279 
109 289 199 
245 23 55 
466 377 361 
246 285 146 
178 373 313 
488 212 403 
26 266 352 
259 178 70 
363 69 201 
487 84 90 
76 464 485 
103 149 164 
229 358 266 
122 107 190 
272 19 56 
85 112 170 
231 109 92 
464 182 361 
135 34 469 
351 170 85 
235 27 416 
397 165 125 
91 290 295 
176 405 107 
30 275 242 
0 84 81 
162 403 11 
14 47 439 
309 404 425 
147 38 100 
418 130 156 
379 223 171 
423 5 276 
451 49 277 
392 87 409 
229 19 153 
436 246 469 
387 57 373 
22 240 390 
173 173 286 
137 429 39 
425 413 197 
295 270 446 
481 83 80 
115 18 270 
264 317 374 
33 275 270 
115 17 102 
169 400 142 
110 326 479 
274 190 14 
423 122 458 
192 342 334 
102 408 159 
461 212 384 
23 71 295 
145 237 46 
480 16 436 
452 499 122 
205 171 64 
175 267 332 
1 331 120 
27 101 339 
289 75 242 
453 457 54 
434 202 471 
247 467 258 
314 443 226 
312 118 300 
323 229 413 
225 196 475 
420 8 63 
93 57 277 
302 464 146 
111 442 366 
348 489 292 
308 354 391 
145 260 132 
148 304 360 
296 120 194 
301 428 351 
13 188 98 
45 186 327 
486 1 2 
281 442 233 
0 339 12 
172 193 66 
304 378 485 
222 297 373 
326 78 11 
105 227 215 
315 435 175 
4 226 267 
200 386 263 
167 147 104 
157 145 330 
195 109 141 
366 8 482 
208 358 452 
407 57 204 
117 134 213 
327 158 203 
319 119 449 
284 494 234 
121 44 219 
159 23 81 
479 73 358 
47 29 113 
478 36 326 
309 484 367 
362 135 428 
89 266 86 
71 147 143 
427 133 286 
39 75 66 
21 177 345 
497 369 456 
328 73 310 
267 436 164 
121 375 70 
7 274 218 
301 413 417 
148 43 453 
146 105 425 
430 406 65 
64 393 353 
60 245 361 
314 107 292 
460 374 117 
42 454 493 
139 144 419 
226 45 232 
439 57 77 
331 181 140 
279 36 410 
148 416 465 
43 198 446 
448 173 386 
496 117 398 
35 445 463 
477 365 306 
156 108 148 
85 115 1 
86 311 417 
43 304 426 
400 387 479 
89 273 143 
374 84 72 
104 60 243 
466 320 120 
252 379 295 
332 345 434 
165 400 40 
26 73 211 
185 422 226 
220 450 221 
35 371 243 
393 246 243 
65 135 474 
385 361 56 
237 339 374 
342 217 10 
183 41 287 
213 136 153 
478 257 144 
346 266 46 
283 407 473 
425 470 8 
220 199 36 
319 39 332 
225 75 346 
26 467 244 
35 244 240 
286 281 33 
278 452 492 
443 370 481 
320 72 241 
499 41 180 
454 324 272 
195 356 130 
267 26 323 
50 438 50 
318 206 341 
77 340 252 
248 195 397 
40 195 469 
53 402 228 
212 247 296 
130 104 72 
91 130 231 
278 415 461 
278 232 302 
354 319 256 
151 72 298 
12 437 383 
142 328 459 
491 43 288 
218 309 383 
418 253 86 
342 459 117 
243 499 146 
306 431 276 
219 175 297 
369 13 486 
14 190 407 
167 67 76 
226 39 268 
215 24 64 
451 85 34 
100 52 325 
351 156 303 
335 180 384 
412 397 428 
464 432 40 
1 197 380 
62 38 478 
335 227 32 
235 486 386 
460 245 24 
190 54 312 
316 34 40 
417 325 135 
371 311 312 
56 44 478 
47 416 487 
280 395 481 
55 367 376 
364 458 155 
405 250 60 
141 41 166 
376 458 82 
452 419 267 
314 450 168 
197 287 2 
273 181 292 
445 241 125 
21 231 52 
406 58 295 
323 311 185 
254 336 239 
196 281 446 
400 182 248 
471 116 17 
254 123 165 
321 386 425 
80 402 175 
405 381 376 
293 368 327 
184 284 269 
72 386 467 
153 380 457 
262 101 76 
496 185 113 
421 231 361 
384 355 195 
312 396 200 
423 97 216 
277 386 318 
308 81 190 
59 278 172 
432 496 78 
312 303 123 
21 480 328 
499 183 474 
491 45 131 
99 11 1 
248 240 375 
69 449 292 
361 206 419 
349 49 104 
151 393 123 
10 71 419 
407 494 497 
322 250 139 
471 482 258 
488 171 209 
242 92 319 
117 300 153 
374 34 63 
306 421 42 
429 227 308 
182 167 235 
129 316 245 
241 435 89 
126 336 260 
462 451 191 
481 238 260 
234 244 247 
147 359 289 
167 474 326 
162 258 413 
264 40 147 
464 286 94 
399 243 358 
309 429 268 
6 39 325 
459 423 201 
164 69 310 
68 470 122 
129 327 99 
224 368 463 
146 14 170 
41 312 447 
497 132 278 
68 22 44 
207 144 130 
343 244 313 
154 75 57 
173 248 385 
401 441 320 
452 499 255 
275 339 369 
355 27 377 
257 78 56 
423 119 382 
109 219 405 
14 312 464 
191 430 305 
290 436 405 
265 13 73 
203 452 183 
53 462 492 
22 353 37 
5 188 303 
318 387 221 
30 121 271 
84 61 62 
319 478 14 
426 415 228 
37 35 244 
115 21 241 
297 353 187 
452 253 192 
319 395 434 
352 465 80 
211 88 61 
318 392 45 
6 68 191 
213 244 440 
34 199 168 
236 314 304 
51 414 315 
290 372 295 
226 322 390 
310 324 196 
10 166 48 
15 378 249 
228 319 472 
409 256 110 
181 128 181 
391 410 85 
426 363 276 
435 206 146 
452 134 469 
287 247 429 
368 239 28 
389 152 447 
161 77 151 
318 471 263 
231 224 211 
183 415 362 
369 376 469 
148 35 215 
345 337 155 
37 277 15 
422 293 6 
486 447 374 
417 87 344 
26 260 433 
479 447 44 
404 300 1 
298 434 319 
3 269 483 
494 95 282 
478 230 415 
111 219 99 
57 150 333 
325 443 223 
155 133 402 
397 62 137 
490 261 125 
121 193 396 
333 203 216 
261 305 334 
426 284 159 
63 474 229 
422 481 490 
220 195 395 
86 9 23 
368 374 300 
171 271 146 
205 259 21 
340 335 93 
5 101 18 
117 426 261 
334 18 408 
489 455 200 
388 491 371 
437 318 465 
431 244 438 
380 483 165 
31 456 181 
206 153 325 
37 482 101 
172 351 343 
47 172 477 
184 72 60 
79 89 458 
405 57 76 
333 342 386 
180 379 24 
416 495 80 
37 223 310 
249 137 271 
370 83 391 
241 344 385 
138 425 276 
399 435 272 
