1000
3
250 365 177 
243 245 367 
59 72 253 
151 347 183 
198 80 17 
90 133 328 
337 283 403 
454 300 260 
261 112 2 
440 254 269 
473 279 396 
336 138 223 
287 443 127 
387 255 202 
397 421 157 
332 27 296 
201 497 12 
42 303 79 
499 362 196 
150 125 390 
133 402 405 
336 136 291 
48 14 283 
125 262 150 
453 440 274 
347 462 467 
85 30 474 
328 18 233 
383 223 243 
41 438 44 
108 261 317 
404 195 99 
383 180 67 
450 7 160 
141 370 263 
19 148 100 
65 348 492 
151 24 162 
148 460 294 
170 6 217 
177 453 168 
176 1 145 
188 179 449 
389 135 273 
250 289 152 
42 224 236 
405 491 427 
104 28 232 
319 223 264 
431 428 141 
154 101 495 
271 147 133 
57 359 51 
225 178 447 
273 174 197 
434 150 12 
202 378 300 
62 455 57 
96 436 127 
283 260 446 
182 410 171 
258 118 332 
2 11 118 
298 58 408 
310 89 212 
32 154 133 
224 368 116 
311 85 244 
309 445 309 
235 472 89 
235 357 68 
299 99 287 
35 144 234 
401 343 404 
322 269 196 
132 331 353 
497 262 106 
491 81 429 
252 12 118 
203 311 286 
389 455 209 
416 460 300 
104 440 18 
65 186 225 
345 175 126 
284 138 437 
56 127 177 
315 295 224 
27 405 354 
480 298 244 
281 345 272 
291 114 279 
48 204 290 
419 443 453 
406 34 499 
362 44 84 
126 26 187 
196 98 378 
92 68 384 
227 89 291 
431 191 144 
491 143 10 
262 362 8 
238 67 41 
42 241 206 
84 229 402 
385 85 154 
75 170 499 
429 346 25 
27 33 398 
471 421 276 
68 232 41 
448 75 37 
2 287 57 
136 157 170 
89 42 411 
400 409 212 
492 392 22 
310 99 137 
191 185 88 
287 491 495 
242 358 447 
172 210 269 
364 212 409 
61 158 108 
424 85 493 
187 175 52 
233 379 393 
121 445 472 
178 406 426 
333 211 272 
431 353 326 
387 233 29 
487 435 379 
358 136 59 
387 317 429 
29 221 332 
135 187 389 
347 287 437 
461 367 183 
129 366 92 
281 61 499 
153 197 34 
72 259 88 
330 425 66 
335 444 419 
268 278 312 
32 428 177 
55 498 119 
446 116 94 
43 42 333 
483 304 494 
438 286 12 
27 472 499 
381 471 406 
189 450 231 
476 342 309 
475 268 395 
257 296 36 
231 373 79 
330 8 196 
203 187 170 
43 337 114 
479 376 76 
208 491 4 
147 495 321 
286 70 176 
5 291 21 
250 338 138 
136 409 4 
470 454 355 
458 294 474 
178 329 333 
359 347 357 
463 132 307 
178 416 386 
117 175 8 
162 116 11 
339 303 447 
36 56 453 
398 345 301 
382 111 421 
210 79 75 
142 267 139 
332 305 256 
343 388 107 
196 80 108 
20 409 129 
122 96 397 
106 245 483 
1 404 224 
63 91 72 
138 89 386 
90 173 489 
245 438 112 
295 251 141 
475 154 265 
490 315 76 
2 493 0 
485 32 206 
113 261 63 
131 450 405 
196 227 423 
466 144 463 
8 268 195 
307 121 390 
300 430 309 
244 231 412 
284 291 154 
284 422 292 
373 398 78 
87 176 327 
80 259 203 
184 148 315 
75 134 209 
417 24 119 
321 243 383 
178 469 20 
413 69 153 
100 321 284 
19 448 391 
446 170 161 
198 424 451 
234 421 70 
391 450 131 
147 275 264 
461 261 337 
147 56 369 
260 274 148 
425 196 256 
179 383 371 
10 227 464 
160 226 156 
74 75 148 
150 114 165 
497 452 322 
34 303 105 
158 241 428 
216 375 497 
270 307 222 
419 399 408 
127 175 119 
269 489 380 
295 250 465 
222 499 245 
440 427 49 
330 363 175 
184 185 142 
65 346 186 
97 225 177 
115 189 47 
309 397 434 
418 176 401 
315 265 156 
273 406 370 
19 44 435 
451 101 266 
6 418 278 
25 407 381 
299 474 281 
406 358 292 
140 384 438 
464 38 329 
169 322 122 
492 245 71 
59 327 78 
392 367 374 
43 418 107 
2 221 457 
84 253 465 
204 352 31 
401 494 215 
442 361 471 
362 331 360 
388 173 342 
342 138 5 
72 190 4 
185 132 489 
40 362 371 
374 296 159 
405 357 364 
123 113 119 
80 77 9 
87 57 261 
32 239 61 
9 337 74 
241 25 77 
330 286 305 
492 352 155 
228 209 248 
375 132 169 
367 230 456 
318 338 143 
159 129 320 
302 357 109 
85 187 345 
486 23 32 
485 99 119 
162 174 208 
220 71 267 
193 467 377 
140 332 418 
459 484 146 
352 470 0 
113 228 462 
133 333 74 
227 230 73 
467 291 398 
189 84 481 
288 187 300 
493 404 279 
491 471 431 
176 324 354 
496 364 121 
14 397 487 
18 294 461 
329 227 36 
408 422 250 
258 5 384 
169 395 372 
264 106 315 
400 114 465 
321 332 371 
167 247 302 
416 19 239 
34 497 167 
44 265 492 
74 367 121 
101 162 138 
8 111 30 
420 474 405 
476 263 173 
394 292 374 
256 198 320 
462 168 75 
364 341 70 
153 215 274 
145 82 322 
40 56 394 
429 357 433 
422 428 3 
21 0 195 
411 316 63 
168 327 250 
89 135 335 
364 124 200 
183 233 197 
10 363 436 
16 448 182 
83 436 64 
185 54 354 
145 441 126 
394 262 165 
490 294 10 
292 143 229 
451 22 492 
83 289 289 
108 90 0 
179 104 293 
26 438 370 
433 139 249 
493 146 472 
98 220 120 
499 304 117 
495 133 8 
326 388 189 
420 74 353 
409 349 259 
336 456 342 
196 238 443 
188 390 259 
206 81 101 
499 354 65 
384 132 192 
485 411 133 
161 20 336 
171 53 147 
328 418 343 
33 69 371 
375 0 336 
390 395 495 
83 112 0 
305 213 448 
449 127 5 
335 302 478 
490 220 58 
64 368 29 
339 73 37 
60 87 478 
122 391 253 
293 336 433 
175 124 32 
58 383 145 
127 257 272 
479 372 344 
41 49 240 
37 37 195 
147 208 279 
345 416 381 
146 375 187 
388 466 90 
345 332 429 
207 426 246 
265 78 490 
283 19 235 
356 133 416 
12 259 367 
329 186 24 
291 192 239 
235 437 295 
373 36 330 
153 58 113 
130 423 351 
400 240 386 
7 457 133 
250 293 290 
321 153 361 
441 494 278 
69 228 289 
344 203 69 
383 234 200 
128 105 4 
45 189 220 
121 253 462 
176 356 343 
154 464 2 
145 210 200 
462 291 253 
135 169 95 
455 76 289 
438 202 427 
264 279 336 
496 153 463 
193 385 102 
433 394 66 
113 444 136 
479 94 196 
199 257 416 
54 350 297 
464 493 348 
466 131 430 
181 398 383 
479 271 37 
392 128 221 
294 25 234 
21 478 139 
302 123 234 
163 14 473 
265 299 327 
26 225 117 
175 175 36 
476 437 316 
267 177 408 
98 426 123 
436 461 229 
465 449 141 
288 435 407 
123 478 224 
451 489 389 
114 436 264 
306 308 168 
97 147 322 
102 158 383 
326 81 24 
88 372 72 
310 365 487 
354 350 87 
132 56 435 
499 124 490 
235 151 130 
255 55 380 
251 37 166 
105 178 337 
447 473 196 
343 498 203 
117 383 86 
123 257 16 
76 293 225 
234 493 63 
178 167 382 
220 375 415 
233 456 180 
358 289 19 
412 378 339 
245 453 10 
251 152 316 
289 102 346 
34 72 317 
224 457 28 
376 164 15 
72 342 144 
113 75 229 
178 391 18 
18 400 448 
214 186 204 
412 357 344 
305 137 174 
443 319 450 
218 384 274 
345 238 368 
446 345 63 
388 423 88 
74 423 348 
370 350 338 
70 73 279 
156 285 6 
93 352 470 
158 290 371 
96 74 169 
3 397 77 
312 245 400 
283 461 84 
217 283 473 
179 300 495 
437 37 384 
296 379 53 
485 346 173 
316 185 157 
257 267 340 
361 246 206 
454 260 10 
139 190 142 
325 77 242 
44 329 229 
190 341 109 
338 338 145 
225 33 159 
44 343 16 
361 75 224 
248 36 23 
16 110 57 
456 416 246 
245 200 92 
352 117 341 
287 189 61 
436 159 358 
31 276 200 
260 335 76 
221 323 134 
416 417 200 
23 65 417 
207 378 295 
123 407 272 
323 394 100 
272 270 218 
15 5 109 
206 412 8 
321 191 14 
178 218 319 
121 307 332 
118 153 374 
418 226 348 
465 90 354 
84 99 2 
254 238 281 
105 249 147 
35 183 120 
113 70 99 
335 239 19 
267 162 211 
497 22 206 
113 172 338 
282 57 110 
473 317 50 
87 322 246 
98 190 388 
430 1 50 
178 94 465 
439 15 461 
396 43 422 
166 169 97 
391 445 150 
225 69 191 
311 428 135 
144 285 12 
126 299 78 
285 420 41 
241 167 43 
28 338 480 
373 74 139 
297 124 327 
154 157 315 
83 330 274 
451 118 222 
197 398 467 
433 76 106 
348 401 299 
137 188 83 
197 296 121 
359 137 469 
73 473 337 
384 244 63 
2 442 189 
199 130 113 
350 225 343 
412 378 363 
137 114 287 
77 488 435 
497 419 432 
115 10 110 
350 158 346 
470 108 385 
470 387 372 
144 265 428 
278 235 65 
321 400 65 
6 41 111 
79 324 94 
288 93 486 
489 229 12 
70 103 343 
54 185 55 
121 26 452 
159 239 220 
233 392 496 
323 224 21 
406 207 105 
312 1 291 
281 265 459 
384 137 430 
359 417 378 
275 108 379 
202 374 445 
460 268 362 
191 311 4 
481 187 191 
438 498 478 
329 9 229 
443 61 88 
266 361 428 
201 276 347 
456 410 390 
448 437 497 
272 455 57 
131 373 212 
265 310 122 
33 442 189 
495 329 310 
273 154 130 
382 445 360 
90 345 50 
344 424 64 
65 211 497 
350 179 202 
99 152 460 
15 214 270 
295 191 310 
236 342 441 
245 327 293 
16 361 420 
418 427 113 
303 160 10 
434 22 192 
102 402 476 
207 382 166 
302 153 405 
112 477 452 
400 478 174 
240 359 226 
432 178 256 
253 62 481 
396 400 397 
96 219 246 
256 211 433 
282 313 312 
106 324 153 
223 94 324 
447 243 304 
178 346 360 
242 26 128 
382 16 129 
376 474 443 
25 244 220 
93 499 172 
146 497 246 
203 485 344 
51 351 109 
23 80 436 
170 145 306 
83 150 130 
456 120 491 
50 441 459 
450 355 126 
144 466 461 
198 398 220 
176 102 42 
83 390 105 
411 80 104 
37 60 92 
362 381 118 
49 186 340 
429 19 364 
354 310 313 
441 385 217 
69 412 6 
352 341 330 
407 484 315 
298 170 186 
320 20 331 
339 141 35 
71 165 238 
242 381 156 
476 68 243 
121 227 176 
459 202 213 
92 443 52 
319 390 59 
151 493 126 
41 243 452 
455 3 468 
5 204 193 
91 137 227 
85 128 221 
361 197 184 
55 489 48 
176 218 339 
194 9 352 
249 494 40 
2 320 406 
242 401 354 
495 140 96 
113 50 220 
77 377 238 
288 47 2 
3 100 254 
411 440 451 
337 455 110 
36 200 230 
130 227 101 
386 490 467 
95 33 24 
367 239 482 
438 77 303 
71 245 355 
204 225 285 
384 280 147 
223 19 336 
118 236 235 
205 62 30 
484 330 19 
256 411 246 
343 301 21 
388 259 358 
100 475 249 
171 6 357 
9 204 40 
316 156 337 
496 81 98 
7 104 405 
433 142 218 
157 275 328 
309 473 428 
88 61 485 
492 205 215 
204 212 446 
105 371 117 
79 313 483 
375 74 53 
27 277 231 
467 216 101 
313 306 134 
77 211 285 
264 34 268 
148 113 385 
264 462 447 
0 271 51 
429 35 431 
86 68 84 
361 443 198 
402 117 166 
376 485 209 
376 74 39 
429 243 373 
274 12 35 
220 123 326 
480 224 44 
290 498 455 
422 463 111 
184 298 476 
326 262 192 
392 447 67 
407 172 40 
455 212 112 
72 46 162 
302 23 34 
376 483 373 
194 365 346 
420 381 62 
184 496 243 
457 465 134 
327 153 493 
293 429 267 
323 281 391 
188 327 483 
47 302 496 
343 280 193 
64 497 322 
426 185 150 
291 35 44 
466 61 138 
185 275 154 
28 103 252 
400 378 66 
181 377 447 
263 128 218 
354 299 65 
348 50 465 
352 136 92 
174 135 414 
492 106 28 
245 469 49 
244 381 129 
483 461 77 
12 478 314 
305 405 434 
0 413 464 
92 474 328 
488 420 139 
19 58 8 
493 228 379 
15 62 284 
13 31 22 
414 475 336 
227 483 376 
252 265 447 
245 404 142 
484 399 393 
22 227 485 
415 9 268 
141 53 490 
71 127 329 
429 85 98 
60 5 340 
252 186 386 
80 155 275 
37 219 157 
439 370 309 
353 139 453 
201 382 198 
410 363 285 
11 175 170 
260 276 123 
421 190 348 
352 339 19 
294 239 41 
252 414 412 
306 260 262 
137 221 338 
110 255 146 
208 208 143 
115 165 383 
436 9 286 
231 234 8 
70 195 113 
128 56 211 
440 38 27 
233 460 7 
234 26 493 
227 495 149 
171 14 273 
281 119 477 
141 197 261 
329 165 322 
74 453 352 
52 242 1 
499 393 87 
422 422 207 
246 317 140 
441 184 169 
415 2 354 
274 286 26 
206 168 234 
81 205 120 
85 98 53 
137 480 265 
180 268 460 
9 460 118 
182 102 94 
66 176 415 
2 248 359 
476 484 277 
252 434 441 
77 428 463 
45 128 387 
138 313 404 
445 49 451 
259 495 175 
233 13 370 
160 447 282 
303 446 85 
168 279 482 
197 214 293 
354 195 72 
110 499 469 
475 201 210 
278 242 132 
315 226 492 
204 457 484 
325 112 367 
427 171 189 
349 247 36 
474 166 108 
411 155 288 
8 85 136 
297 193 131 
148 371 406 
126 1 476 
174 222 475 
273 85 291 
304 189 348 
38 370 5 
311 25 113 
126 202 367 
329 299 24 
15 475 257 
488 239 228 
333 487 444 
46 241 48 
73 64 107 
2 198 395 
427 271 52 
294 312 54 
450 495 307 
483 159 6 
229 351 351 
291 298 468 
123 105 494 
124 50 10 
0 221 434 
207 102 493 
96 224 137 
123 4 466 
10 398 113 
364 425 359 
497 160 146 
98 404 291 
134 447 176 
400 469 153 
370 63 450 
32 403 496 
350 49 18 
40 123 2 
366 380 193 
361 331 262 
208 457 423 
149 54 169 
319 164 147 
398 120 391 
247 163 112 
485 63 340 
270 64 292 
274 319 367 
5 194 302 
469 368 362 
375 146 324 
195 175 163 
410 214 140 
1 283 128 
33 231 178 
201 382 25 
123 204 2 
381 51 185 
12 216 447 
232 160 465 
324 414 471 
191 417 179 
439 313 430 
143 115 383 
96 331 218 
105 233 215 
422 247 374 
401 191 424 
404 381 153 
187 312 408 
272 145 267 
140 248 398 
351 294 118 
139 272 395 
299 209 499 
225 487 267 
65 497 292 
414 399 123 
421 453 70 
326 146 357 
186 134 403 
231 469 228 
425 98 282 
83 97 64 
391 70 80 
212 76 479 
168 14 485 
304 302 362 
280 277 256 
157 341 132 
194 426 263 
209 280 273 
57 306 84 
204 13 36 
306 38 400 
177 136 323 
