1000
3
2 417 387 
290 334 286 
23 330 357 
423 284 46 
455 465 47 
399 7 176 
7 177 375 
383 344 394 
303 130 445 
28 226 58 
112 386 350 
323 311 54 
126 216 280 
466 347 212 
56 265 333 
177 166 83 
293 233 64 
297 256 350 
292 274 266 
459 33 495 
96 493 416 
382 371 468 
254 27 299 
246 143 420 
432 266 206 
233 85 155 
404 488 451 
452 259 192 
384 320 292 
474 154 74 
333 378 434 
283 353 219 
498 341 470 
48 116 88 
370 239 372 
112 173 124 
442 30 434 
377 224 0 
256 445 427 
187 433 462 
438 449 224 
89 363 232 
497 364 223 
410 213 23 
329 403 215 
492 11 44 
100 89 432 
202 436 344 
30 26 243 
214 8 426 
75 197 48 
386 146 232 
124 400 142 
249 382 430 
321 183 10 
9 198 202 
56 136 50 
87 144 247 
425 49 183 
494 85 318 
471 358 482 
252 119 94 
331 255 316 
196 4 180 
419 379 237 
392 457 480 
348 442 177 
461 400 340 
285 258 26 
149 481 448 
316 341 429 
9 345 126 
102 253 179 
306 427 47 
201 150 490 
75 109 330 
323 236 469 
496 216 131 
403 227 108 
398 67 52 
50 431 106 
115 41 30 
392 216 166 
194 42 189 
118 409 183 
257 287 247 
134 196 222 
372 481 419 
263 53 315 
423 184 428 
303 45 483 
117 334 304 
432 145 277 
125 120 283 
153 377 381 
319 198 425 
53 230 318 
224 401 84 
487 135 132 
316 473 282 
434 314 319 
284 72 68 
488 243 245 
399 361 390 
402 314 423 
472 306 55 
411 426 230 
202 87 97 
89 28 415 
113 224 284 
412 39 5 
146 186 98 
177 269 256 
454 224 455 
439 26 157 
152 15 63 
175 371 250 
274 28 9 
471 123 365 
424 35 281 
239 61 116 
26 461 187 
354 115 310 
491 451 372 
102 441 233 
10 189 497 
107 251 208 
423 471 104 
489 332 328 
426 309 5 
133 78 97 
75 181 155 
27 290 73 
410 239 168 
239 161 434 
365 92 470 
330 184 419 
154 396 117 
281 466 283 
331 197 130 
362 94 150 
341 34 289 
327 313 174 
486 259 256 
456 122 26 
225 321 464 
172 105 488 
7 265 485 
219 315 145 
464 71 438 
391 267 220 
236 45 285 
50 72 495 
274 82 491 
465 56 276 
470 63 320 
406 473 196 
395 182 436 
402 417 130 
445 147 227 
217 80 316 
233 441 9 
27 451 88 
488 103 217 
184 353 63 
347 397 124 
378 51 373 
480 209 145 
446 403 243 
252 344 173 
126 243 281 
494 178 300 
39 339 276 
266 106 5 
209 174 172 
49 373 388 
433 183 83 
76 315 462 
219 59 338 
134 491 452 
49 145 431 
35 127 80 
375 401 278 
193 471 311 
74 239 196 
69 312 462 
58 268 9 
285 238 296 
447 138 277 
316 424 200 
466 255 498 
12 237 371 
235 234 21 
206 121 16 
57 53 430 
333 476 346 
414 184 467 
430 202 356 
3 303 50 
308 80 52 
434 496 200 
215 87 402 
189 292 333 
131 7 256 
168 219 126 
489 160 192 
149 250 394 
291 91 251 
454 253 51 
457 403 472 
487 488 133 
279 165 215 
431 164 311 
78 360 285 
133 331 240 
294 278 291 
373 460 283 
411 251 180 
211 410 110 
472 449 414 
298 319 487 
292 446 44 
218 158 282 
101 423 184 
330 254 48 
387 80 373 
100 377 5 
185 267 166 
93 342 271 
52 382 388 
177 319 344 
256 192 167 
319 377 285 
350 292 393 
440 231 385 
427 42 181 
21 41 292 
442 380 230 
0 327 125 
145 439 389 
358 110 299 
54 400 51 
38 158 205 
492 476 78 
302 340 235 
438 94 103 
13 143 82 
313 372 80 
390 132 289 
218 274 54 
286 296 465 
26 119 180 
399 277 384 
140 219 158 
354 445 292 
311 471 318 
70 260 368 
54 439 37 
58 191 471 
55 272 483 
193 296 61 
353 421 408 
49 282 260 
45 247 214 
87 291 359 
317 152 309 
93 38 411 
244 99 135 
161 201 186 
488 423 227 
128 195 341 
287 79 377 
133 156 406 
34 23 67 
430 99 40 
335 99 305 
181 22 197 
467 406 228 
26 248 331 
162 174 419 
61 384 250 
344 442 187 
413 488 476 
449 269 2 
281 451 270 
24 465 485 
359 53 72 
31 462 332 
387 276 425 
395 273 447 
339 143 455 
45 72 23 
137 65 291 
77 308 300 
178 448 198 
302 447 117 
272 123 53 
492 491 363 
413 194 489 
167 385 482 
72 348 376 
73 215 3 
120 249 429 
64 292 425 
271 105 281 
414 196 391 
353 140 423 
143 347 172 
70 118 126 
309 218 395 
212 499 248 
314 7 336 
59 30 437 
28 111 288 
17 139 286 
484 410 474 
257 354 471 
384 156 17 
400 20 143 
108 432 360 
137 62 200 
332 264 332 
461 229 161 
94 246 498 
166 26 234 
300 317 196 
445 414 177 
71 277 299 
421 179 56 
124 293 434 
164 27 233 
49 256 363 
304 38 134 
147 414 370 
410 469 390 
189 370 355 
392 31 419 
264 175 71 
189 273 363 
391 87 448 
5 355 486 
35 432 247 
132 110 324 
336 157 175 
402 447 126 
362 328 257 
262 33 403 
211 222 426 
191 209 141 
231 446 411 
433 176 349 
227 434 480 
220 302 20 
283 225 299 
455 428 221 
361 267 418 
123 478 210 
25 326 445 
56 99 454 
246 50 49 
486 296 463 
64 381 51 
487 433 75 
308 412 289 
207 206 168 
463 355 492 
458 256 80 
405 197 244 
405 232 276 
386 291 120 
479 390 447 
257 299 348 
188 118 329 
234 407 38 
49 55 169 
329 7 51 
356 52 41 
419 322 481 
140 421 107 
258 94 473 
234 181 317 
491 9 421 
7 48 486 
88 70 300 
493 308 94 
407 427 153 
425 205 99 
152 482 269 
254 134 283 
469 10 245 
158 379 292 
372 364 27 
363 27 62 
385 148 201 
240 231 1 
389 271 248 
454 449 269 
476 402 133 
172 448 82 
197 305 255 
136 214 97 
359 421 78 
243 99 247 
124 144 329 
77 270 87 
174 423 195 
188 358 489 
269 252 449 
488 27 411 
406 237 145 
171 400 375 
329 441 259 
480 202 207 
298 235 480 
13 417 73 
66 224 46 
311 412 141 
89 84 349 
54 472 392 
318 388 194 
104 166 61 
284 369 201 
424 358 461 
72 116 484 
369 126 354 
125 137 229 
307 450 492 
173 422 228 
296 450 91 
412 107 393 
497 60 294 
140 318 278 
115 491 77 
264 72 284 
477 315 3 
492 165 465 
76 72 460 
215 404 302 
475 413 384 
271 418 209 
310 442 144 
487 88 4 
3 246 349 
112 280 245 
390 407 347 
49 194 460 
400 74 35 
161 194 312 
477 226 429 
207 253 436 
96 65 327 
151 196 157 
220 321 496 
250 379 337 
353 457 255 
384 234 278 
494 259 166 
462 381 42 
278 118 441 
282 215 82 
286 238 336 
309 303 277 
365 317 225 
443 408 239 
61 245 449 
40 197 187 
289 47 391 
37 471 2 
35 31 284 
129 414 314 
121 158 443 
151 279 7 
138 295 95 
223 80 230 
12 291 127 
279 430 218 
411 244 169 
259 401 413 
423 243 320 
166 491 332 
29 202 431 
103 289 317 
181 407 420 
255 318 435 
68 43 491 
90 341 198 
406 231 338 
280 110 295 
212 220 434 
379 184 17 
380 499 179 
278 89 293 
224 328 137 
268 208 7 
70 441 410 
369 251 95 
470 231 268 
199 124 210 
411 139 239 
162 381 192 
36 12 310 
243 418 393 
212 168 370 
442 72 227 
236 104 32 
81 400 205 
118 351 440 
182 492 278 
73 42 229 
266 104 275 
302 60 243 
249 311 32 
367 300 270 
220 353 113 
114 203 14 
426 427 447 
405 273 216 
53 129 482 
338 212 55 
257 91 28 
150 139 375 
353 361 158 
88 413 229 
499 161 306 
25 233 235 
325 120 100 
235 231 487 
407 382 90 
22 200 438 
141 305 194 
166 150 124 
409 163 357 
303 482 152 
474 106 342 
464 52 81 
428 258 176 
272 175 228 
365 62 302 
396 433 300 
289 284 193 
448 473 86 
292 291 47 
142 306 105 
241 117 328 
185 457 87 
239 149 196 
467 133 296 
379 58 89 
154 399 258 
171 313 490 
69 277 354 
478 7 301 
20 399 413 
222 189 100 
308 295 114 
427 26 219 
246 192 156 
228 78 372 
373 219 392 
81 131 188 
82 102 404 
415 295 62 
148 126 449 
297 182 399 
398 94 248 
238 252 293 
85 216 203 
228 179 176 
411 458 42 
455 424 204 
388 223 247 
168 357 284 
214 160 422 
210 227 159 
419 288 197 
471 3 454 
272 103 9 
259 429 153 
212 41 423 
8 143 109 
128 276 4 
192 468 491 
72 88 463 
112 60 106 
270 39 202 
96 196 279 
258 174 7 
340 460 398 
27 230 89 
196 242 276 
422 153 27 
42 316 128 
204 492 241 
432 438 395 
108 69 18 
490 281 169 
78 475 92 
159 423 406 
380 302 249 
199 372 64 
364 396 358 
132 170 456 
184 139 205 
155 364 438 
480 275 319 
56 490 96 
67 294 64 
150 495 16 
441 211 224 
100 216 40 
29 143 288 
392 107 372 
395 161 255 
80 190 395 
418 72 341 
219 484 482 
284 177 60 
35 457 36 
28 202 265 
88 192 482 
467 158 458 
322 360 170 
41 286 318 
398 490 247 
110 206 458 
36 452 44 
149 12 91 
488 397 139 
202 58 178 
192 463 221 
193 414 170 
380 417 27 
339 300 381 
359 357 433 
285 189 182 
422 428 340 
353 40 307 
53 398 351 
120 232 174 
67 50 3 
119 313 421 
154 422 378 
482 62 64 
411 258 277 
339 117 412 
334 291 268 
108 142 497 
422 153 62 
307 196 395 
469 201 495 
260 214 325 
302 458 480 
499 349 190 
474 352 351 
371 493 413 
454 354 329 
199 24 414 
304 191 302 
192 218 228 
471 329 386 
340 378 67 
158 300 154 
310 274 108 
408 197 372 
336 472 98 
484 173 149 
347 51 451 
377 42 124 
363 468 472 
190 258 446 
238 7 343 
17 252 147 
94 102 271 
170 481 7 
407 459 294 
338 318 104 
495 20 41 
399 467 380 
205 136 42 
97 108 454 
377 423 78 
348 156 211 
79 68 317 
17 36 298 
374 159 487 
24 411 328 
399 403 289 
258 246 74 
235 109 265 
178 432 240 
146 293 25 
211 113 125 
377 412 467 
429 315 17 
378 296 56 
438 446 294 
191 447 14 
67 66 108 
198 103 403 
372 80 84 
111 153 111 
488 6 354 
308 414 234 
209 85 160 
162 320 283 
383 147 390 
448 154 390 
119 349 126 
395 40 227 
167 299 361 
13 201 241 
29 94 346 
212 412 137 
15 465 5 
113 114 395 
319 332 118 
262 359 188 
171 51 75 
154 354 170 
117 279 97 
18 167 176 
412 278 383 
273 387 175 
153 498 8 
349 124 370 
285 330 126 
322 403 489 
71 399 430 
80 289 380 
365 83 11 
394 398 238 
187 85 499 
341 403 268 
188 198 496 
70 477 411 
350 413 217 
351 309 456 
413 133 412 
488 287 488 
199 103 142 
41 174 446 
274 481 129 
245 161 114 
286 297 97 
319 18 425 
370 329 468 
402 325 346 
311 322 296 
493 277 288 
20 254 42 
451 460 456 
479 25 232 
133 21 90 
102 230 86 
198 129 324 
115 203 120 
183 457 380 
426 463 173 
420 175 485 
138 235 60 
252 9 308 
497 25 57 
43 400 236 
323 270 354 
128 321 455 
89 123 58 
125 65 40 
449 32 55 
402 119 46 
232 282 172 
177 417 428 
10 415 376 
359 217 222 
215 447 482 
284 364 329 
323 110 200 
466 29 13 
118 84 305 
202 221 46 
261 341 458 
327 206 149 
176 203 371 
355 460 130 
77 216 173 
386 95 52 
286 400 194 
493 131 170 
334 121 343 
240 187 277 
427 261 150 
488 397 169 
140 428 44 
237 89 383 
179 271 191 
113 45 305 
66 398 271 
153 376 116 
325 43 106 
408 333 283 
149 98 278 
137 467 430 
285 371 407 
309 477 58 
372 349 296 
18 66 162 
327 400 463 
55 3 241 
400 385 319 
197 332 66 
478 97 31 
137 317 316 
444 297 42 
333 90 257 
348 394 172 
304 11 213 
231 387 133 
11 485 453 
274 459 71 
402 69 32 
458 259 355 
67 15 477 
245 384 481 
320 480 120 
9 336 241 
33 12 245 
360 218 145 
28 72 317 
313 110 464 
472 428 11 
466 12 486 
347 5 21 
299 495 370 
370 294 40 
271 156 112 
101 87 35 
269 62 351 
21 172 368 
291 92 31 
409 305 187 
23 377 366 
389 153 235 
154 401 119 
318 323 54 
198 335 55 
151 316 38 
43 268 227 
309 380 305 
176 332 375 
371 171 90 
401 348 240 
296 102 422 
175 498 120 
198 73 135 
180 76 150 
447 236 459 
56 192 296 
147 106 432 
403 166 142 
23 179 109 
241 413 293 
132 95 104 
302 329 436 
191 129 245 
91 6 30 
160 142 434 
454 488 364 
266 355 146 
197 65 332 
489 65 387 
164 479 20 
194 403 310 
97 408 101 
388 215 328 
211 344 112 
447 113 486 
318 402 394 
41 360 46 
287 207 30 
395 335 321 
53 161 313 
22 81 313 
52 271 457 
121 367 393 
169 292 340 
342 172 481 
92 85 2 
126 322 242 
249 92 385 
395 103 238 
8 59 34 
348 348 84 
392 39 148 
494 160 18 
150 14 334 
220 226 384 
412 113 400 
15 481 410 
319 272 306 
122 465 22 
429 379 247 
186 189 170 
133 62 237 
435 331 199 
325 489 451 
196 214 170 
148 273 167 
358 436 330 
372 475 125 
426 444 342 
54 177 107 
276 216 154 
397 12 133 
372 71 269 
318 395 392 
476 288 283 
97 320 213 
262 61 309 
301 468 367 
367 493 305 
433 432 328 
490 411 191 
31 340 78 
37 391 186 
84 469 119 
337 229 295 
145 207 362 
72 447 102 
106 498 162 
279 26 484 
45 64 207 
34 8 173 
87 415 117 
83 269 486 
76 491 358 
375 447 58 
432 499 229 
320 294 416 
441 297 415 
53 8 232 
8 1 142 
407 205 322 
170 372 44 
180 460 247 
17 359 396 
417 389 131 
67 489 142 
372 389 286 
425 495 98 
160 327 97 
310 7 330 
394 69 475 
264 92 17 
134 234 174 
153 69 198 
368 430 139 
243 134 125 
119 86 269 
104 60 47 
314 296 82 
130 183 241 
369 228 207 
148 231 346 
102 161 179 
120 361 128 
25 4 444 
371 476 262 
267 418 426 
217 480 455 
284 311 7 
282 428 365 
486 96 319 
286 480 261 
211 57 78 
419 250 164 
450 66 42 
260 88 254 
409 92 342 
411 317 109 
94 258 224 
18 268 232 
197 311 127 
328 388 228 
334 414 140 
201 268 263 
265 368 235 
17 472 297 
291 375 151 
434 179 222 
273 344 346 
380 58 176 
259 250 233 
208 198 320 
399 269 471 
33 426 140 
106 140 430 
401 38 90 
407 68 358 
403 156 159 
334 5 12 
21 138 429 
