1000
3
115 162 100 
464 234 345 
489 395 161 
243 287 293 
177 282 453 
177 45 334 
219 92 267 
407 172 459 
219 411 243 
434 51 230 
232 461 93 
482 170 392 
278 427 220 
300 183 171 
160 341 179 
475 277 323 
23 298 49 
10 223 362 
323 182 218 
254 40 347 
213 371 397 
110 449 496 
201 133 330 
1 11 238 
348 334 450 
424 138 209 
63 453 47 
234 189 72 
100 232 257 
3 47 326 
420 57 34 
292 437 47 
385 295 91 
124 218 163 
249 336 391 
340 278 437 
193 265 119 
138 383 354 
424 225 103 
115 382 475 
335 55 416 
240 53 315 
81 291 83 
148 475 70 
45 185 387 
134 169 9 
351 98 297 
141 209 203 
213 153 257 
371 392 261 
234 457 497 
188 67 179 
335 321 54 
383 222 207 
411 409 365 
407 42 297 
360 480 450 
466 490 71 
61 442 1 
292 249 169 
199 485 309 
457 37 58 
450 328 492 
495 26 2 
399 359 115 
358 304 98 
282 64 154 
265 306 432 
388 241 479 
38 425 30 
147 442 112 
195 143 272 
344 328 421 
446 332 396 
479 373 380 
177 8 140 
167 401 339 
303 186 214 
20 422 151 
297 331 320 
495 488 104 
371 202 8 
149 341 345 
180 195 160 
454 112 251 
459 440 8 
258 237 138 
11 321 211 
441 397 203 
54 402 178 
253 439 126 
182 355 485 
210 206 269 
17 364 420 
181 347 211 
291 4 112 
23 405 440 
140 48 146 
84 408 333 
339 420 78 
242 52 301 
248 143 144 
465 494 220 
407 208 27 
429 52 462 
304 411 381 
277 141 62 
400 83 308 
474 238 12 
180 201 239 
58 448 7 
348 283 26 
209 225 181 
23 188 362 
182 371 485 
309 182 477 
294 143 49 
293 48 137 
142 191 265 
273 106 238 
41 58 34 
253 9 152 
95 313 476 
226 80 236 
425 354 392 
210 315 491 
119 83 455 
327 458 365 
437 311 10 
407 358 344 
124 383 414 
188 392 413 
487 30 237 
206 292 114 
450 301 84 
462 256 219 
203 474 262 
302 376 95 
159 260 265 
99 286 162 
152 120 447 
425 91 280 
327 20 42 
353 370 236 
258 402 166 
309 374 87 
131 367 10 
229 94 486 
155 358 347 
82 137 40 
215 302 245 
4 380 191 
292 275 255 
234 74 289 
308 384 432 
190 68 182 
256 250 234 
173 355 197 
104 58 465 
340 372 32 
312 187 308 
256 67 276 
225 334 330 
325 473 390 
147 326 356 
413 169 402 
457 27 421 
136 303 409 
234 225 31 
280 41 85 
409 129 258 
284 78 392 
400 272 216 
445 263 65 
81 370 65 
284 487 283 
374 337 425 
75 63 167 
67 340 263 
86 169 295 
97 126 434 
389 156 6 
440 366 400 
284 191 201 
225 44 370 
141 187 272 
355 55 289 
119 471 243 
219 85 483 
234 411 20 
138 450 31 
77 295 90 
273 418 3 
414 329 373 
299 281 368 
145 329 98 
30 72 89 
164 341 110 
420 304 301 
181 257 25 
337 430 271 
291 452 380 
339 369 89 
100 470 352 
345 265 97 
93 310 58 
441 138 422 
330 102 467 
14 416 83 
476 69 163 
279 199 185 
110 111 136 
52 298 292 
332 88 344 
394 131 133 
98 260 110 
473 405 419 
322 351 129 
60 435 353 
166 445 152 
123 180 271 
24 483 297 
243 74 143 
99 481 430 
3 465 191 
457 49 187 
47 23 56 
402 118 380 
292 497 105 
360 124 83 
169 20 478 
230 319 3 
236 438 47 
41 288 331 
426 196 169 
239 356 160 
433 120 232 
329 348 198 
203 297 306 
418 467 451 
306 64 72 
376 51 423 
210 184 87 
103 78 165 
60 90 111 
165 206 344 
481 378 184 
13 481 83 
199 181 177 
197 409 269 
316 399 208 
225 157 40 
338 194 407 
332 213 484 
208 50 427 
460 228 241 
475 234 287 
133 392 363 
60 121 347 
451 369 360 
193 408 390 
81 148 77 
25 108 58 
147 288 398 
396 91 410 
120 229 334 
457 197 79 
473 46 242 
187 412 408 
380 236 95 
338 321 186 
345 143 44 
165 345 195 
159 69 118 
188 322 130 
398 300 459 
25 255 310 
224 202 391 
169 401 6 
286 372 139 
312 498 385 
178 423 55 
37 348 191 
409 44 43 
17 155 494 
225 434 430 
453 302 384 
51 216 271 
64 202 153 
410 408 116 
210 351 329 
471 277 10 
389 134 318 
122 158 164 
324 282 63 
426 328 75 
277 294 114 
175 190 26 
17 21 194 
202 17 469 
266 342 161 
483 430 308 
283 8 372 
142 401 414 
167 87 70 
338 211 248 
433 155 102 
367 42 344 
151 144 102 
214 391 317 
158 278 217 
304 241 280 
224 210 163 
486 448 483 
213 498 37 
214 114 361 
152 76 45 
45 289 213 
330 311 419 
238 319 315 
471 140 455 
133 367 174 
422 56 457 
56 132 270 
268 90 456 
392 161 156 
485 100 92 
378 416 365 
58 243 245 
2 297 242 
204 112 203 
174 125 49 
28 401 28 
414 271 400 
26 445 238 
417 385 468 
313 90 483 
483 285 378 
482 32 377 
58 488 318 
194 198 442 
311 57 289 
143 476 242 
455 59 223 
109 263 234 
275 140 322 
144 69 339 
39 183 18 
24 364 427 
258 167 82 
438 235 382 
57 211 386 
140 258 358 
68 491 466 
78 477 188 
176 180 120 
99 284 176 
47 259 77 
41 317 464 
164 243 193 
380 118 408 
53 113 31 
136 41 333 
461 469 187 
452 113 163 
284 107 156 
483 184 194 
103 187 427 
155 261 130 
84 123 115 
482 40 242 
371 238 240 
191 8 346 
299 258 393 
457 267 81 
132 209 259 
294 15 468 
107 263 19 
32 248 413 
258 382 374 
399 323 208 
260 11 124 
191 384 251 
396 75 48 
389 207 210 
137 141 83 
336 214 389 
225 234 1 
296 377 159 
298 12 134 
56 137 417 
426 289 375 
162 479 399 
205 54 408 
421 409 81 
366 175 413 
462 319 229 
242 37 29 
450 458 286 
175 72 450 
300 338 69 
40 413 491 
389 81 295 
6 163 338 
464 250 358 
225 3 464 
488 319 150 
418 438 58 
485 51 187 
409 57 371 
159 16 438 
6 44 470 
214 174 356 
112 147 165 
131 109 108 
260 40 101 
85 319 442 
495 166 178 
144 426 373 
469 386 276 
448 452 80 
482 113 409 
134 44 30 
116 106 199 
88 29 2 
72 80 17 
173 375 426 
127 169 193 
354 362 435 
195 253 305 
122 297 44 
22 371 234 
225 68 395 
194 87 383 
143 291 201 
470 408 325 
498 65 475 
54 94 245 
312 292 313 
6 319 25 
410 256 336 
245 325 105 
460 336 102 
354 245 25 
358 417 391 
330 479 212 
58 306 375 
340 388 468 
422 281 84 
410 45 190 
128 262 375 
137 419 304 
199 458 159 
467 425 428 
339 23 210 
205 51 104 
264 494 20 
368 195 295 
454 465 273 
211 344 29 
432 454 451 
273 113 453 
376 347 494 
155 197 367 
89 294 491 
173 237 34 
377 28 99 
397 453 115 
441 228 332 
373 291 302 
304 227 39 
351 286 243 
474 52 175 
340 217 282 
96 321 371 
152 485 402 
285 403 226 
430 72 220 
354 435 287 
225 361 229 
48 322 130 
474 149 64 
306 282 64 
177 227 3 
390 154 281 
372 85 461 
54 24 355 
109 171 402 
383 340 226 
488 135 129 
151 57 173 
353 47 107 
196 332 24 
361 282 333 
24 394 495 
438 140 209 
493 153 302 
382 87 9 
490 10 337 
417 118 34 
474 88 441 
487 245 121 
210 266 226 
297 322 493 
257 488 383 
384 244 293 
53 187 162 
318 28 231 
185 252 328 
395 469 263 
253 236 27 
194 235 378 
452 463 64 
15 148 183 
377 293 32 
181 400 477 
427 228 437 
22 113 362 
384 421 268 
280 374 471 
192 81 156 
232 124 376 
376 299 311 
230 216 46 
386 12 18 
146 327 177 
422 464 102 
180 102 327 
364 410 79 
118 49 303 
350 5 332 
108 130 340 
363 236 282 
252 89 103 
224 27 439 
201 211 51 
350 372 326 
215 234 494 
21 405 489 
437 25 320 
436 140 406 
418 431 271 
436 78 445 
112 24 289 
238 422 112 
254 468 259 
474 148 405 
393 363 60 
191 273 427 
301 400 64 
69 333 349 
35 180 89 
341 363 62 
480 298 19 
310 245 290 
238 429 319 
430 81 149 
406 273 161 
350 260 493 
57 442 402 
139 459 488 
114 75 201 
234 430 80 
120 247 115 
273 297 316 
312 466 240 
367 377 86 
374 366 188 
53 287 446 
215 263 290 
220 92 468 
101 97 135 
304 416 118 
470 386 461 
159 499 236 
130 138 494 
77 80 229 
490 167 273 
180 247 374 
177 16 161 
171 428 143 
368 154 231 
273 124 210 
474 438 33 
478 251 359 
424 69 242 
464 72 163 
241 367 336 
452 219 210 
222 175 428 
319 206 199 
99 297 445 
242 29 407 
317 445 158 
109 301 464 
162 119 170 
429 210 478 
282 165 52 
150 228 60 
157 446 437 
188 295 8 
498 40 180 
204 36 342 
330 308 81 
183 236 218 
368 261 57 
494 129 268 
284 188 411 
122 293 362 
351 356 32 
187 353 161 
68 286 401 
205 182 110 
412 200 315 
92 462 447 
44 271 18 
464 426 289 
425 193 90 
42 131 22 
483 486 219 
72 438 176 
293 18 300 
170 431 148 
20 457 194 
427 436 425 
299 260 302 
439 494 365 
146 67 93 
9 259 300 
3 361 139 
459 297 27 
497 207 202 
208 379 375 
51 7 428 
151 221 456 
408 134 303 
175 302 106 
356 181 436 
168 499 388 
291 102 254 
168 41 360 
17 331 228 
263 415 302 
400 158 251 
35 394 403 
389 366 112 
397 119 375 
365 195 173 
238 146 126 
13 222 186 
405 416 386 
376 186 10 
230 127 452 
165 173 396 
263 365 219 
172 84 442 
301 444 86 
192 106 370 
164 40 190 
480 62 341 
459 5 387 
330 55 249 
392 42 185 
471 254 190 
123 450 137 
367 345 435 
92 322 369 
315 234 264 
118 1 424 
198 225 420 
367 493 118 
162 305 79 
76 396 371 
356 295 206 
225 197 154 
431 256 475 
159 476 234 
446 207 478 
325 336 204 
326 171 122 
77 60 291 
22 384 303 
295 368 99 
248 218 427 
394 314 108 
155 162 147 
14 474 70 
286 74 280 
286 237 86 
104 248 329 
201 64 248 
252 210 348 
397 479 234 
180 267 74 
266 113 456 
34 461 454 
141 137 156 
444 450 285 
188 331 310 
427 218 4 
454 334 222 
253 481 89 
425 83 397 
242 288 12 
273 282 350 
480 362 337 
423 62 477 
427 404 309 
23 481 248 
60 468 193 
268 240 1 
438 174 412 
169 443 323 
119 327 80 
434 199 115 
447 11 17 
440 10 206 
254 65 206 
210 97 100 
482 53 298 
270 474 148 
175 267 459 
377 238 354 
334 473 8 
405 209 17 
281 275 98 
21 116 98 
306 250 26 
485 37 45 
460 162 88 
393 262 362 
200 244 43 
490 479 335 
378 438 1 
431 346 273 
414 159 75 
148 482 286 
417 239 498 
204 331 214 
294 38 313 
285 272 499 
75 340 132 
361 274 190 
429 184 332 
185 285 88 
448 440 446 
38 56 191 
241 401 444 
28 239 54 
272 123 206 
80 182 97 
165 295 201 
206 425 426 
206 181 269 
332 357 189 
378 272 200 
41 268 484 
176 362 412 
192 305 473 
384 85 181 
20 248 432 
273 453 63 
129 109 194 
29 309 145 
141 72 3 
380 484 271 
36 228 350 
214 323 380 
392 386 236 
112 26 320 
261 435 386 
389 353 240 
383 234 93 
474 255 53 
422 16 123 
448 214 182 
417 189 68 
346 293 483 
277 144 97 
497 76 333 
482 461 250 
350 443 321 
492 133 489 
466 291 356 
178 441 318 
164 435 163 
355 178 169 
159 419 484 
127 352 148 
382 18 14 
236 179 159 
91 228 300 
78 467 169 
397 144 455 
436 44 282 
244 68 435 
489 311 415 
264 430 163 
62 191 416 
427 487 125 
198 476 498 
372 71 468 
324 276 84 
404 250 444 
27 118 390 
206 163 254 
265 482 345 
278 306 137 
482 382 168 
455 423 262 
225 198 445 
161 279 142 
335 49 228 
279 174 168 
54 378 252 
373 302 132 
93 285 113 
80 494 147 
125 244 25 
35 13 16 
406 271 44 
91 379 454 
325 263 70 
55 209 279 
149 326 391 
99 149 390 
368 349 61 
327 123 315 
213 467 258 
178 313 132 
403 338 203 
140 63 67 
109 414 384 
165 26 61 
440 211 45 
383 197 443 
475 280 240 
422 206 229 
199 42 450 
392 2 254 
348 286 68 
217 11 200 
13 11 454 
379 319 85 
113 31 427 
176 280 207 
493 278 334 
91 235 121 
64 270 306 
68 372 240 
358 421 69 
300 292 308 
229 296 32 
82 186 250 
439 243 496 
281 355 429 
136 121 443 
115 425 176 
403 386 335 
255 340 447 
361 85 220 
353 401 451 
12 293 195 
362 283 285 
374 102 368 
399 463 419 
233 179 192 
338 430 124 
162 261 277 
199 332 40 
288 445 47 
253 442 141 
338 147 435 
50 247 195 
350 311 93 
148 41 205 
237 90 299 
325 76 498 
143 83 87 
252 366 111 
338 97 130 
336 115 407 
450 6 74 
332 378 473 
162 492 129 
241 335 388 
430 24 372 
24 39 299 
289 456 25 
314 445 379 
172 467 149 
493 232 46 
388 179 498 
398 32 121 
48 48 348 
20 264 369 
44 401 4 
346 134 47 
7 146 334 
161 181 159 
87 288 284 
245 434 372 
83 0 236 
162 80 193 
237 183 174 
376 32 303 
435 42 89 
240 6 218 
180 110 357 
165 223 444 
442 147 67 
302 411 389 
104 296 374 
98 1 470 
170 410 168 
497 80 49 
68 217 62 
313 325 461 
381 71 369 
297 28 185 
140 311 205 
150 495 406 
243 206 27 
135 222 200 
160 81 83 
173 485 452 
13 315 190 
22 489 416 
428 291 109 
478 51 140 
43 453 478 
100 113 460 
124 386 86 
52 103 365 
130 194 61 
90 46 55 
240 80 365 
422 135 251 
288 351 431 
311 389 184 
64 292 68 
249 180 243 
67 441 82 
192 438 295 
49 380 296 
419 368 337 
53 459 254 
388 314 430 
302 311 359 
37 173 101 
294 383 397 
43 66 378 
162 433 338 
225 497 450 
401 308 232 
250 60 381 
108 214 487 
130 182 461 
365 499 389 
73 426 242 
458 456 303 
260 210 131 
220 379 485 
306 287 391 
276 370 90 
239 48 27 
47 203 222 
21 51 458 
8 155 404 
461 474 179 
441 366 274 
425 216 235 
178 219 220 
157 360 374 
58 193 164 
283 224 403 
349 37 244 
484 250 434 
291 418 60 
193 347 459 
206 84 236 
447 366 208 
211 320 483 
463 189 291 
299 8 465 
150 9 161 
265 124 264 
442 492 493 
336 186 466 
328 359 172 
13 319 201 
325 435 126 
129 432 45 
223 375 71 
131 414 154 
209 219 321 
455 465 276 
231 68 378 
479 167 168 
432 204 324 
