1000
3
235 111 196 
419 30 76 
289 65 386 
297 421 127 
234 83 114 
411 121 474 
284 289 291 
99 478 286 
62 110 330 
265 187 481 
78 39 36 
45 116 27 
435 247 385 
25 460 432 
202 396 344 
318 207 39 
218 345 445 
93 356 242 
316 489 208 
495 410 313 
244 157 92 
355 320 488 
342 175 238 
496 17 56 
340 333 330 
429 314 440 
266 140 10 
313 378 22 
490 357 256 
30 117 225 
479 208 143 
306 105 490 
135 289 387 
361 447 279 
254 175 224 
85 197 326 
143 377 54 
354 127 253 
412 495 496 
273 215 176 
121 380 438 
68 275 369 
421 75 31 
36 306 211 
147 372 300 
190 365 252 
388 27 103 
214 120 420 
358 124 465 
10 294 21 
37 416 132 
84 129 343 
245 496 150 
251 447 61 
179 292 237 
476 423 84 
290 306 397 
100 303 109 
116 94 80 
243 150 174 
121 97 129 
153 398 281 
70 271 440 
373 138 278 
431 251 386 
432 409 434 
430 53 5 
170 338 21 
26 460 221 
153 463 126 
264 130 208 
26 264 76 
447 482 408 
474 196 432 
37 238 414 
103 375 190 
16 286 425 
295 473 221 
450 230 225 
87 92 365 
284 428 202 
348 416 39 
365 117 426 
236 287 283 
382 319 101 
386 426 137 
135 420 62 
12 114 479 
225 384 265 
252 47 421 
285 197 135 
367 28 131 
216 340 257 
307 113 307 
275 309 369 
300 160 280 
101 201 452 
165 493 477 
271 39 235 
496 375 257 
460 202 71 
458 403 233 
150 159 425 
93 400 298 
38 279 160 
462 314 426 
134 216 392 
26 232 373 
64 28 228 
47 281 316 
205 194 209 
342 363 115 
102 335 408 
124 469 35 
142 151 266 
280 367 437 
252 473 373 
155 259 46 
42 484 192 
409 415 291 
324 10 125 
451 386 241 
9 437 443 
404 215 281 
483 345 494 
118 106 73 
330 66 188 
262 166 381 
171 495 70 
422 399 457 
166 353 225 
63 281 437 
201 364 456 
423 301 242 
69 248 56 
327 389 250 
60 363 179 
232 33 388 
8 365 85 
426 480 446 
481 127 37 
188 22 379 
424 46 248 
230 85 262 
354 311 460 
380 322 222 
402 23 161 
134 209 349 
263 487 113 
308 396 62 
396 370 272 
287 390 338 
248 314 382 
103 459 463 
352 22 248 
460 287 377 
69 120 162 
395 357 181 
236 456 167 
356 94 141 
351 65 251 
449 399 10 
230 267 411 
424 355 21 
497 440 416 
106 208 333 
154 435 364 
347 169 411 
168 350 449 
121 308 65 
139 356 378 
285 372 103 
143 70 164 
376 214 124 
231 450 498 
364 62 58 
414 426 90 
10 103 371 
446 441 249 
347 42 224 
230 472 247 
187 300 283 
414 33 178 
337 414 472 
43 47 343 
247 3 91 
473 391 482 
222 357 186 
291 158 70 
401 22 469 
5 429 230 
129 271 219 
159 75 91 
145 452 295 
193 136 329 
309 390 317 
67 214 486 
241 108 66 
365 212 39 
362 9 154 
170 256 332 
448 72 142 
362 219 253 
160 207 156 
339 322 201 
448 387 290 
43 398 383 
300 289 195 
496 78 364 
174 279 227 
267 469 444 
351 337 345 
362 365 226 
269 460 172 
468 298 310 
224 265 439 
343 101 36 
400 281 209 
230 469 434 
214 196 13 
216 487 3 
90 285 295 
499 76 134 
14 276 381 
66 485 15 
479 182 32 
170 22 315 
235 112 434 
376 101 292 
404 282 237 
452 357 138 
16 385 307 
154 77 2 
69 120 151 
107 224 472 
84 429 123 
421 483 67 
492 492 252 
20 471 306 
56 236 84 
403 413 388 
194 355 401 
11 411 233 
410 167 96 
491 438 245 
461 318 424 
397 167 319 
267 22 341 
22 480 70 
369 103 167 
221 92 235 
460 405 37 
118 326 147 
280 439 373 
416 389 351 
170 499 473 
272 291 271 
49 450 422 
156 427 141 
274 444 30 
275 222 428 
61 164 63 
421 400 92 
332 213 154 
40 133 439 
121 229 471 
20 76 450 
59 319 342 
229 47 472 
219 305 124 
392 236 211 
63 365 314 
124 401 286 
92 175 170 
215 198 304 
105 235 462 
24 74 249 
473 144 157 
33 486 393 
291 4 64 
486 424 300 
406 339 452 
376 436 233 
292 59 446 
426 4 371 
256 239 378 
356 249 217 
10 302 116 
125 229 113 
310 172 17 
229 387 44 
155 51 492 
13 432 336 
82 304 34 
440 284 458 
390 349 419 
416 116 386 
2 363 75 
331 390 315 
51 28 156 
290 461 438 
159 227 4 
438 25 312 
367 49 141 
101 332 73 
167 82 269 
403 11 1 
154 409 182 
18 373 455 
407 284 334 
137 242 14 
107 121 481 
302 321 283 
335 309 430 
277 212 256 
274 290 168 
391 216 139 
33 433 97 
422 483 43 
225 242 478 
402 43 391 
26 124 384 
459 252 95 
436 255 489 
394 403 18 
84 349 215 
231 89 40 
467 105 317 
39 218 27 
18 277 302 
466 383 183 
414 304 370 
273 7 135 
214 488 42 
99 55 291 
89 77 212 
31 41 109 
460 337 111 
418 438 8 
166 282 296 
209 332 69 
40 376 207 
436 276 192 
440 411 499 
498 475 202 
165 299 225 
233 13 224 
474 495 263 
15 31 498 
397 213 420 
470 175 458 
328 248 110 
437 273 169 
350 13 224 
336 32 186 
50 232 115 
98 73 195 
251 355 211 
49 240 65 
39 33 405 
60 239 471 
33 48 233 
482 36 130 
322 24 394 
493 13 121 
325 430 365 
53 345 436 
344 47 385 
23 307 327 
149 408 351 
70 183 198 
338 229 232 
404 95 272 
43 71 180 
482 186 16 
6 467 173 
287 34 173 
379 398 310 
496 127 98 
240 29 84 
475 48 134 
326 247 394 
293 326 429 
362 382 466 
472 460 398 
77 424 128 
102 96 377 
326 473 313 
484 152 415 
291 50 164 
271 188 218 
433 209 163 
327 443 157 
209 312 295 
139 279 33 
369 356 158 
451 81 341 
235 240 397 
92 171 361 
36 308 362 
112 404 2 
93 146 266 
358 109 58 
428 147 395 
208 57 336 
354 366 425 
280 351 29 
383 105 342 
167 86 469 
473 133 328 
498 354 24 
84 237 206 
318 324 454 
85 227 351 
486 442 206 
72 445 380 
382 422 334 
219 325 217 
138 116 468 
78 194 267 
465 48 430 
491 418 395 
403 105 187 
198 152 247 
320 486 202 
64 428 61 
81 160 251 
345 27 190 
331 28 203 
102 1 397 
242 389 184 
143 392 428 
366 251 42 
353 488 240 
365 426 43 
374 335 388 
289 486 173 
7 427 34 
193 411 324 
230 393 463 
240 287 378 
447 298 13 
111 386 28 
330 354 294 
14 98 481 
182 350 286 
365 485 158 
241 193 329 
51 196 150 
420 115 14 
76 80 211 
76 148 294 
176 70 144 
128 224 309 
233 143 215 
433 396 472 
491 148 205 
117 190 334 
36 13 123 
124 429 332 
85 108 87 
24 356 255 
154 52 341 
158 435 467 
345 75 80 
406 466 300 
477 260 307 
286 113 35 
478 424 411 
339 79 366 
254 107 61 
393 155 4 
377 213 130 
302 398 290 
219 446 285 
90 300 70 
56 379 341 
321 458 397 
307 59 396 
342 485 4 
407 82 233 
373 219 12 
12 131 451 
386 178 5 
198 149 177 
402 166 380 
36 239 207 
207 319 119 
352 433 10 
156 323 483 
136 320 71 
412 326 138 
72 253 441 
362 318 338 
157 395 454 
280 280 406 
37 14 24 
9 111 27 
480 432 293 
350 290 0 
176 464 46 
414 307 47 
418 210 403 
164 367 77 
454 133 411 
305 389 209 
166 143 163 
228 108 204 
187 351 156 
5 233 39 
247 378 354 
355 427 275 
99 389 444 
485 125 234 
26 494 71 
134 329 160 
335 314 185 
261 90 382 
260 264 263 
455 150 449 
412 65 78 
470 226 43 
480 330 98 
276 399 371 
81 474 269 
68 268 430 
209 414 17 
266 405 451 
447 199 4 
365 192 8 
216 153 470 
28 489 92 
179 48 473 
428 98 284 
53 412 123 
344 325 189 
407 297 489 
393 370 202 
495 117 422 
152 365 355 
369 5 467 
376 226 288 
142 8 25 
339 62 148 
149 211 206 
400 432 305 
465 281 202 
490 216 31 
182 197 167 
308 83 333 
346 147 42 
78 402 367 
62 373 348 
42 397 383 
26 367 457 
27 244 3 
275 244 39 
6 99 375 
362 370 26 
111 245 108 
474 62 307 
423 80 259 
19 333 224 
190 203 370 
162 464 414 
468 196 210 
488 250 493 
477 316 493 
272 118 223 
304 382 164 
292 364 382 
279 464 488 
175 25 26 
232 145 16 
143 20 36 
31 81 120 
199 241 147 
159 217 440 
3 104 150 
40 283 327 
368 217 421 
45 17 79 
413 98 61 
443 469 56 
18 399 472 
32 104 342 
344 34 362 
343 448 471 
95 102 94 
455 418 473 
350 25 391 
112 251 78 
389 183 22 
173 305 341 
82 362 285 
190 351 87 
182 23 139 
123 213 135 
143 150 324 
250 418 281 
386 364 253 
92 0 468 
459 116 236 
195 160 290 
228 488 369 
13 451 327 
347 107 256 
6 478 399 
464 152 280 
25 331 464 
27 351 315 
7 119 71 
81 246 421 
338 36 498 
253 15 188 
51 0 442 
100 256 299 
349 197 469 
24 213 315 
319 439 422 
197 465 340 
28 116 156 
216 410 493 
56 0 161 
198 446 39 
117 196 402 
441 101 323 
410 157 189 
406 434 206 
333 1 216 
164 54 1 
236 274 145 
83 164 304 
420 93 49 
378 24 378 
69 289 209 
201 406 100 
357 326 157 
33 43 249 
440 355 232 
484 338 136 
490 259 137 
416 449 499 
318 323 339 
452 393 316 
44 132 400 
79 225 494 
309 59 266 
324 20 449 
432 402 140 
88 282 434 
435 242 224 
400 124 111 
473 367 288 
445 126 419 
329 141 208 
408 407 73 
491 240 213 
416 142 28 
121 34 286 
83 12 397 
238 217 53 
93 10 68 
126 315 236 
173 364 279 
441 321 168 
483 49 314 
37 480 153 
186 346 211 
438 76 30 
201 326 275 
162 241 225 
259 277 239 
58 261 118 
63 407 107 
239 267 44 
250 470 443 
394 466 436 
131 169 124 
154 426 200 
130 496 121 
201 311 422 
57 190 381 
139 24 354 
473 4 340 
410 147 41 
447 223 215 
107 428 244 
168 210 217 
157 407 171 
107 28 247 
490 78 101 
297 238 61 
178 51 438 
198 156 196 
104 170 320 
167 385 362 
146 444 4 
499 135 135 
316 40 251 
358 488 206 
229 100 478 
228 476 157 
132 208 128 
97 111 218 
206 221 483 
165 377 168 
21 316 240 
19 136 244 
182 385 457 
299 313 18 
98 360 72 
423 134 383 
420 21 471 
471 473 15 
302 441 62 
220 348 444 
434 410 43 
194 463 430 
279 454 149 
220 251 178 
357 266 47 
433 52 361 
67 147 371 
332 76 158 
280 65 187 
226 350 26 
88 491 499 
25 408 22 
167 429 426 
150 197 89 
440 490 274 
258 17 429 
22 89 321 
133 123 419 
29 492 230 
111 186 273 
249 226 25 
312 199 61 
143 198 226 
414 207 328 
470 280 137 
129 23 187 
64 3 278 
449 380 323 
358 288 284 
202 434 268 
38 458 462 
53 461 205 
63 241 194 
249 417 428 
433 279 343 
246 374 297 
378 76 262 
64 154 280 
363 279 83 
247 29 108 
313 74 472 
69 215 69 
283 399 478 
11 91 462 
440 164 221 
376 181 117 
454 453 326 
326 189 175 
253 46 167 
468 137 439 
10 273 351 
331 180 487 
259 169 68 
301 376 110 
351 168 99 
8 13 371 
343 385 491 
169 439 164 
4 274 241 
86 352 311 
322 396 313 
102 35 165 
330 206 2 
479 47 144 
339 301 14 
356 334 476 
380 475 238 
388 479 105 
177 327 204 
258 102 417 
10 386 417 
175 181 55 
13 250 294 
420 316 487 
64 120 476 
357 408 219 
57 323 42 
233 461 249 
355 213 287 
257 439 10 
373 124 252 
206 401 307 
70 455 26 
67 171 420 
148 465 399 
204 478 47 
296 30 81 
85 207 249 
441 128 203 
290 67 93 
99 76 154 
221 160 208 
400 4 289 
215 182 164 
398 282 188 
110 433 453 
42 357 159 
79 404 171 
152 150 189 
280 34 254 
328 144 12 
397 16 77 
460 455 269 
123 177 207 
324 257 191 
262 495 150 
324 450 275 
96 97 372 
207 272 328 
185 114 423 
73 111 282 
40 316 236 
96 212 112 
155 336 212 
190 198 448 
174 442 64 
317 91 183 
193 171 412 
330 60 387 
236 324 129 
179 351 56 
488 409 345 
329 94 413 
486 70 240 
357 41 489 
29 63 191 
62 285 466 
404 155 252 
394 41 265 
40 442 484 
274 179 217 
217 443 285 
373 150 410 
459 191 279 
369 130 383 
260 0 371 
373 232 96 
228 118 446 
250 23 21 
495 256 402 
133 400 352 
135 108 25 
498 271 198 
91 7 55 
352 59 60 
225 256 437 
10 210 185 
180 444 80 
285 203 487 
480 220 493 
329 379 357 
470 297 33 
499 263 224 
284 48 133 
57 337 149 
33 236 10 
191 371 368 
256 124 225 
134 427 155 
399 222 40 
174 413 17 
496 12 185 
118 308 338 
459 114 225 
231 331 59 
153 249 247 
320 272 456 
186 471 49 
121 461 298 
473 401 392 
156 486 223 
70 287 84 
480 338 298 
21 466 41 
216 111 28 
13 397 429 
69 259 266 
379 235 63 
64 86 269 
418 491 192 
465 17 272 
64 136 167 
445 467 143 
415 469 315 
203 249 458 
377 169 88 
264 327 144 
123 332 395 
432 229 363 
427 248 358 
218 493 60 
155 386 175 
337 489 373 
49 319 139 
275 12 88 
351 292 67 
291 268 10 
440 284 385 
475 472 367 
205 210 276 
56 338 59 
121 346 280 
202 195 229 
89 192 254 
231 375 221 
305 46 486 
481 285 462 
383 85 435 
257 186 115 
306 357 102 
387 264 472 
154 38 103 
467 364 273 
395 180 293 
370 203 298 
274 61 361 
180 92 138 
164 166 488 
85 453 480 
50 12 202 
184 472 153 
96 178 190 
94 443 68 
190 354 336 
232 282 98 
370 158 197 
14 434 382 
99 31 334 
140 176 368 
258 160 9 
169 106 13 
28 168 23 
250 398 372 
377 183 226 
369 353 74 
60 254 21 
106 399 413 
205 466 384 
232 157 218 
437 32 377 
218 459 403 
368 396 333 
369 462 169 
438 73 389 
333 212 179 
335 73 179 
492 67 181 
140 192 437 
213 380 168 
8 93 462 
20 295 454 
72 270 35 
293 183 183 
441 443 97 
250 219 159 
254 398 278 
330 6 281 
200 305 97 
66 143 366 
285 292 83 
82 244 165 
300 231 476 
494 303 377 
219 406 407 
55 225 218 
20 107 421 
320 334 208 
359 140 64 
313 157 75 
187 98 92 
152 150 39 
282 442 235 
169 490 67 
45 178 57 
46 297 469 
88 39 411 
407 179 145 
46 89 121 
303 143 9 
113 392 133 
64 265 488 
169 494 133 
487 221 58 
