1000
3
229 438 88 
269 76 196 
233 269 14 
366 7 224 
188 243 206 
440 165 470 
175 469 256 
437 315 364 
490 329 117 
127 77 373 
133 128 195 
341 107 84 
166 74 229 
60 484 315 
5 354 217 
87 23 382 
368 194 343 
211 91 429 
8 446 67 
447 364 250 
199 286 420 
79 361 91 
352 274 47 
206 25 201 
437 102 91 
408 201 273 
73 331 31 
411 199 2 
146 258 299 
396 472 127 
125 160 74 
439 286 328 
221 209 140 
144 298 256 
323 149 268 
80 144 343 
431 395 379 
428 389 242 
496 160 217 
302 390 299 
318 89 271 
477 229 274 
461 22 131 
454 87 61 
402 188 284 
411 393 356 
112 39 324 
383 400 200 
335 151 217 
279 416 171 
314 153 467 
483 319 201 
313 486 210 
401 181 103 
244 335 40 
258 409 428 
457 440 249 
96 493 15 
150 407 387 
138 479 344 
70 244 92 
257 498 423 
73 8 54 
7 345 413 
245 96 219 
481 364 370 
260 491 35 
453 136 113 
419 186 324 
246 211 102 
397 119 369 
433 214 109 
120 317 304 
462 368 245 
246 359 402 
489 453 222 
153 265 38 
308 51 462 
240 376 289 
61 426 28 
391 275 156 
168 279 6 
170 77 119 
3 385 99 
215 348 174 
259 409 293 
274 108 381 
458 492 32 
133 492 499 
300 474 454 
295 110 233 
159 23 363 
28 219 254 
109 270 367 
83 370 378 
265 155 212 
33 48 257 
301 470 124 
232 395 442 
339 189 116 
285 386 241 
19 55 44 
439 316 490 
84 495 202 
197 193 106 
441 274 494 
74 278 466 
284 107 379 
465 293 96 
215 233 371 
275 62 367 
426 19 459 
160 99 292 
207 87 246 
386 488 269 
270 35 66 
15 25 392 
33 196 39 
415 468 338 
109 386 498 
430 299 152 
172 260 293 
417 219 337 
259 301 128 
16 304 78 
62 301 238 
482 214 353 
165 211 314 
67 334 274 
77 204 14 
332 68 361 
104 201 175 
159 255 447 
10 456 313 
74 322 265 
6 478 468 
281 405 342 
325 435 262 
129 433 300 
108 359 82 
236 177 129 
180 131 41 
378 379 90 
396 269 213 
203 125 288 
295 262 444 
460 14 493 
134 332 459 
127 60 372 
229 346 254 
387 291 278 
295 324 26 
359 283 466 
472 31 452 
447 143 274 
198 151 369 
378 6 374 
5 330 110 
411 28 215 
203 242 94 
38 416 133 
316 454 471 
459 31 318 
198 165 114 
255 152 121 
336 483 401 
102 5 247 
352 478 157 
3 25 196 
120 367 228 
413 129 55 
381 270 280 
444 13 192 
110 470 465 
193 385 5 
194 67 41 
236 102 481 
179 135 423 
107 225 480 
346 295 463 
273 478 119 
177 460 390 
173 485 379 
249 133 95 
113 185 307 
81 55 200 
229 189 48 
188 341 112 
98 286 76 
57 82 250 
299 277 379 
345 318 494 
264 91 435 
54 76 223 
153 67 234 
62 21 161 
103 445 379 
281 192 388 
318 354 174 
368 167 377 
96 336 440 
357 486 413 
268 333 248 
467 367 278 
91 300 164 
238 102 135 
419 251 386 
213 341 24 
430 474 463 
97 457 159 
443 383 462 
9 459 217 
418 166 468 
473 478 191 
450 262 184 
202 474 318 
220 441 156 
289 240 140 
272 407 488 
265 265 267 
429 71 248 
364 12 105 
23 27 491 
472 98 375 
73 319 12 
115 387 463 
194 70 144 
424 445 477 
77 267 482 
24 349 482 
443 35 495 
454 446 54 
335 200 177 
401 489 224 
317 498 10 
58 408 11 
219 102 398 
183 34 255 
29 185 464 
340 468 286 
346 25 490 
493 450 373 
337 348 306 
297 433 213 
63 140 255 
22 487 473 
250 291 101 
363 269 403 
419 279 129 
402 450 69 
186 18 134 
305 261 320 
441 493 148 
251 429 141 
482 448 346 
250 251 384 
470 259 116 
463 469 350 
335 94 417 
160 468 440 
271 33 89 
307 345 435 
481 278 299 
277 485 474 
400 239 221 
310 394 421 
325 44 406 
162 151 275 
495 347 476 
410 159 189 
195 343 431 
44 463 138 
331 74 94 
341 329 229 
423 93 220 
236 281 335 
26 161 289 
32 212 219 
425 123 194 
95 196 145 
302 467 482 
335 221 258 
253 21 85 
64 379 198 
27 317 82 
397 308 32 
171 439 316 
398 398 30 
27 25 322 
62 103 157 
207 83 220 
278 32 488 
375 144 56 
207 10 10 
416 57 92 
289 234 326 
333 194 34 
1 414 397 
446 166 51 
54 417 490 
138 484 409 
395 320 245 
65 170 431 
144 410 201 
202 403 350 
258 58 245 
240 270 209 
287 166 239 
177 468 244 
159 40 171 
459 57 411 
334 310 329 
138 389 194 
304 461 404 
81 170 489 
233 225 289 
339 438 130 
263 18 139 
189 372 389 
229 232 281 
87 24 439 
145 102 267 
342 474 427 
441 199 488 
307 446 411 
271 388 349 
304 162 144 
159 445 117 
276 98 289 
171 57 223 
202 493 115 
464 46 456 
266 313 230 
314 229 139 
435 44 0 
488 206 7 
114 23 463 
9 433 152 
349 7 141 
415 418 46 
387 278 34 
26 344 192 
375 431 164 
61 288 267 
199 160 478 
142 367 374 
332 482 344 
318 31 54 
13 21 70 
417 463 98 
357 79 265 
98 436 273 
138 407 319 
190 320 316 
241 263 470 
231 269 144 
29 310 371 
41 308 11 
476 472 373 
458 140 64 
425 337 81 
87 316 199 
125 177 266 
146 10 181 
194 81 357 
202 484 350 
252 191 405 
245 206 263 
324 493 209 
149 58 319 
52 179 419 
58 499 426 
375 490 339 
134 431 53 
347 100 141 
8 304 246 
216 370 422 
51 469 452 
236 477 339 
321 443 131 
165 225 248 
239 22 449 
342 336 384 
26 391 137 
385 132 266 
499 191 21 
87 454 410 
127 260 292 
379 178 71 
238 306 63 
401 3 305 
98 221 291 
101 468 427 
425 405 78 
69 333 109 
470 112 238 
310 164 384 
395 166 160 
329 394 140 
170 190 30 
179 178 472 
422 373 232 
348 79 176 
157 458 485 
395 268 461 
387 50 408 
193 329 118 
365 472 303 
269 469 2 
421 400 291 
88 434 116 
404 143 434 
80 50 163 
212 3 456 
70 300 470 
416 136 86 
64 269 328 
475 261 165 
420 210 298 
396 258 188 
327 234 155 
345 297 74 
211 280 255 
136 359 237 
319 267 308 
101 105 344 
352 158 247 
298 137 62 
277 343 490 
71 54 167 
54 233 404 
456 358 183 
480 287 123 
440 297 370 
73 58 103 
112 79 146 
245 73 54 
60 264 195 
137 336 116 
378 324 218 
319 87 230 
478 289 302 
129 97 155 
405 300 290 
408 69 59 
296 207 391 
415 141 343 
352 323 171 
326 319 204 
374 255 164 
48 56 255 
59 113 317 
212 478 208 
155 361 128 
386 61 62 
231 383 63 
208 458 194 
112 45 316 
49 4 409 
383 253 465 
177 125 184 
436 166 12 
423 424 93 
90 71 180 
367 314 327 
467 168 166 
67 458 101 
110 417 445 
483 65 53 
114 290 367 
345 159 33 
455 350 130 
486 286 281 
432 166 221 
190 224 91 
485 186 127 
470 349 1 
241 390 10 
462 433 395 
107 444 357 
148 274 39 
245 458 495 
472 463 77 
329 310 209 
397 279 357 
92 219 98 
437 400 428 
104 44 132 
19 196 33 
460 247 346 
268 462 287 
409 252 387 
53 406 413 
115 454 412 
87 383 132 
465 396 443 
391 476 224 
431 141 187 
407 472 345 
429 430 346 
496 366 95 
148 203 344 
323 389 94 
87 128 472 
85 451 92 
214 64 93 
199 449 265 
224 425 97 
215 99 480 
65 339 361 
323 83 406 
56 439 248 
137 202 69 
126 357 494 
47 248 295 
200 356 26 
252 357 130 
327 207 142 
473 460 200 
110 70 290 
1 139 495 
95 236 210 
86 189 380 
44 193 288 
137 347 205 
367 451 133 
412 487 159 
347 421 88 
356 173 170 
97 37 358 
240 195 40 
8 336 149 
52 442 439 
331 88 158 
312 413 271 
50 17 484 
133 414 139 
281 420 185 
288 297 229 
358 380 296 
73 94 420 
393 167 267 
314 407 304 
363 209 295 
366 7 98 
167 259 132 
161 207 178 
21 6 147 
296 390 111 
305 464 169 
94 257 82 
426 121 455 
14 137 186 
247 221 277 
10 308 429 
32 350 56 
277 359 236 
133 144 420 
468 55 211 
267 114 344 
343 405 133 
464 354 110 
391 205 349 
442 39 347 
434 389 373 
251 393 13 
168 462 460 
173 482 489 
329 411 206 
387 16 30 
258 191 301 
251 80 332 
90 494 158 
308 341 386 
31 385 449 
221 5 255 
362 25 405 
479 170 349 
243 188 181 
100 167 376 
85 245 109 
2 67 114 
132 107 273 
275 158 11 
137 92 247 
354 312 371 
52 409 329 
221 181 0 
5 219 463 
41 166 189 
4 438 496 
206 40 143 
0 480 52 
328 81 71 
30 371 125 
13 265 331 
368 190 125 
312 297 89 
159 441 194 
419 42 292 
158 486 464 
105 238 191 
51 128 292 
467 373 26 
184 92 316 
151 342 176 
389 218 121 
174 340 384 
422 204 463 
58 396 269 
335 386 192 
85 28 361 
59 187 235 
373 19 479 
166 218 439 
377 175 331 
299 98 230 
48 475 79 
329 194 192 
147 75 22 
493 458 292 
386 265 264 
239 334 330 
342 86 57 
426 153 152 
13 358 278 
395 16 296 
367 213 400 
29 241 256 
17 48 409 
384 215 139 
449 493 57 
208 111 42 
76 8 213 
126 332 40 
281 471 365 
429 131 124 
486 21 263 
381 472 216 
216 105 361 
173 284 29 
408 159 381 
324 354 173 
255 165 367 
366 114 273 
55 373 203 
70 211 255 
441 298 183 
135 289 131 
283 324 33 
176 151 392 
73 379 180 
149 8 378 
133 180 496 
43 234 113 
71 253 273 
305 174 421 
319 305 274 
442 185 13 
93 226 216 
381 467 353 
355 459 47 
461 249 64 
290 203 47 
457 162 164 
111 40 71 
292 147 257 
127 317 445 
183 320 458 
324 363 41 
111 461 463 
262 24 271 
164 304 116 
25 430 173 
387 435 85 
124 229 168 
409 270 276 
475 44 333 
310 4 45 
486 239 255 
241 135 357 
316 157 246 
181 173 450 
497 327 125 
177 330 370 
146 451 75 
194 67 2 
264 431 196 
411 258 303 
438 94 292 
137 218 256 
151 129 366 
176 483 468 
253 314 114 
200 481 310 
282 48 387 
48 259 482 
142 473 85 
455 336 116 
495 309 146 
484 174 84 
410 115 491 
470 20 344 
209 261 162 
222 242 75 
177 124 124 
386 118 486 
483 118 154 
170 26 2 
107 329 71 
3 171 329 
45 21 342 
362 425 181 
244 105 269 
140 176 217 
29 453 205 
293 496 170 
180 447 364 
249 31 491 
1 302 85 
129 208 130 
495 130 319 
490 147 402 
342 130 247 
442 389 449 
396 252 309 
329 445 335 
302 145 256 
107 369 312 
173 470 280 
358 83 485 
163 429 184 
122 294 432 
148 118 237 
208 37 228 
383 304 253 
208 360 60 
101 83 22 
68 315 440 
335 458 436 
100 342 421 
277 411 235 
41 7 423 
137 52 245 
190 167 351 
222 39 58 
374 188 178 
7 134 177 
369 164 489 
200 156 134 
272 48 381 
363 93 449 
217 433 45 
144 491 136 
156 439 283 
335 132 449 
323 258 309 
260 157 277 
266 352 241 
89 37 439 
150 110 81 
296 449 387 
189 402 339 
225 238 359 
315 7 409 
17 243 291 
43 440 372 
244 470 21 
446 27 461 
344 494 487 
149 409 55 
74 134 482 
143 214 165 
437 55 239 
411 32 99 
254 184 363 
28 17 315 
101 365 310 
77 344 468 
201 338 275 
289 200 295 
10 49 366 
406 421 5 
421 325 496 
39 198 1 
447 114 53 
267 98 82 
77 468 182 
387 158 303 
360 115 19 
129 70 286 
151 441 456 
210 124 366 
156 485 411 
493 331 486 
306 275 236 
373 77 396 
374 143 361 
212 413 458 
386 422 134 
123 356 147 
174 457 341 
477 269 233 
314 38 240 
479 431 136 
121 397 481 
242 226 93 
45 417 170 
457 59 160 
155 482 444 
424 465 156 
476 400 177 
29 384 369 
81 83 17 
408 317 445 
291 140 430 
66 361 394 
59 403 365 
448 282 55 
175 355 197 
322 203 231 
369 219 89 
459 220 496 
293 15 215 
479 160 195 
404 333 279 
176 306 283 
78 226 93 
42 205 140 
14 314 250 
58 185 387 
488 257 487 
91 233 309 
227 48 9 
105 47 401 
348 41 63 
132 317 188 
370 348 214 
446 290 25 
449 368 7 
304 56 188 
104 45 229 
196 278 37 
400 186 133 
302 227 258 
10 433 129 
483 298 410 
366 160 102 
183 135 347 
436 115 289 
458 29 235 
141 246 30 
436 427 302 
239 424 228 
28 360 373 
311 121 227 
216 206 200 
231 223 19 
52 209 422 
306 181 236 
337 442 29 
255 243 8 
19 42 340 
331 269 293 
339 383 146 
35 207 133 
408 34 109 
16 216 137 
267 247 337 
195 44 310 
179 154 259 
166 104 345 
194 258 121 
194 68 88 
435 429 193 
321 46 405 
50 13 382 
188 444 119 
112 328 97 
274 273 121 
174 436 6 
266 24 299 
361 28 182 
326 180 61 
321 246 31 
250 327 128 
148 152 183 
200 287 457 
341 454 164 
395 94 60 
45 394 338 
439 73 128 
474 476 155 
367 302 370 
449 478 419 
281 324 308 
179 186 89 
182 293 116 
262 48 429 
154 403 240 
402 189 305 
14 442 73 
457 224 47 
149 394 94 
123 395 156 
179 294 493 
4 371 316 
435 277 144 
402 167 185 
217 311 367 
254 369 204 
405 57 258 
33 180 29 
62 480 275 
374 422 495 
264 104 202 
413 3 130 
269 95 201 
427 403 100 
496 11 380 
383 396 144 
427 70 53 
246 497 156 
204 22 89 
376 440 14 
66 316 451 
325 300 354 
78 257 407 
50 305 499 
341 264 319 
8 126 474 
2 286 495 
94 424 202 
312 182 231 
327 387 93 
74 116 67 
313 349 112 
137 267 209 
427 223 351 
114 374 187 
342 176 492 
455 311 17 
284 23 261 
341 186 110 
375 26 321 
366 125 92 
15 96 79 
293 101 17 
441 226 303 
472 317 414 
224 89 282 
219 99 417 
462 156 464 
432 399 230 
138 408 307 
120 219 320 
421 70 351 
321 353 144 
363 260 107 
96 437 79 
429 466 68 
194 255 49 
321 319 68 
224 429 45 
147 139 467 
81 283 471 
14 31 197 
264 384 223 
31 374 311 
402 379 64 
149 179 290 
486 83 112 
487 437 206 
426 135 141 
285 448 78 
322 307 149 
226 196 238 
144 269 394 
386 94 277 
299 220 155 
7 440 123 
389 228 73 
296 170 44 
414 490 300 
277 270 44 
420 32 172 
116 85 20 
423 10 335 
296 184 25 
304 268 2 
455 134 400 
174 395 248 
203 296 72 
131 194 194 
41 169 158 
276 447 441 
401 298 380 
192 313 439 
358 296 395 
371 270 91 
