1000
3
202 136 71 
260 431 20 
452 275 471 
334 202 484 
386 462 72 
35 237 122 
141 331 43 
314 337 464 
271 232 468 
321 426 152 
57 183 240 
428 91 223 
14 1 381 
206 52 101 
140 431 406 
86 240 143 
139 353 260 
318 50 29 
454 435 189 
303 51 352 
189 329 175 
339 28 331 
54 369 250 
285 468 154 
166 384 382 
184 20 314 
250 137 41 
321 368 290 
83 20 459 
256 268 243 
361 254 186 
292 362 151 
369 292 476 
0 268 5 
464 26 494 
411 245 349 
181 74 219 
296 322 241 
58 320 333 
445 64 316 
498 1 217 
40 365 498 
58 403 42 
424 366 67 
446 432 458 
403 463 374 
291 107 251 
230 287 376 
337 174 428 
17 164 391 
124 147 284 
157 227 224 
351 74 163 
98 385 19 
271 18 152 
190 442 85 
63 404 174 
251 158 343 
413 499 115 
396 80 423 
320 446 465 
288 362 167 
259 308 431 
384 256 68 
252 13 498 
133 433 487 
299 375 465 
82 53 188 
208 307 358 
262 369 95 
449 24 282 
123 160 448 
465 54 89 
462 361 425 
393 334 452 
146 309 376 
285 300 298 
37 44 432 
11 437 448 
1 73 104 
477 286 287 
10 78 72 
224 154 327 
260 310 440 
314 447 452 
151 413 497 
244 71 120 
260 411 340 
326 358 442 
204 215 210 
372 194 120 
294 22 378 
355 455 451 
259 201 231 
172 469 273 
269 195 313 
319 423 125 
22 187 423 
361 328 413 
67 74 439 
103 496 80 
63 290 7 
171 9 389 
100 169 322 
42 23 285 
292 443 192 
335 97 166 
384 273 381 
58 222 165 
420 50 436 
225 484 4 
414 400 16 
99 493 424 
2 77 314 
300 144 316 
238 208 255 
307 322 187 
477 214 248 
193 72 476 
92 215 388 
170 249 5 
86 164 408 
62 288 226 
244 199 32 
102 137 146 
84 122 426 
233 85 314 
157 300 453 
395 190 224 
75 349 157 
318 329 363 
342 28 220 
338 307 135 
73 441 483 
395 169 68 
301 243 439 
87 225 324 
425 415 244 
122 12 60 
163 226 42 
358 273 355 
83 490 123 
192 68 119 
153 279 107 
131 343 432 
151 144 74 
253 437 141 
161 94 105 
6 84 476 
315 391 292 
451 237 42 
277 114 429 
27 235 300 
253 401 440 
405 323 407 
364 386 188 
149 369 202 
197 138 38 
177 4 244 
147 483 241 
198 410 279 
252 41 148 
222 416 177 
155 356 239 
460 360 474 
97 55 158 
401 67 452 
269 166 71 
371 202 463 
474 316 228 
67 479 95 
240 346 12 
260 82 280 
203 338 283 
65 470 247 
68 453 280 
217 489 462 
376 216 491 
262 76 193 
207 403 191 
459 127 55 
272 480 216 
277 383 350 
276 180 263 
85 59 233 
150 374 432 
471 64 466 
36 439 298 
458 409 130 
76 110 394 
85 171 207 
201 348 357 
322 236 123 
282 8 60 
161 427 381 
186 498 246 
154 68 20 
446 426 56 
278 55 248 
1 250 298 
443 163 185 
458 247 5 
254 241 405 
1 352 350 
477 252 76 
200 148 474 
134 228 478 
212 408 354 
109 189 86 
438 433 370 
229 103 323 
334 88 32 
417 407 76 
157 145 378 
192 97 90 
168 185 418 
380 77 63 
487 254 49 
58 135 271 
346 399 267 
194 189 388 
378 180 138 
476 241 281 
327 223 280 
98 106 375 
92 310 294 
399 411 278 
267 217 143 
183 318 410 
358 332 417 
297 314 414 
317 203 243 
177 369 447 
193 171 410 
67 475 480 
204 329 60 
441 408 319 
486 335 310 
62 184 476 
416 282 322 
240 492 305 
387 414 74 
101 144 138 
325 444 44 
308 175 83 
474 323 317 
439 219 8 
274 160 45 
225 44 251 
191 50 477 
100 236 383 
96 177 270 
16 268 415 
170 130 66 
11 466 28 
46 428 152 
50 21 83 
487 58 434 
327 364 161 
395 145 430 
232 327 65 
343 128 421 
439 455 239 
116 444 148 
34 298 220 
475 270 452 
405 317 227 
128 303 470 
415 330 228 
388 342 325 
182 354 387 
389 240 68 
209 374 306 
98 128 193 
474 39 251 
187 471 255 
118 116 315 
130 448 65 
354 474 116 
301 383 169 
482 366 132 
411 334 204 
458 278 436 
416 486 27 
94 115 82 
266 411 390 
61 266 121 
162 194 387 
387 233 312 
241 201 27 
479 310 20 
468 18 405 
221 483 415 
342 318 188 
295 290 310 
434 283 251 
491 475 268 
460 50 318 
490 491 478 
160 441 173 
76 301 109 
112 355 429 
1 80 173 
10 262 63 
7 35 241 
179 267 59 
395 118 295 
142 178 430 
385 321 222 
179 22 58 
406 316 0 
142 212 146 
181 234 7 
289 21 117 
412 22 72 
132 257 462 
161 37 339 
380 211 454 
498 218 91 
122 339 394 
131 50 337 
388 218 430 
461 345 236 
211 133 142 
497 173 429 
15 343 286 
418 183 317 
180 74 160 
43 109 280 
361 487 113 
444 9 69 
190 8 272 
84 141 128 
280 146 88 
408 452 158 
292 20 325 
105 304 163 
22 138 349 
401 319 447 
453 28 480 
190 79 75 
435 108 144 
450 83 181 
156 153 328 
381 228 487 
192 472 157 
490 96 117 
275 42 280 
377 295 464 
169 54 175 
467 469 239 
127 309 361 
72 377 31 
31 422 206 
159 300 234 
468 198 204 
285 493 31 
109 93 291 
251 159 449 
262 467 125 
350 166 287 
429 278 257 
469 302 432 
352 479 339 
362 155 206 
165 433 20 
53 325 424 
242 362 232 
376 307 328 
380 66 422 
481 212 234 
0 354 249 
348 185 497 
427 374 83 
123 447 374 
420 232 346 
470 384 108 
16 234 367 
472 72 113 
448 110 296 
101 308 22 
241 133 155 
55 127 228 
84 430 215 
128 124 57 
443 93 312 
299 296 297 
236 200 399 
285 88 225 
397 410 263 
210 277 81 
451 276 308 
64 396 90 
441 267 57 
255 75 392 
12 199 123 
484 79 372 
258 10 155 
211 408 365 
190 380 165 
173 13 455 
460 215 259 
233 411 127 
194 371 65 
276 420 413 
259 216 107 
356 23 9 
73 250 249 
12 90 479 
129 16 228 
206 53 239 
221 485 410 
286 45 426 
171 359 303 
98 281 44 
257 112 214 
129 45 276 
78 91 355 
82 433 409 
217 283 280 
289 426 354 
372 100 294 
236 397 450 
400 74 487 
166 133 208 
431 450 353 
415 348 175 
97 291 462 
147 128 132 
361 191 480 
271 416 313 
304 254 115 
464 407 264 
195 272 168 
382 448 212 
341 235 277 
438 195 36 
286 126 28 
9 250 299 
20 383 201 
340 62 7 
212 246 15 
8 193 195 
421 49 222 
143 209 250 
17 407 31 
405 490 317 
412 228 128 
246 434 215 
358 43 84 
288 202 274 
116 472 358 
208 2 272 
156 13 248 
104 228 72 
224 429 379 
466 407 245 
45 394 242 
322 405 95 
95 167 15 
174 195 463 
68 422 106 
276 85 153 
313 399 448 
202 107 263 
63 58 256 
392 117 193 
432 259 316 
349 331 440 
21 33 330 
351 203 356 
321 267 34 
84 112 425 
128 8 497 
225 458 338 
88 172 141 
97 109 255 
329 335 363 
91 150 387 
498 338 78 
192 72 142 
31 473 394 
37 357 172 
398 458 237 
98 93 106 
141 376 129 
450 133 50 
352 5 199 
454 476 338 
355 384 240 
366 453 127 
329 348 479 
387 199 461 
296 318 439 
471 143 369 
413 357 42 
410 423 257 
314 177 324 
139 152 12 
295 350 318 
314 152 422 
16 440 125 
337 331 267 
251 234 420 
454 124 76 
26 417 213 
331 237 430 
497 450 394 
292 177 397 
204 186 164 
97 385 364 
454 134 167 
277 16 390 
115 79 326 
325 88 72 
97 349 314 
153 6 63 
433 410 493 
463 224 169 
439 54 54 
304 282 254 
163 275 306 
204 337 215 
249 117 340 
158 293 74 
221 11 238 
403 307 477 
59 150 438 
444 381 310 
163 408 499 
39 262 334 
326 113 348 
33 485 442 
235 354 149 
184 496 121 
406 84 394 
97 434 92 
396 486 92 
436 321 453 
138 486 421 
32 352 119 
241 264 180 
110 16 433 
17 92 489 
50 32 370 
340 371 375 
472 312 336 
287 166 259 
355 366 393 
254 465 248 
491 397 77 
234 380 107 
290 216 282 
487 188 13 
52 238 475 
50 47 201 
104 368 125 
274 118 103 
288 123 480 
499 312 308 
232 363 485 
151 348 369 
28 51 468 
165 79 417 
217 150 108 
182 89 123 
463 265 189 
195 305 93 
25 271 410 
252 258 241 
21 304 98 
350 72 319 
52 342 231 
94 454 208 
23 350 213 
162 432 58 
108 354 158 
489 62 90 
437 377 2 
146 148 170 
28 228 490 
333 87 126 
92 469 125 
84 230 427 
299 245 213 
90 467 440 
445 293 272 
16 153 42 
477 305 88 
261 377 242 
435 46 287 
374 433 188 
446 7 282 
441 472 248 
441 455 113 
272 157 257 
247 316 283 
332 220 425 
26 310 153 
266 216 397 
402 485 357 
354 490 373 
311 148 117 
177 405 275 
301 488 132 
369 110 221 
499 199 198 
323 138 27 
114 348 159 
3 295 187 
310 446 77 
188 480 71 
458 117 255 
286 302 212 
437 495 466 
226 478 34 
364 31 227 
328 491 144 
145 69 452 
343 215 163 
173 191 90 
472 10 178 
203 293 18 
168 494 73 
319 259 166 
257 414 21 
156 89 237 
131 190 389 
187 471 145 
27 456 212 
138 316 334 
246 231 194 
60 105 138 
108 158 424 
284 6 378 
383 180 353 
290 390 313 
215 74 317 
406 276 13 
256 101 124 
440 472 189 
488 11 209 
198 201 113 
31 453 376 
271 172 188 
440 132 288 
83 451 232 
364 466 135 
279 337 317 
438 446 444 
135 272 85 
67 250 13 
119 319 354 
460 279 465 
360 262 144 
468 255 240 
225 149 360 
171 47 103 
331 298 240 
262 198 199 
264 410 9 
349 71 144 
215 150 239 
68 36 327 
84 87 368 
488 453 341 
393 26 457 
124 133 157 
400 455 396 
76 145 381 
289 404 242 
310 47 424 
402 85 194 
42 62 76 
348 80 190 
205 400 87 
355 198 197 
49 124 427 
148 282 62 
48 148 380 
402 266 258 
315 325 377 
486 187 282 
144 273 91 
96 356 417 
384 350 2 
103 260 318 
451 480 169 
358 71 164 
84 146 463 
360 242 246 
213 434 209 
47 65 162 
226 255 90 
307 472 42 
419 285 38 
488 16 343 
97 109 216 
490 495 439 
80 221 420 
219 8 231 
367 343 322 
35 371 484 
24 154 445 
376 158 193 
257 91 217 
285 492 116 
217 231 215 
24 174 90 
31 14 325 
264 474 49 
481 294 443 
331 20 271 
167 179 282 
80 342 151 
466 421 330 
232 259 88 
406 34 65 
324 379 475 
484 429 396 
89 324 75 
35 213 304 
453 333 276 
304 153 495 
64 126 61 
372 462 404 
140 70 476 
316 0 85 
10 58 284 
255 411 290 
475 91 214 
3 392 485 
370 168 451 
326 96 14 
85 485 476 
499 260 177 
159 385 283 
371 351 68 
302 140 448 
410 285 109 
448 317 371 
387 415 303 
473 301 365 
313 33 1 
308 122 227 
195 330 444 
299 297 40 
493 473 124 
466 431 385 
484 424 386 
245 271 388 
144 126 468 
54 116 128 
488 105 68 
67 471 340 
204 167 463 
210 346 179 
237 238 187 
298 337 428 
210 66 401 
321 298 106 
51 50 299 
120 348 28 
77 180 292 
138 327 268 
183 268 479 
186 179 173 
479 383 185 
262 177 346 
334 190 396 
225 354 337 
114 271 308 
379 362 388 
64 421 459 
222 67 377 
132 73 134 
368 148 214 
382 350 366 
304 428 78 
25 417 267 
63 201 449 
115 82 237 
105 245 473 
330 487 387 
465 78 400 
223 38 443 
446 423 88 
107 149 475 
270 379 122 
254 398 300 
260 416 287 
218 303 481 
37 285 98 
0 388 102 
112 387 224 
434 11 258 
171 363 498 
199 300 499 
246 20 236 
407 316 384 
136 30 353 
265 475 366 
359 420 382 
292 332 184 
163 194 172 
348 342 311 
220 299 6 
452 102 481 
452 242 129 
132 73 453 
59 458 223 
218 234 50 
275 81 464 
231 418 418 
49 356 418 
91 151 275 
438 496 118 
405 103 154 
38 358 259 
102 178 166 
20 421 407 
111 419 373 
498 491 389 
179 347 11 
343 473 195 
174 329 488 
185 471 294 
130 81 134 
37 497 261 
41 3 88 
30 12 345 
16 111 220 
447 371 269 
237 227 109 
272 183 109 
7 213 133 
417 289 21 
313 69 153 
317 132 420 
114 4 91 
158 484 363 
17 17 232 
84 416 193 
408 311 306 
405 138 86 
408 206 453 
139 433 66 
122 396 465 
310 141 247 
73 449 292 
15 464 77 
377 431 117 
35 467 94 
236 39 324 
457 191 322 
282 210 21 
273 443 422 
30 467 368 
89 414 462 
445 221 376 
63 384 461 
263 60 245 
245 156 472 
161 240 131 
474 14 65 
140 410 446 
367 167 410 
133 384 31 
276 58 249 
304 438 75 
393 381 174 
4 439 280 
31 490 5 
258 227 372 
331 206 431 
123 413 118 
286 228 259 
145 296 191 
11 298 102 
140 156 256 
208 61 273 
235 23 330 
89 277 290 
373 19 334 
288 466 483 
484 36 7 
56 3 425 
38 88 136 
321 140 281 
314 112 151 
30 166 349 
327 163 400 
213 297 498 
11 389 449 
476 202 152 
6 63 494 
306 54 122 
40 263 112 
66 475 111 
129 216 207 
474 66 58 
401 217 399 
50 71 433 
342 403 256 
64 104 262 
221 210 445 
324 327 156 
255 375 286 
393 300 274 
435 427 258 
83 373 45 
153 97 162 
316 312 323 
256 94 488 
339 300 107 
128 323 267 
447 318 118 
480 40 432 
376 83 351 
304 256 204 
365 458 315 
324 56 356 
90 256 93 
253 192 383 
361 495 352 
414 237 266 
470 209 434 
197 96 445 
161 375 391 
296 295 80 
8 129 49 
103 474 176 
164 32 182 
392 450 111 
339 244 97 
371 116 239 
100 46 47 
453 155 390 
403 213 463 
329 258 90 
79 246 73 
162 63 15 
194 362 272 
104 325 13 
301 453 414 
139 462 77 
99 166 298 
111 362 336 
19 101 54 
308 197 409 
251 75 467 
60 308 252 
407 395 457 
332 421 148 
246 356 264 
65 119 4 
149 240 306 
32 369 11 
307 450 457 
135 403 28 
117 285 56 
433 426 237 
160 103 377 
55 113 283 
470 264 6 
180 449 469 
377 423 101 
80 93 324 
199 336 339 
275 362 411 
28 42 337 
407 189 123 
240 305 435 
86 453 382 
65 335 67 
453 5 238 
178 194 457 
440 262 237 
272 459 53 
151 272 195 
441 230 437 
468 142 468 
368 48 378 
85 142 93 
90 337 305 
416 341 110 
450 9 41 
488 317 143 
289 140 490 
277 375 87 
368 375 190 
347 139 22 
292 480 346 
130 87 364 
8 470 466 
401 274 307 
59 491 258 
270 199 219 
402 68 14 
368 196 49 
