1000
3
253 113 411 
229 311 497 
374 74 135 
198 96 1 
237 462 483 
220 343 262 
9 67 167 
183 210 155 
308 123 63 
451 197 437 
311 278 324 
311 384 93 
70 398 171 
304 20 204 
194 221 252 
274 215 142 
478 271 89 
297 25 381 
18 481 474 
255 156 199 
359 480 6 
159 377 188 
268 401 196 
122 304 172 
136 438 71 
219 281 144 
86 243 141 
77 102 253 
439 411 3 
464 132 337 
226 319 145 
436 279 217 
419 405 170 
274 367 415 
135 315 310 
485 247 225 
66 427 250 
431 240 357 
439 330 132 
185 150 75 
35 113 318 
141 400 426 
306 432 475 
73 51 406 
292 123 17 
120 443 304 
52 24 145 
180 305 271 
429 7 92 
230 22 103 
285 163 326 
65 316 486 
348 336 115 
301 448 373 
31 74 151 
4 254 231 
430 449 103 
108 26 476 
313 370 414 
143 26 231 
175 261 341 
15 37 339 
227 286 25 
239 354 312 
166 253 260 
74 455 168 
302 121 407 
157 226 69 
7 24 201 
413 394 464 
469 247 288 
332 322 460 
261 347 235 
173 218 20 
408 423 393 
17 317 406 
281 326 106 
350 474 143 
281 291 186 
283 264 179 
486 199 44 
324 184 439 
429 493 361 
371 65 223 
0 242 199 
465 373 476 
360 117 289 
459 60 468 
111 421 219 
10 360 141 
140 24 493 
355 28 295 
201 445 276 
366 197 397 
297 276 7 
189 472 103 
323 47 109 
169 3 81 
73 445 91 
460 173 450 
53 286 312 
125 447 89 
92 101 21 
204 257 148 
258 61 458 
468 347 313 
427 459 475 
225 34 217 
27 346 126 
437 361 339 
451 327 461 
138 220 181 
444 105 413 
108 489 271 
306 170 414 
253 12 206 
424 374 389 
293 215 487 
168 268 280 
188 481 191 
314 24 471 
60 55 273 
35 313 452 
58 323 292 
261 359 388 
485 495 443 
420 344 241 
245 160 163 
225 273 241 
407 59 237 
416 39 320 
236 168 203 
341 260 427 
136 472 289 
344 379 396 
274 36 4 
165 35 2 
180 399 184 
469 428 60 
302 317 39 
432 248 341 
410 117 322 
156 318 213 
393 27 86 
463 58 235 
24 440 486 
84 147 26 
406 21 404 
294 41 65 
409 176 123 
59 198 291 
301 222 151 
380 188 39 
467 83 382 
407 296 218 
277 38 35 
235 138 190 
83 184 348 
18 382 10 
235 174 56 
70 84 164 
293 351 137 
273 114 430 
179 282 416 
313 42 239 
233 464 169 
237 411 322 
429 133 123 
434 57 64 
19 190 354 
286 365 40 
36 207 96 
106 490 384 
292 218 458 
305 498 477 
385 243 470 
357 38 165 
478 292 189 
288 156 209 
320 120 483 
31 14 291 
251 368 41 
105 127 370 
14 58 380 
220 302 203 
117 21 16 
39 306 445 
282 322 242 
59 238 353 
85 483 214 
313 238 437 
424 135 430 
226 56 157 
290 340 68 
114 227 40 
255 44 253 
298 177 343 
169 188 319 
339 384 25 
14 290 10 
218 387 320 
336 444 342 
288 134 409 
120 184 84 
39 76 286 
320 67 488 
233 322 227 
110 87 316 
191 309 357 
197 339 167 
161 472 150 
442 260 293 
272 466 84 
376 81 99 
153 443 73 
458 197 12 
24 286 154 
87 195 241 
159 122 285 
214 451 371 
141 143 285 
358 241 192 
398 204 88 
263 113 452 
394 321 457 
382 176 90 
350 374 131 
289 438 318 
225 152 475 
120 235 44 
121 55 130 
300 194 157 
177 24 322 
187 493 197 
189 69 344 
7 124 164 
425 208 171 
382 124 136 
346 254 350 
431 431 457 
495 219 129 
17 4 457 
103 260 345 
159 111 484 
215 384 223 
67 372 441 
381 358 224 
381 159 457 
160 188 233 
262 290 484 
372 86 75 
337 184 0 
189 26 138 
55 250 317 
429 381 342 
304 462 243 
69 23 340 
477 376 52 
174 218 450 
53 40 455 
432 244 344 
389 323 283 
457 210 6 
88 18 479 
434 218 329 
428 209 482 
56 228 224 
208 258 27 
418 189 448 
134 319 114 
290 310 382 
200 428 413 
53 432 317 
134 34 481 
295 208 371 
457 459 294 
10 332 64 
30 211 161 
155 297 90 
340 445 404 
489 296 188 
169 46 446 
240 27 255 
86 255 439 
443 255 405 
48 121 491 
186 316 315 
72 242 370 
96 406 398 
439 272 421 
321 236 18 
363 409 125 
201 420 65 
125 40 322 
436 63 487 
460 380 177 
454 423 34 
372 137 237 
146 324 410 
450 371 397 
4 448 27 
135 65 250 
250 374 391 
261 309 87 
116 212 475 
16 359 438 
356 483 380 
142 425 114 
235 339 191 
318 402 390 
384 23 469 
190 53 8 
387 250 210 
40 7 301 
145 104 304 
107 250 295 
263 224 205 
197 22 388 
188 464 407 
447 479 234 
203 42 122 
352 121 425 
327 27 130 
3 490 291 
298 129 418 
224 275 196 
193 248 43 
39 111 79 
360 4 425 
329 131 31 
333 412 281 
369 55 162 
470 147 291 
105 220 64 
126 218 260 
127 382 12 
5 175 317 
99 334 233 
362 94 87 
399 44 17 
460 332 217 
263 496 272 
211 423 92 
367 110 270 
305 170 425 
47 365 113 
271 223 467 
487 350 228 
157 132 402 
101 102 97 
436 131 98 
323 87 327 
385 466 13 
209 285 141 
376 213 311 
280 359 12 
61 258 391 
154 347 237 
431 367 404 
146 79 316 
177 498 246 
69 164 207 
491 45 87 
392 406 86 
23 94 1 
350 492 60 
441 387 459 
390 180 448 
475 112 8 
236 359 193 
265 104 337 
321 366 237 
431 372 161 
84 54 362 
70 351 408 
320 281 422 
391 99 463 
98 409 229 
420 373 251 
333 294 3 
446 216 25 
481 368 278 
170 376 167 
62 17 253 
422 216 367 
33 225 257 
12 328 189 
376 276 458 
85 331 341 
114 485 112 
13 147 492 
384 449 153 
420 355 41 
159 100 262 
112 339 424 
33 168 394 
353 371 207 
412 432 337 
473 340 79 
285 286 438 
363 489 376 
18 442 315 
338 70 453 
186 325 36 
418 94 148 
294 443 262 
115 83 367 
136 248 351 
34 243 309 
254 9 261 
226 213 140 
179 36 218 
196 2 252 
208 309 231 
178 460 460 
288 110 271 
335 178 328 
39 378 303 
92 64 211 
26 49 121 
357 61 219 
412 77 94 
172 485 453 
58 316 310 
350 104 441 
371 412 415 
58 409 261 
282 20 8 
123 369 372 
84 185 345 
68 164 304 
272 36 111 
313 376 353 
373 19 394 
372 424 19 
151 262 128 
220 471 32 
293 60 118 
279 405 234 
248 134 222 
282 37 195 
125 178 126 
72 421 456 
299 30 11 
184 398 61 
39 341 416 
144 141 184 
104 33 489 
84 381 64 
213 22 178 
487 214 245 
477 33 155 
299 451 25 
86 190 196 
216 347 201 
22 100 162 
75 433 243 
417 422 70 
347 168 145 
157 427 386 
413 29 176 
165 426 62 
279 290 242 
43 454 286 
427 250 330 
369 130 330 
51 410 153 
128 124 311 
328 98 363 
92 312 419 
94 438 69 
463 171 2 
18 400 188 
289 293 171 
23 14 128 
398 249 413 
406 459 344 
370 403 213 
43 425 235 
218 26 397 
152 154 170 
235 135 31 
346 50 96 
6 409 165 
130 350 256 
474 332 216 
245 294 211 
15 201 494 
74 98 79 
117 363 8 
422 44 453 
456 405 319 
355 469 287 
204 208 473 
390 375 37 
399 81 385 
248 355 405 
346 295 376 
116 359 292 
312 129 376 
168 463 16 
456 228 9 
335 47 64 
350 476 317 
127 289 446 
345 496 328 
150 459 347 
412 389 144 
243 49 311 
44 216 134 
60 67 77 
299 125 225 
228 367 383 
7 415 104 
491 56 143 
38 333 20 
221 53 75 
448 221 455 
386 419 318 
322 320 254 
371 458 285 
176 124 224 
71 356 281 
468 278 479 
268 133 470 
249 475 323 
52 296 457 
368 256 494 
206 131 352 
257 154 111 
366 332 43 
109 291 36 
223 466 236 
296 159 485 
199 111 111 
264 316 21 
412 260 119 
305 328 186 
125 414 246 
326 318 304 
469 73 8 
18 91 479 
219 99 295 
366 394 118 
211 165 131 
354 56 353 
436 355 492 
379 69 315 
54 412 166 
42 194 153 
484 49 280 
118 40 29 
367 375 232 
388 179 447 
303 413 468 
277 334 138 
362 236 108 
247 1 362 
374 458 150 
229 371 477 
497 62 47 
36 455 140 
253 356 476 
258 211 193 
393 477 54 
41 370 165 
335 446 74 
377 491 250 
246 241 352 
185 422 289 
268 128 8 
105 495 53 
497 46 87 
280 404 147 
92 305 31 
176 138 75 
374 460 394 
465 204 256 
385 288 316 
118 108 202 
416 292 421 
134 141 130 
195 132 68 
356 373 472 
281 195 138 
331 422 208 
341 410 267 
239 468 16 
212 362 453 
419 417 215 
265 159 377 
190 262 95 
10 236 8 
129 398 350 
257 404 39 
154 397 317 
53 413 78 
315 221 205 
164 48 146 
478 149 434 
288 20 396 
406 476 375 
100 332 351 
60 77 44 
92 388 486 
349 181 488 
202 285 474 
436 416 201 
348 60 143 
483 373 56 
88 274 237 
431 196 33 
263 324 105 
484 366 210 
147 124 6 
467 216 183 
203 492 389 
220 59 183 
137 129 253 
134 101 418 
306 404 14 
261 69 458 
114 13 316 
4 218 72 
389 233 429 
395 383 465 
407 76 281 
263 377 306 
289 332 196 
238 31 323 
13 317 53 
254 419 182 
175 441 225 
210 156 71 
495 263 231 
498 68 319 
108 464 195 
50 223 4 
62 27 264 
422 153 320 
62 140 0 
480 486 34 
47 438 467 
290 359 164 
210 69 57 
122 316 197 
212 353 417 
11 264 413 
190 444 14 
379 116 441 
412 244 158 
357 449 439 
292 485 146 
56 233 55 
464 455 388 
50 202 120 
5 353 52 
170 318 310 
174 4 473 
203 294 406 
308 445 445 
333 96 362 
373 365 388 
273 272 1 
314 260 241 
43 208 122 
52 201 141 
271 100 212 
287 45 245 
179 65 453 
16 180 445 
75 436 415 
411 218 115 
352 426 400 
433 260 73 
490 49 75 
187 270 317 
334 348 78 
377 204 115 
201 361 63 
96 177 356 
216 447 13 
300 103 376 
86 439 462 
366 305 433 
77 282 45 
189 433 373 
8 154 114 
347 304 411 
62 423 292 
422 259 496 
391 165 40 
458 121 107 
296 181 86 
323 249 364 
468 0 465 
486 5 305 
296 62 110 
368 41 164 
418 185 258 
139 356 104 
259 72 445 
160 162 453 
30 464 271 
472 133 329 
299 59 214 
78 395 112 
101 216 335 
181 71 142 
460 73 339 
435 460 327 
256 175 52 
89 37 317 
288 230 60 
180 491 212 
220 485 433 
160 245 496 
440 432 462 
263 375 171 
387 435 319 
330 209 322 
47 207 24 
288 222 178 
375 210 60 
315 339 277 
61 310 498 
392 192 427 
295 444 331 
270 164 245 
401 88 18 
409 296 469 
493 78 129 
150 152 249 
155 207 237 
106 443 241 
299 80 140 
393 384 385 
138 64 298 
95 25 191 
486 354 159 
240 477 290 
438 112 442 
438 468 73 
396 123 485 
224 273 59 
109 331 433 
5 56 117 
2 81 359 
102 148 213 
332 450 89 
112 22 159 
454 196 318 
194 466 107 
302 64 69 
238 248 98 
428 473 178 
371 164 328 
474 182 239 
68 177 434 
100 15 299 
483 356 200 
350 196 499 
450 14 428 
390 244 401 
239 85 279 
311 344 377 
137 394 231 
331 105 221 
196 313 441 
139 5 463 
375 107 235 
232 253 91 
308 159 207 
50 449 129 
338 190 113 
462 380 338 
2 61 395 
337 28 404 
421 414 376 
329 80 1 
296 219 378 
30 241 41 
124 256 167 
62 229 496 
417 401 396 
481 219 327 
178 410 348 
368 298 479 
34 375 26 
240 58 270 
10 478 166 
42 361 112 
53 151 84 
467 53 260 
215 499 208 
307 43 150 
405 492 66 
178 247 1 
266 72 468 
218 125 243 
396 2 279 
408 285 202 
54 372 495 
213 378 335 
333 474 121 
228 394 234 
266 137 435 
226 418 439 
42 133 4 
175 308 110 
494 416 64 
30 86 233 
170 393 227 
266 148 155 
273 211 20 
430 299 373 
260 207 366 
442 48 399 
104 36 145 
311 276 481 
304 24 338 
142 245 73 
304 71 433 
130 106 427 
291 47 19 
109 6 366 
376 22 345 
90 111 129 
454 225 38 
13 313 61 
105 167 393 
171 91 42 
479 268 448 
376 154 453 
265 322 356 
155 184 319 
339 29 386 
153 82 266 
407 402 55 
162 354 379 
357 89 316 
39 238 419 
55 427 307 
219 466 393 
33 27 342 
123 283 84 
269 130 363 
27 60 397 
50 28 165 
408 112 436 
114 209 157 
483 256 362 
389 484 176 
9 499 149 
56 318 69 
90 63 495 
217 421 234 
242 417 32 
354 447 493 
52 463 489 
157 202 164 
436 109 424 
214 292 160 
18 108 109 
94 371 235 
95 355 496 
146 218 329 
387 18 335 
438 144 104 
13 195 61 
82 39 25 
85 3 311 
58 328 405 
377 464 325 
321 318 177 
149 46 352 
211 152 181 
10 464 254 
101 393 6 
0 298 275 
356 488 433 
79 89 11 
442 90 35 
155 26 261 
145 438 349 
17 162 26 
355 396 228 
346 111 173 
20 229 40 
328 333 426 
36 256 237 
193 52 381 
329 214 459 
190 76 0 
301 120 499 
59 470 457 
16 51 194 
241 456 146 
204 167 159 
37 411 488 
306 272 311 
8 265 287 
32 189 233 
436 9 266 
326 260 352 
486 133 370 
174 475 127 
168 356 186 
341 456 79 
47 484 186 
193 300 291 
261 213 228 
393 299 273 
131 185 47 
4 119 256 
410 94 358 
328 254 491 
381 331 4 
52 486 464 
112 126 301 
12 263 175 
430 446 373 
427 423 211 
441 286 91 
460 174 435 
464 338 380 
101 22 496 
479 179 246 
221 160 3 
118 289 79 
160 302 6 
237 460 12 
228 308 425 
161 301 492 
96 385 375 
225 420 233 
444 423 377 
164 269 6 
273 331 264 
228 329 147 
91 36 233 
325 98 172 
93 72 428 
123 375 315 
299 125 154 
157 62 341 
390 3 15 
390 163 277 
446 153 305 
242 465 383 
277 371 408 
179 445 463 
444 243 5 
312 283 96 
493 348 67 
64 205 207 
341 192 149 
170 470 211 
463 362 72 
230 338 171 
18 6 347 
79 66 484 
475 419 89 
395 25 181 
30 421 348 
341 35 184 
256 410 219 
140 189 440 
429 447 172 
93 280 132 
18 145 65 
301 196 99 
90 407 197 
141 328 16 
396 107 175 
29 310 261 
486 82 204 
460 454 255 
202 351 489 
281 187 203 
387 107 268 
140 197 219 
308 231 75 
344 302 190 
245 125 467 
26 14 332 
276 381 72 
246 417 343 
104 147 168 
395 380 478 
351 380 348 
231 284 285 
7 385 74 
182 495 472 
398 237 412 
119 354 62 
69 158 163 
363 410 11 
117 404 429 
151 287 395 
