1000
3
405 343 342 
358 495 1 
48 138 21 
477 285 304 
217 376 378 
413 478 363 
48 158 63 
449 414 427 
492 151 385 
240 296 450 
306 48 9 
249 99 303 
251 30 432 
368 364 171 
350 320 300 
454 319 181 
49 244 272 
411 26 107 
255 292 206 
337 47 425 
168 365 446 
164 130 221 
135 49 439 
291 151 133 
25 250 14 
34 239 32 
283 246 244 
417 368 374 
175 39 203 
244 360 161 
15 124 268 
215 331 136 
184 8 86 
171 1 147 
227 100 324 
188 255 44 
383 43 234 
77 250 190 
439 247 133 
468 340 22 
309 91 26 
34 85 211 
225 267 402 
61 332 217 
464 334 1 
342 29 234 
489 323 299 
134 471 38 
95 9 90 
215 444 243 
292 390 451 
366 226 160 
237 262 251 
186 310 146 
58 486 385 
125 148 210 
392 416 398 
36 32 5 
431 360 62 
148 470 380 
109 474 260 
25 24 287 
385 8 163 
194 70 304 
266 61 34 
116 314 307 
325 158 53 
397 175 65 
209 496 298 
160 369 108 
48 215 287 
183 151 275 
306 150 202 
460 312 221 
57 106 148 
267 382 458 
207 412 372 
426 192 118 
405 52 454 
11 343 341 
366 93 315 
217 439 198 
394 483 91 
491 361 114 
207 223 253 
68 262 272 
405 264 475 
20 344 43 
253 24 435 
319 40 139 
451 44 282 
187 407 480 
280 185 469 
334 144 217 
279 348 20 
10 314 329 
157 159 403 
370 94 108 
402 37 303 
480 428 296 
342 403 53 
404 65 377 
36 98 434 
146 227 111 
305 50 350 
88 44 172 
287 17 297 
494 376 240 
116 7 378 
15 24 233 
443 46 185 
268 491 378 
447 313 78 
305 50 148 
249 479 230 
164 340 432 
39 248 429 
65 482 271 
276 490 226 
393 51 341 
182 138 201 
164 248 421 
62 433 352 
73 49 451 
111 152 467 
269 199 67 
28 199 127 
170 216 233 
60 227 228 
52 88 347 
106 364 238 
154 395 472 
455 106 225 
490 156 6 
422 178 306 
244 380 254 
331 405 330 
440 162 55 
375 328 255 
194 34 242 
273 220 295 
408 437 454 
278 217 279 
143 202 228 
11 191 476 
376 350 58 
393 18 392 
437 198 445 
192 294 80 
411 491 35 
340 172 297 
464 317 56 
321 378 16 
150 467 292 
222 460 133 
210 194 283 
16 5 298 
459 149 130 
232 173 44 
203 44 325 
459 463 357 
290 385 63 
133 461 35 
377 67 41 
4 250 429 
257 301 149 
402 69 3 
82 210 456 
5 301 312 
208 274 27 
494 490 93 
378 429 224 
80 390 83 
478 363 49 
142 57 325 
248 270 292 
381 213 36 
473 295 48 
174 187 61 
49 111 345 
303 328 292 
44 299 256 
256 443 50 
496 122 144 
496 96 397 
50 323 83 
358 489 347 
161 358 250 
172 231 310 
48 130 356 
272 418 398 
372 178 216 
175 97 475 
141 388 89 
35 14 376 
143 181 64 
216 393 156 
387 373 407 
221 354 376 
391 369 8 
234 120 211 
478 180 259 
470 473 295 
328 228 59 
81 150 206 
49 278 365 
72 75 491 
76 85 170 
345 293 250 
448 444 433 
356 343 214 
490 28 477 
472 455 418 
201 76 66 
301 377 206 
81 70 120 
177 140 300 
214 273 392 
361 296 368 
32 440 476 
318 452 35 
40 222 174 
467 323 174 
402 90 324 
474 183 205 
76 86 429 
220 248 343 
490 264 431 
464 55 195 
394 218 416 
367 102 97 
336 21 472 
210 112 264 
360 391 47 
207 455 345 
119 456 394 
210 55 392 
72 166 368 
451 429 104 
139 401 74 
167 297 219 
350 246 482 
243 418 14 
223 192 112 
374 103 33 
205 441 281 
326 88 373 
241 309 145 
167 122 336 
192 360 435 
460 348 207 
434 436 227 
160 260 244 
434 337 1 
213 155 464 
140 244 279 
382 59 171 
47 339 165 
152 219 294 
56 420 140 
476 35 103 
251 218 260 
322 51 236 
144 118 370 
221 452 57 
161 216 352 
295 485 448 
235 384 53 
357 182 492 
388 191 325 
228 426 65 
488 172 148 
403 123 358 
141 337 118 
350 295 260 
332 123 142 
98 355 155 
322 50 166 
32 300 450 
213 3 199 
206 406 41 
44 358 353 
184 114 192 
279 3 273 
227 336 83 
220 424 399 
47 498 247 
63 56 490 
82 451 10 
102 382 352 
166 342 239 
439 142 51 
227 482 258 
470 403 179 
385 355 495 
96 19 67 
211 243 194 
357 86 186 
497 234 238 
388 144 477 
414 174 228 
374 494 364 
18 243 93 
72 475 95 
66 453 276 
7 144 121 
79 100 298 
185 322 52 
452 67 215 
86 368 339 
241 103 214 
103 495 174 
407 80 391 
440 488 65 
403 262 223 
179 324 69 
122 496 135 
396 250 121 
17 201 376 
239 217 261 
146 261 42 
206 336 200 
416 70 105 
217 117 474 
62 184 493 
291 167 6 
145 106 74 
284 226 462 
193 259 197 
285 190 360 
229 456 129 
182 437 265 
475 292 474 
208 250 273 
86 450 494 
470 78 496 
478 209 100 
244 380 53 
192 127 472 
15 188 268 
31 240 236 
478 225 389 
324 255 476 
31 303 133 
368 149 151 
390 181 296 
46 168 284 
410 55 104 
214 143 215 
263 114 204 
129 415 254 
371 469 3 
358 372 169 
166 113 441 
464 427 497 
272 341 11 
309 239 44 
297 273 303 
188 322 139 
487 157 349 
277 135 129 
192 272 63 
122 445 88 
77 178 485 
197 207 344 
346 391 204 
155 346 237 
115 309 411 
389 125 86 
402 224 172 
207 21 244 
256 222 332 
280 434 348 
110 15 109 
262 279 425 
376 373 61 
171 135 41 
25 254 146 
57 35 408 
428 185 221 
155 150 396 
240 162 442 
18 92 19 
303 254 270 
418 243 258 
174 124 268 
364 213 353 
218 7 65 
215 274 371 
101 217 67 
286 357 52 
245 489 162 
41 195 239 
386 423 183 
481 58 311 
105 208 141 
435 208 308 
114 313 345 
25 423 193 
298 136 24 
330 468 327 
79 285 362 
122 242 15 
29 179 92 
51 180 121 
493 168 177 
77 40 245 
291 154 151 
175 255 256 
197 159 34 
132 85 225 
413 190 248 
261 84 403 
44 138 425 
177 128 152 
48 454 320 
39 256 142 
491 95 441 
290 160 390 
78 266 349 
233 379 154 
231 336 335 
289 130 37 
271 299 282 
28 470 9 
152 172 442 
103 178 34 
218 458 34 
3 298 411 
238 392 272 
129 413 264 
200 467 335 
233 389 70 
286 123 216 
118 1 214 
450 212 474 
395 327 453 
196 382 282 
213 157 248 
339 282 168 
140 98 400 
343 359 229 
74 260 437 
253 420 365 
203 422 202 
416 316 443 
424 148 308 
90 259 10 
123 150 247 
148 431 439 
195 495 241 
227 439 86 
327 338 213 
143 464 165 
448 409 236 
57 1 172 
418 74 243 
129 415 7 
154 239 365 
168 400 335 
394 354 469 
63 300 289 
410 289 47 
316 274 483 
478 270 124 
284 494 233 
299 324 156 
47 260 344 
433 158 326 
115 424 97 
197 334 361 
165 97 51 
118 110 10 
302 103 266 
97 301 367 
204 198 164 
173 495 154 
274 121 202 
463 11 173 
156 294 12 
192 476 5 
149 35 467 
75 220 41 
487 393 184 
312 380 47 
196 403 15 
212 91 238 
98 304 34 
39 246 212 
185 496 212 
123 247 277 
499 159 224 
380 232 230 
353 134 40 
313 182 285 
55 48 121 
13 238 444 
180 137 442 
197 461 109 
268 335 413 
228 74 265 
282 167 60 
233 143 108 
436 203 262 
201 76 269 
54 467 46 
108 76 267 
214 465 62 
305 239 59 
242 474 368 
392 293 432 
450 191 465 
277 480 26 
486 425 464 
310 253 254 
61 313 311 
389 229 358 
495 264 243 
399 23 42 
446 160 70 
359 310 24 
252 38 5 
418 219 413 
311 479 129 
460 23 390 
123 209 405 
461 53 344 
28 471 65 
499 241 363 
418 269 226 
268 9 217 
18 150 146 
446 286 114 
197 425 241 
214 165 3 
465 172 191 
117 365 129 
432 498 4 
54 184 285 
87 263 142 
117 420 169 
158 358 423 
310 491 420 
225 338 202 
266 45 265 
96 9 63 
268 14 36 
205 46 199 
410 72 16 
101 439 158 
265 217 198 
358 172 253 
247 158 60 
395 313 423 
127 451 352 
64 74 359 
167 411 145 
419 409 372 
262 296 329 
364 353 255 
283 331 408 
254 189 222 
260 415 164 
155 396 329 
181 115 265 
139 320 114 
15 230 40 
12 180 276 
51 127 495 
2 21 388 
165 26 458 
183 115 205 
18 208 339 
480 381 442 
106 307 430 
53 231 51 
444 127 499 
298 116 199 
369 193 59 
462 284 93 
58 365 299 
399 100 49 
193 310 403 
66 6 387 
82 494 483 
44 455 125 
246 215 340 
430 10 413 
140 494 247 
411 446 341 
409 173 383 
214 55 142 
436 259 207 
177 206 126 
369 393 218 
320 405 324 
497 112 454 
322 386 385 
213 81 384 
151 103 285 
274 48 422 
26 152 240 
335 438 180 
219 418 358 
71 127 203 
449 315 324 
362 204 210 
289 34 472 
85 346 386 
8 166 373 
80 56 152 
298 232 276 
250 481 345 
92 207 399 
447 56 433 
369 305 444 
23 346 265 
470 242 153 
455 294 377 
2 495 39 
21 437 75 
240 428 220 
189 456 172 
283 234 219 
180 195 281 
481 324 13 
358 17 312 
258 18 35 
159 138 412 
184 153 352 
175 123 322 
477 80 304 
410 42 251 
472 327 437 
265 292 353 
321 411 237 
189 318 128 
385 108 163 
326 435 464 
34 263 273 
382 210 206 
195 403 268 
411 468 361 
444 437 153 
129 376 83 
298 364 387 
239 246 143 
220 408 91 
484 302 343 
262 434 260 
473 369 273 
490 312 190 
75 290 87 
290 247 266 
103 227 293 
347 96 494 
127 82 381 
329 247 331 
229 324 332 
187 443 464 
103 100 237 
365 284 377 
481 494 355 
232 301 331 
195 343 365 
26 316 342 
39 256 244 
58 299 50 
480 164 345 
139 489 314 
356 206 83 
135 453 285 
16 19 169 
197 230 113 
184 341 188 
440 39 443 
173 397 49 
187 424 483 
454 125 62 
54 25 269 
108 254 264 
410 405 12 
2 224 109 
23 229 1 
17 261 109 
296 56 253 
198 496 489 
257 490 107 
187 120 403 
398 350 202 
144 226 120 
304 302 329 
69 107 203 
415 279 150 
424 37 315 
112 492 335 
37 381 257 
246 242 57 
213 277 285 
18 285 377 
407 278 275 
101 336 440 
87 404 252 
245 474 49 
90 325 2 
404 440 251 
129 11 220 
94 459 190 
19 21 39 
149 198 21 
96 191 5 
208 162 402 
160 162 453 
129 481 361 
296 339 118 
397 467 264 
217 421 239 
483 225 78 
486 182 165 
269 464 78 
81 113 460 
342 357 127 
57 86 27 
442 290 69 
212 339 412 
300 39 361 
167 324 245 
446 190 28 
460 42 345 
199 347 250 
87 488 88 
454 481 55 
183 108 407 
477 203 79 
212 5 318 
363 412 401 
292 332 210 
328 65 11 
172 253 421 
226 205 182 
486 283 29 
460 46 155 
448 214 490 
5 256 438 
10 198 389 
483 346 482 
441 138 319 
277 161 404 
428 439 7 
403 8 281 
304 453 421 
116 46 10 
490 417 411 
372 450 332 
146 26 273 
151 4 213 
25 407 26 
142 334 405 
358 151 426 
206 68 186 
89 417 196 
338 236 410 
189 461 337 
496 268 167 
248 401 427 
244 137 62 
185 61 334 
230 256 401 
250 112 75 
147 452 228 
218 393 135 
296 436 91 
120 268 187 
490 296 160 
178 77 151 
230 60 485 
332 483 53 
377 341 488 
123 104 120 
33 239 131 
365 346 262 
136 144 259 
435 438 492 
402 51 316 
397 256 465 
404 19 101 
252 460 459 
245 490 83 
347 471 379 
318 202 46 
290 371 30 
139 184 228 
91 297 211 
162 57 48 
239 32 197 
9 321 158 
297 441 468 
486 322 109 
390 301 476 
465 59 332 
409 93 309 
247 318 67 
279 121 319 
148 276 414 
270 367 225 
149 336 316 
343 465 420 
83 76 202 
261 163 212 
370 354 6 
147 126 373 
295 238 475 
129 111 172 
250 1 398 
88 376 343 
482 409 360 
210 138 349 
339 209 37 
363 329 483 
426 72 417 
372 268 41 
59 93 31 
455 291 28 
438 243 235 
197 452 265 
315 257 321 
436 460 410 
182 465 218 
195 197 398 
174 466 356 
294 72 427 
297 279 44 
415 327 155 
424 191 348 
327 338 283 
158 49 130 
12 429 250 
374 426 330 
314 252 26 
166 313 438 
40 439 194 
70 57 341 
77 228 62 
189 473 44 
488 265 385 
212 15 107 
246 19 126 
41 215 454 
349 307 272 
79 287 237 
171 341 383 
452 124 471 
109 434 93 
16 429 250 
76 432 105 
266 477 127 
277 433 451 
85 49 337 
266 175 214 
457 207 389 
469 425 409 
9 337 363 
397 286 440 
2 77 247 
418 30 345 
232 458 466 
22 183 261 
182 152 128 
497 233 184 
257 35 484 
403 385 157 
94 471 157 
344 227 264 
349 401 92 
5 66 75 
36 357 476 
54 281 425 
379 127 395 
186 212 201 
426 44 237 
54 276 177 
7 138 28 
460 347 350 
402 1 239 
73 128 267 
96 77 490 
293 89 433 
288 498 152 
298 148 243 
168 313 11 
179 259 420 
336 435 434 
269 0 229 
292 180 134 
120 320 359 
467 469 362 
281 438 403 
361 216 137 
84 350 36 
260 405 438 
381 264 245 
466 209 485 
79 48 133 
45 1 223 
90 176 37 
284 87 392 
83 403 109 
89 385 169 
378 151 224 
379 347 416 
258 345 151 
238 314 114 
181 187 380 
392 454 67 
266 420 224 
331 444 411 
142 231 491 
248 438 443 
454 493 431 
147 201 242 
29 336 304 
337 44 423 
1 340 128 
89 222 170 
381 207 18 
56 53 265 
62 209 375 
264 247 228 
152 195 11 
494 480 307 
5 85 136 
436 187 182 
454 86 359 
0 306 285 
154 246 205 
443 457 419 
423 96 297 
122 403 84 
103 188 26 
15 138 482 
33 65 206 
256 85 168 
173 36 120 
344 339 497 
459 337 410 
304 342 409 
36 488 41 
369 399 246 
497 174 288 
408 138 17 
412 247 448 
300 456 156 
148 403 147 
95 315 299 
98 0 279 
234 196 88 
269 233 35 
392 406 436 
459 41 101 
70 206 11 
191 465 398 
87 31 249 
312 161 465 
258 54 28 
470 146 352 
348 161 256 
138 42 457 
349 62 326 
132 28 297 
383 92 93 
249 273 184 
245 231 184 
350 450 302 
178 452 237 
76 249 54 
425 480 34 
83 154 354 
10 175 31 
432 187 273 
155 218 168 
161 270 360 
435 243 428 
407 288 276 
298 46 127 
225 448 323 
15 93 76 
35 337 495 
214 75 376 
470 254 494 
18 386 255 
384 405 205 
73 176 61 
134 113 270 
453 233 489 
415 313 328 
63 342 266 
6 460 293 
70 118 178 
349 188 187 
115 163 44 
