1000
3
64 77 313 
380 7 183 
191 297 330 
10 114 343 
456 149 254 
343 267 190 
275 171 302 
214 304 475 
283 20 475 
86 444 463 
252 409 263 
474 49 267 
13 394 207 
156 347 150 
199 21 168 
434 312 280 
312 222 408 
454 413 475 
474 213 406 
240 420 113 
164 211 287 
63 52 366 
73 232 367 
461 445 352 
96 279 185 
218 254 257 
365 288 182 
124 488 89 
63 202 325 
251 317 399 
196 433 155 
166 331 214 
35 211 49 
38 225 497 
390 229 479 
60 161 257 
60 353 489 
219 79 159 
122 323 119 
83 149 165 
33 188 336 
52 338 72 
129 41 464 
486 301 193 
416 240 413 
112 466 483 
205 134 88 
362 393 256 
404 141 382 
228 342 302 
313 67 95 
333 154 347 
213 145 45 
349 107 138 
302 145 415 
372 215 29 
331 94 467 
452 110 237 
205 367 45 
232 52 484 
163 380 106 
363 429 44 
16 82 182 
274 126 269 
279 326 162 
222 451 281 
240 259 403 
134 281 281 
13 265 429 
406 338 289 
108 207 98 
28 248 32 
164 102 349 
466 495 154 
101 214 385 
237 123 284 
115 17 359 
434 130 371 
125 68 469 
310 0 30 
411 155 458 
365 192 494 
154 464 380 
327 53 417 
144 166 349 
247 66 360 
28 83 419 
282 498 56 
352 73 314 
365 495 485 
139 61 380 
220 211 498 
112 126 313 
495 237 266 
236 280 140 
276 120 389 
0 75 333 
483 396 319 
206 114 101 
15 37 280 
334 389 434 
431 317 54 
17 82 499 
221 284 194 
23 240 119 
304 399 38 
36 156 468 
1 434 276 
106 340 146 
226 49 54 
484 145 362 
374 200 211 
257 462 370 
381 40 146 
145 440 21 
489 320 339 
446 407 313 
10 214 316 
104 82 131 
82 404 188 
371 178 465 
168 336 116 
18 114 202 
132 345 259 
447 341 258 
210 137 325 
429 239 484 
360 136 74 
382 322 133 
121 281 428 
73 427 189 
47 114 341 
308 140 155 
491 98 379 
150 16 381 
355 47 448 
150 148 341 
154 142 128 
21 186 440 
196 87 237 
480 294 72 
176 457 349 
181 388 328 
128 76 383 
451 497 286 
0 369 403 
393 309 283 
409 379 34 
63 195 284 
263 472 282 
169 478 215 
377 322 151 
121 475 429 
373 267 487 
317 45 483 
304 363 427 
396 297 28 
66 277 238 
394 77 283 
41 272 84 
126 207 31 
336 474 179 
15 42 291 
458 355 240 
78 410 2 
378 187 397 
295 386 281 
121 148 106 
161 417 131 
389 475 111 
482 1 169 
17 69 452 
294 330 346 
428 428 246 
1 457 283 
19 42 2 
131 339 400 
251 452 72 
340 389 357 
82 443 385 
138 231 29 
136 351 398 
491 364 34 
50 420 467 
344 14 72 
424 489 393 
402 452 39 
72 404 471 
194 81 173 
333 422 403 
11 44 328 
388 394 46 
14 94 486 
433 119 349 
133 299 355 
284 477 245 
473 92 417 
100 243 58 
70 338 230 
68 486 371 
152 290 210 
328 150 427 
281 189 279 
323 161 103 
172 125 488 
361 17 274 
463 320 418 
433 68 195 
203 74 247 
405 453 366 
13 138 115 
244 388 176 
392 138 454 
201 479 240 
415 243 393 
242 170 397 
362 361 150 
394 213 303 
159 49 250 
128 345 442 
78 29 439 
371 74 377 
25 339 317 
132 428 298 
340 136 162 
271 387 210 
307 262 198 
161 486 273 
477 86 6 
13 290 36 
230 158 333 
380 451 149 
59 181 285 
371 137 41 
287 42 335 
448 161 477 
341 47 194 
88 224 121 
119 62 426 
366 272 67 
241 241 280 
438 95 352 
471 233 45 
195 376 463 
120 114 25 
192 92 8 
57 43 399 
336 360 280 
418 59 378 
250 265 352 
73 416 421 
256 385 60 
296 155 420 
358 23 348 
191 499 11 
142 188 18 
303 387 232 
138 182 229 
237 386 118 
329 221 123 
449 171 471 
420 480 213 
292 426 426 
328 193 218 
242 492 440 
87 270 361 
405 432 287 
430 460 419 
258 23 320 
321 442 352 
414 394 295 
35 488 366 
79 464 185 
258 111 51 
431 9 71 
443 145 415 
420 259 67 
199 186 6 
479 165 410 
449 494 414 
488 67 36 
484 142 241 
317 395 6 
384 493 38 
499 264 122 
308 88 497 
265 291 273 
245 447 78 
470 280 315 
315 6 487 
138 448 393 
152 143 419 
270 164 493 
354 345 23 
398 281 293 
480 253 307 
62 317 112 
303 409 314 
361 150 161 
439 115 415 
402 281 402 
436 9 17 
323 361 428 
464 165 252 
388 99 494 
362 457 314 
134 5 429 
320 219 459 
145 98 172 
459 249 90 
396 215 115 
132 460 129 
224 403 417 
128 259 117 
185 456 131 
108 284 7 
488 43 18 
478 29 430 
60 299 33 
450 197 208 
124 148 140 
337 325 499 
180 464 282 
126 59 390 
380 472 180 
379 386 76 
476 131 373 
305 408 215 
86 163 441 
247 460 108 
188 406 424 
26 9 384 
479 230 387 
40 371 46 
39 429 262 
372 359 204 
68 149 330 
425 141 314 
38 400 0 
362 452 471 
450 351 180 
24 210 0 
365 227 305 
282 325 350 
471 414 160 
167 286 101 
202 64 287 
13 202 355 
94 5 60 
428 122 485 
23 483 432 
276 106 254 
490 453 450 
284 460 237 
222 170 229 
331 234 295 
115 360 160 
55 181 326 
68 372 267 
215 12 96 
50 350 41 
211 21 133 
234 22 412 
287 223 366 
175 414 441 
163 319 117 
25 332 57 
299 378 32 
192 240 321 
100 394 426 
356 315 10 
442 195 199 
33 21 167 
257 92 32 
352 173 266 
206 255 149 
303 220 469 
40 360 37 
48 231 450 
37 340 498 
179 417 132 
38 452 416 
351 335 141 
428 414 266 
125 133 78 
9 214 171 
499 121 466 
371 199 398 
326 447 229 
185 24 391 
317 292 286 
5 422 136 
226 474 63 
356 368 462 
127 258 89 
341 15 46 
178 312 182 
443 153 428 
193 54 204 
215 30 130 
306 319 432 
209 84 443 
172 62 493 
178 441 412 
491 8 465 
388 54 74 
41 200 67 
45 144 334 
234 421 385 
135 324 460 
286 265 344 
85 113 265 
153 340 434 
223 497 381 
123 252 405 
169 113 430 
150 326 262 
258 244 54 
317 446 162 
182 186 215 
297 250 251 
282 22 397 
464 192 451 
51 206 48 
266 114 252 
277 363 398 
122 484 359 
106 16 30 
309 104 332 
465 373 237 
228 101 452 
469 130 323 
480 122 110 
2 437 53 
453 357 408 
179 88 225 
176 205 430 
419 234 130 
62 187 331 
110 229 352 
15 60 119 
393 52 162 
46 233 30 
126 113 271 
116 449 174 
12 51 290 
212 37 28 
468 86 70 
52 330 397 
426 190 245 
310 238 323 
405 60 143 
334 104 21 
55 219 439 
371 391 182 
291 487 108 
139 388 70 
142 128 498 
145 58 307 
69 207 81 
296 391 345 
72 435 158 
85 483 181 
91 412 326 
485 53 467 
282 231 55 
225 407 427 
245 348 322 
39 320 445 
395 172 228 
318 393 279 
22 83 337 
234 451 356 
433 321 104 
499 397 62 
382 21 352 
317 410 152 
265 189 85 
269 107 113 
213 423 152 
459 347 52 
450 415 37 
147 278 43 
306 184 341 
367 38 181 
165 411 356 
370 194 251 
46 119 240 
95 3 17 
347 271 461 
435 329 43 
286 291 316 
335 81 454 
86 299 21 
401 23 262 
313 487 33 
89 288 16 
26 366 362 
263 93 34 
252 444 96 
157 404 268 
44 38 444 
170 487 23 
5 4 2 
419 273 171 
387 278 50 
16 23 498 
18 9 397 
392 143 283 
106 199 28 
246 249 401 
11 131 98 
239 239 489 
87 364 161 
188 117 53 
30 179 293 
180 175 273 
167 295 230 
419 259 445 
403 117 375 
140 11 132 
77 414 457 
255 81 97 
213 229 189 
125 65 495 
1 226 192 
223 65 472 
286 414 214 
100 239 176 
60 260 421 
486 375 26 
113 288 474 
477 354 329 
197 249 275 
88 279 219 
54 413 430 
378 50 101 
423 424 403 
291 3 377 
119 331 121 
465 45 53 
407 233 441 
124 379 24 
210 137 473 
48 88 208 
390 265 183 
321 381 213 
101 112 328 
227 32 319 
147 177 292 
441 300 476 
479 32 246 
213 8 83 
235 15 18 
118 2 388 
498 432 43 
99 324 104 
182 383 457 
280 334 22 
351 270 250 
482 187 360 
27 195 496 
24 105 437 
246 29 428 
192 37 249 
259 378 271 
48 272 494 
337 46 384 
455 238 441 
418 275 231 
206 319 419 
251 378 300 
175 431 52 
315 63 435 
134 429 97 
3 342 105 
22 64 108 
311 5 403 
278 327 127 
28 487 368 
302 253 441 
71 339 154 
113 464 490 
197 370 489 
430 290 314 
94 10 329 
53 456 244 
93 152 218 
328 21 181 
93 274 402 
146 477 257 
380 24 129 
444 438 271 
308 267 392 
471 402 225 
92 262 115 
446 282 477 
302 152 117 
85 222 212 
431 335 31 
79 169 343 
263 219 268 
414 357 128 
236 143 354 
327 414 266 
355 394 141 
45 63 270 
454 194 442 
362 338 213 
236 245 442 
163 391 467 
237 465 352 
33 33 340 
256 364 63 
261 284 349 
387 29 496 
391 493 42 
204 192 209 
438 106 81 
250 202 446 
366 177 482 
77 463 342 
304 62 209 
3 466 118 
376 341 430 
96 265 217 
381 232 353 
488 155 341 
111 272 339 
190 107 82 
427 106 403 
492 0 92 
297 255 348 
322 463 227 
219 210 108 
292 424 424 
352 330 421 
403 352 445 
384 174 180 
146 430 55 
58 113 392 
135 72 199 
460 65 390 
2 265 445 
434 280 80 
17 156 401 
277 347 454 
393 386 486 
8 97 403 
359 249 415 
110 421 196 
485 401 476 
171 423 387 
123 394 201 
459 201 282 
459 397 414 
156 324 152 
132 477 146 
296 169 61 
208 197 372 
158 340 260 
55 123 0 
347 419 413 
95 380 91 
293 68 191 
284 211 382 
461 86 64 
245 233 353 
8 246 494 
199 427 318 
279 409 62 
424 132 449 
312 159 48 
19 24 399 
364 129 123 
101 472 121 
170 279 369 
137 483 131 
296 313 408 
132 217 105 
270 266 40 
258 253 75 
89 213 275 
334 6 283 
471 244 127 
63 359 174 
246 295 91 
442 161 146 
387 47 421 
499 155 44 
201 298 317 
454 24 264 
227 201 148 
40 56 228 
260 461 451 
293 17 388 
407 401 329 
104 397 397 
448 13 178 
105 224 17 
476 246 485 
30 26 288 
275 37 342 
435 105 240 
203 131 458 
496 315 266 
429 170 161 
363 373 455 
200 14 7 
43 354 85 
266 170 236 
287 238 255 
99 348 69 
134 399 440 
351 205 44 
41 384 476 
359 3 156 
277 27 335 
70 495 61 
60 230 131 
61 27 254 
26 54 394 
332 426 414 
388 426 219 
52 368 95 
286 163 55 
46 157 444 
1 377 258 
359 276 364 
142 251 251 
112 287 440 
158 407 413 
263 332 494 
250 185 178 
431 136 168 
231 64 288 
87 476 169 
127 121 395 
493 329 362 
297 476 391 
470 368 474 
140 475 387 
64 411 42 
3 9 348 
41 64 315 
286 12 478 
60 399 290 
258 447 397 
59 493 324 
333 96 3 
285 474 159 
486 68 16 
126 222 214 
184 151 425 
493 191 394 
268 69 499 
299 76 397 
145 26 299 
414 229 361 
180 446 459 
365 386 103 
94 42 185 
45 415 473 
127 158 328 
83 425 365 
313 12 18 
195 368 9 
470 143 33 
157 316 157 
198 331 386 
282 462 493 
61 434 121 
429 134 482 
220 84 81 
297 187 13 
472 342 146 
299 56 13 
166 75 374 
303 257 361 
401 148 32 
154 178 185 
350 240 190 
362 338 74 
36 262 176 
394 41 217 
333 230 488 
200 183 367 
32 165 291 
381 206 33 
249 55 282 
335 283 238 
345 234 393 
106 367 208 
25 41 307 
407 418 221 
251 220 386 
453 131 130 
152 112 479 
41 385 173 
349 417 266 
427 254 491 
48 401 433 
118 268 127 
69 86 394 
161 375 222 
239 376 195 
65 330 130 
369 73 176 
193 465 271 
226 50 388 
218 284 377 
258 118 445 
62 364 121 
342 298 384 
146 333 214 
393 142 406 
26 421 432 
225 34 408 
252 207 464 
226 77 468 
313 218 433 
30 205 294 
414 407 110 
445 210 300 
105 203 467 
26 341 127 
29 12 140 
188 458 63 
72 430 485 
274 95 393 
150 113 276 
379 245 272 
223 74 46 
466 255 369 
474 433 322 
128 209 85 
177 232 488 
320 343 489 
93 168 309 
482 338 261 
64 235 162 
19 10 491 
208 35 354 
401 486 370 
184 110 453 
255 314 461 
56 186 187 
169 475 311 
149 4 227 
0 292 13 
303 59 73 
140 405 232 
280 59 323 
55 160 69 
346 31 210 
255 374 254 
422 139 296 
385 494 428 
373 352 3 
113 294 40 
53 417 341 
288 151 76 
408 74 369 
322 377 311 
460 200 490 
154 476 276 
138 283 80 
417 234 30 
374 96 58 
236 9 11 
188 186 397 
40 176 354 
166 239 273 
152 110 384 
200 76 9 
315 131 157 
499 254 205 
233 89 401 
257 262 8 
461 40 287 
407 11 156 
35 323 374 
56 398 478 
176 350 337 
286 425 481 
77 92 65 
107 465 66 
416 266 45 
205 49 476 
495 315 88 
141 368 244 
169 111 412 
296 301 376 
471 307 488 
30 31 145 
358 123 47 
369 116 60 
443 173 154 
342 463 435 
250 81 254 
312 304 242 
391 238 485 
19 295 71 
379 269 326 
441 23 377 
53 84 250 
147 385 473 
102 209 453 
25 96 401 
454 365 224 
147 283 126 
185 82 57 
88 467 2 
189 149 471 
146 34 47 
93 275 43 
494 361 121 
284 26 292 
214 216 69 
43 494 46 
274 470 479 
7 49 319 
454 38 425 
398 66 91 
264 329 60 
329 235 73 
109 472 284 
76 153 243 
357 474 308 
325 78 330 
438 273 137 
218 147 472 
102 495 478 
5 422 395 
49 395 119 
310 167 307 
179 136 221 
442 357 410 
118 251 21 
431 81 166 
191 298 193 
212 220 62 
357 31 208 
56 246 159 
476 426 46 
167 235 85 
174 297 369 
14 1 144 
265 267 76 
116 336 113 
231 213 392 
277 342 129 
213 143 324 
469 12 386 
13 79 253 
415 85 473 
207 326 22 
82 139 451 
96 18 117 
307 241 257 
221 182 104 
160 190 1 
70 76 449 
180 163 216 
361 62 111 
41 114 162 
163 103 328 
330 47 123 
326 315 494 
112 268 231 
131 242 87 
263 338 321 
100 65 293 
348 104 83 
205 498 431 
19 186 307 
211 106 202 
495 416 444 
193 36 450 
269 255 246 
215 414 22 
136 152 419 
348 295 167 
18 82 22 
15 322 399 
25 371 409 
280 19 88 
36 380 387 
310 308 355 
48 219 254 
347 324 65 
108 400 55 
494 68 135 
169 138 114 
42 25 36 
86 326 179 
232 64 229 
429 313 456 
188 98 263 
434 105 291 
