1000
3
59 260 53 
469 89 272 
135 306 447 
282 368 391 
231 406 376 
189 1 480 
151 387 287 
177 306 143 
256 240 458 
50 352 82 
239 260 394 
156 5 24 
83 26 217 
272 283 85 
350 169 435 
497 492 325 
294 158 299 
117 54 445 
302 139 154 
0 417 346 
289 178 453 
78 206 148 
482 218 407 
233 167 284 
181 2 192 
312 170 259 
364 353 366 
117 55 114 
88 493 126 
20 397 318 
95 201 495 
83 80 457 
247 212 159 
369 153 399 
468 435 418 
2 230 12 
16 193 448 
221 266 166 
336 484 226 
362 476 414 
32 402 86 
339 118 122 
14 490 226 
235 289 272 
17 95 115 
376 440 44 
291 465 445 
297 73 180 
481 485 18 
16 232 338 
467 103 419 
161 86 368 
285 389 309 
412 346 238 
139 315 366 
133 470 191 
161 86 43 
487 140 301 
381 318 3 
465 476 78 
250 367 426 
106 183 455 
352 248 146 
110 199 127 
447 149 51 
149 477 25 
224 309 432 
40 60 226 
254 292 109 
59 496 387 
371 210 316 
488 51 344 
203 372 471 
82 19 44 
87 464 434 
31 217 40 
354 352 497 
390 342 416 
455 313 427 
350 73 161 
445 443 426 
492 441 5 
193 31 191 
19 124 172 
37 107 392 
359 302 165 
186 382 365 
304 196 400 
250 444 246 
42 79 27 
157 101 125 
96 86 308 
166 114 8 
239 67 361 
399 332 431 
120 380 270 
419 339 454 
436 462 11 
451 134 88 
440 245 311 
278 52 253 
473 484 143 
498 70 495 
423 164 63 
216 105 19 
216 403 97 
370 27 145 
492 464 82 
308 368 269 
353 252 58 
207 361 139 
247 294 244 
327 220 135 
97 432 249 
317 259 97 
376 368 214 
303 192 101 
494 57 277 
488 48 364 
447 250 475 
463 120 225 
220 323 346 
458 279 404 
434 36 311 
104 154 422 
488 182 70 
411 11 48 
156 131 74 
454 393 155 
198 154 80 
46 343 455 
498 279 288 
338 164 102 
493 389 318 
486 170 357 
268 485 49 
192 215 424 
403 326 453 
63 447 140 
30 265 312 
158 56 113 
426 107 334 
216 137 200 
225 67 154 
270 143 220 
336 413 342 
325 78 173 
70 494 378 
405 471 425 
418 319 354 
309 202 127 
101 451 459 
480 310 60 
243 197 81 
463 319 293 
59 251 19 
285 476 210 
272 363 251 
222 224 124 
158 437 366 
264 405 260 
432 118 313 
212 475 252 
314 136 46 
268 396 139 
468 40 199 
355 260 12 
50 24 34 
446 168 391 
229 44 54 
459 403 62 
264 81 225 
23 187 128 
53 170 247 
19 34 378 
227 308 71 
23 398 43 
395 260 173 
172 189 204 
147 250 204 
333 416 35 
430 434 43 
9 35 150 
39 47 421 
186 433 10 
42 207 100 
424 67 488 
90 255 188 
315 19 164 
80 407 173 
446 31 87 
31 229 303 
162 322 387 
220 247 233 
217 96 217 
16 341 248 
390 405 121 
145 289 264 
204 175 466 
302 481 328 
379 53 480 
208 114 219 
93 196 356 
0 328 170 
129 185 10 
181 38 495 
87 282 117 
77 277 175 
193 88 214 
4 428 37 
135 324 490 
68 15 261 
149 172 427 
288 435 242 
299 419 421 
492 43 377 
49 487 465 
206 290 448 
370 68 280 
61 140 246 
299 12 394 
236 450 178 
356 372 109 
442 431 312 
428 391 461 
452 27 128 
290 75 174 
347 110 382 
234 375 234 
425 79 272 
303 299 149 
131 6 289 
418 470 170 
226 462 65 
389 462 198 
128 281 169 
159 403 304 
272 186 297 
406 211 113 
396 183 349 
117 232 222 
105 315 106 
140 126 142 
225 306 115 
411 314 357 
161 445 393 
420 422 320 
372 165 474 
108 167 467 
97 206 381 
312 169 382 
430 69 286 
365 62 434 
487 199 347 
224 399 258 
215 419 306 
321 458 466 
275 495 23 
238 152 100 
205 362 236 
495 476 364 
236 50 90 
350 308 55 
42 397 5 
12 339 483 
346 13 182 
152 256 22 
210 366 424 
456 332 273 
359 367 336 
341 288 190 
363 105 130 
214 315 18 
344 76 189 
26 184 217 
334 107 120 
157 350 470 
384 53 382 
396 248 223 
440 391 353 
247 404 168 
109 132 257 
282 240 265 
443 220 298 
146 461 211 
295 122 164 
485 1 242 
103 406 317 
170 453 269 
81 272 253 
189 438 130 
444 131 330 
392 475 7 
5 355 311 
426 426 271 
289 133 346 
104 188 17 
140 79 86 
140 407 271 
184 93 233 
226 173 405 
1 252 110 
172 1 280 
395 264 74 
401 210 468 
332 359 202 
237 77 338 
315 222 367 
186 101 17 
23 346 83 
415 58 486 
19 17 286 
372 7 66 
256 198 262 
92 30 402 
274 495 56 
120 98 281 
325 44 481 
469 468 309 
114 35 176 
214 353 268 
26 60 63 
259 446 465 
398 223 461 
427 369 365 
89 270 376 
114 130 40 
207 35 6 
83 413 13 
265 9 171 
459 179 7 
167 91 62 
0 97 93 
180 370 177 
419 138 239 
259 106 256 
417 263 406 
22 124 155 
41 486 138 
264 26 476 
174 338 30 
319 358 473 
417 470 78 
253 81 120 
272 417 159 
316 285 112 
479 150 408 
20 31 327 
132 412 437 
264 401 378 
126 174 291 
254 106 84 
229 386 321 
114 417 120 
397 227 473 
141 43 52 
435 56 116 
296 462 59 
240 107 244 
117 26 469 
324 406 422 
271 45 240 
9 443 290 
359 304 470 
182 496 128 
300 472 46 
478 328 175 
455 445 193 
171 207 357 
452 487 339 
15 351 244 
341 261 351 
132 434 177 
80 41 376 
417 98 257 
411 285 356 
141 324 192 
488 354 478 
434 125 476 
33 495 291 
367 480 402 
234 164 170 
257 186 288 
37 456 221 
241 184 81 
394 73 164 
154 190 21 
82 202 230 
396 287 167 
69 260 81 
294 256 218 
242 34 429 
208 414 298 
392 205 326 
177 240 166 
408 147 94 
304 335 282 
383 439 33 
412 293 316 
72 244 245 
279 174 249 
216 356 363 
302 148 289 
25 257 120 
82 324 367 
401 36 288 
152 261 236 
376 72 398 
127 185 225 
101 491 232 
457 43 285 
337 305 405 
475 85 276 
163 442 75 
365 448 88 
251 168 99 
475 3 111 
493 458 204 
374 83 438 
153 458 453 
133 219 347 
417 75 486 
349 463 401 
115 459 263 
471 307 395 
447 251 15 
166 270 68 
422 209 84 
246 41 407 
251 222 478 
390 427 334 
277 180 347 
176 440 66 
36 275 313 
435 308 316 
162 411 284 
351 1 147 
255 318 489 
382 27 91 
97 391 361 
145 468 322 
9 242 391 
109 452 276 
96 135 387 
237 68 48 
377 286 295 
120 288 355 
491 146 401 
410 91 329 
322 343 103 
366 6 383 
322 121 0 
472 75 10 
204 216 269 
253 392 419 
202 409 426 
400 235 446 
20 449 131 
31 180 294 
289 202 153 
132 243 268 
165 86 213 
36 465 153 
83 388 412 
90 221 127 
326 173 113 
296 332 154 
258 350 306 
455 131 149 
269 8 415 
183 196 415 
17 28 22 
476 237 182 
314 389 450 
165 119 272 
218 370 31 
174 455 168 
386 453 344 
388 399 445 
461 462 7 
499 456 361 
291 299 70 
396 182 88 
449 204 224 
376 104 450 
277 170 4 
105 257 431 
190 245 440 
144 0 387 
335 265 188 
41 343 184 
257 254 374 
338 8 335 
408 55 54 
165 422 177 
169 280 371 
366 252 157 
393 20 233 
427 59 187 
167 384 118 
274 341 70 
100 182 77 
10 497 106 
409 125 265 
208 120 446 
290 394 330 
129 481 262 
158 326 427 
408 133 142 
334 222 432 
26 51 451 
182 121 27 
149 450 320 
255 340 480 
7 20 327 
222 243 371 
417 185 166 
277 74 394 
39 343 269 
72 334 102 
122 348 478 
360 185 61 
394 427 365 
246 157 82 
120 317 375 
61 488 397 
51 213 151 
20 216 185 
92 423 332 
441 285 476 
176 450 90 
391 495 491 
11 356 9 
312 271 301 
360 76 109 
152 58 373 
279 112 70 
379 375 321 
165 157 158 
102 262 349 
281 327 270 
275 282 168 
150 210 391 
409 282 195 
330 288 70 
443 141 9 
164 467 245 
233 38 255 
151 194 235 
408 391 382 
293 311 309 
387 81 92 
458 88 42 
187 287 251 
89 47 270 
403 398 389 
446 333 137 
228 217 170 
216 443 269 
191 281 178 
171 133 24 
463 204 87 
57 137 23 
459 28 12 
80 263 382 
104 299 154 
241 171 345 
450 53 175 
116 267 338 
332 434 126 
70 212 47 
396 487 476 
139 303 218 
167 356 308 
455 11 282 
131 421 79 
270 0 387 
25 285 490 
421 120 25 
485 92 198 
230 464 300 
297 242 194 
228 360 367 
180 145 305 
145 284 232 
493 493 144 
66 68 6 
466 263 3 
376 76 51 
356 164 352 
297 157 0 
390 357 62 
16 205 116 
69 141 68 
40 55 287 
71 419 338 
344 27 102 
34 355 379 
481 345 324 
496 420 122 
265 68 2 
289 242 355 
255 18 201 
274 285 460 
192 261 232 
322 361 144 
467 118 353 
459 247 321 
110 196 318 
199 18 94 
320 331 48 
340 358 386 
294 90 141 
489 386 72 
463 18 366 
6 250 226 
303 320 448 
365 202 400 
110 333 2 
65 194 44 
126 227 112 
198 66 353 
306 316 489 
118 183 324 
310 436 406 
33 325 203 
36 278 322 
127 3 274 
323 226 327 
23 271 193 
236 482 315 
237 266 279 
218 134 297 
143 210 272 
88 66 21 
418 288 486 
171 88 447 
334 44 448 
444 95 430 
301 143 415 
457 33 48 
115 311 222 
12 139 213 
240 384 26 
207 5 90 
4 96 362 
364 489 108 
449 36 314 
263 436 430 
155 469 230 
288 103 5 
65 451 225 
364 441 120 
290 141 99 
290 399 462 
226 472 213 
6 139 204 
190 410 71 
353 255 79 
11 338 185 
257 211 227 
202 54 433 
297 34 155 
222 332 246 
240 78 384 
328 320 445 
98 497 163 
113 116 72 
239 80 360 
73 62 368 
163 470 70 
282 17 477 
432 144 237 
323 16 365 
146 429 25 
139 210 174 
261 284 208 
121 203 414 
445 477 48 
246 387 214 
378 484 414 
255 208 82 
140 366 208 
418 216 192 
434 94 380 
439 57 227 
307 270 4 
170 490 416 
151 172 450 
220 477 400 
468 117 146 
163 130 306 
278 195 330 
217 253 45 
489 261 382 
306 404 435 
283 373 479 
130 247 43 
272 259 378 
351 276 468 
122 50 14 
343 131 100 
448 408 342 
237 289 165 
55 347 441 
466 461 251 
40 169 215 
479 223 375 
56 16 362 
309 424 413 
71 478 214 
120 156 254 
135 416 51 
9 498 277 
403 38 22 
400 335 403 
476 335 335 
198 17 449 
287 349 348 
331 396 414 
282 472 30 
347 263 287 
348 134 280 
278 296 221 
54 1 214 
429 183 250 
476 416 250 
345 52 189 
2 425 298 
39 482 430 
314 95 447 
261 426 193 
363 273 213 
494 374 88 
390 311 308 
423 432 313 
397 299 191 
380 185 389 
289 38 17 
453 117 255 
348 459 420 
115 303 323 
298 85 303 
116 270 414 
275 435 98 
29 50 274 
35 430 36 
239 373 29 
327 415 409 
306 446 166 
219 396 84 
300 218 415 
202 455 410 
395 6 423 
97 334 41 
350 275 362 
486 86 297 
65 197 192 
398 321 182 
436 292 109 
361 223 488 
73 163 72 
220 406 321 
140 184 319 
65 454 117 
439 431 147 
358 297 77 
223 481 381 
175 456 157 
358 326 206 
217 421 175 
205 98 292 
185 380 31 
241 451 28 
225 313 205 
197 182 197 
122 179 219 
408 46 393 
286 11 418 
307 154 302 
185 35 450 
341 499 144 
110 271 122 
462 217 442 
180 49 172 
228 92 24 
468 491 4 
77 269 137 
112 1 270 
198 298 111 
326 122 273 
342 218 254 
450 75 487 
71 277 492 
495 400 157 
135 162 346 
174 380 438 
297 227 7 
100 5 330 
293 232 342 
64 29 73 
102 435 479 
337 82 122 
251 350 29 
435 92 497 
240 480 24 
110 146 217 
47 50 176 
27 262 205 
184 121 351 
4 8 443 
148 310 430 
247 22 27 
112 197 464 
490 379 188 
484 20 253 
87 413 26 
343 63 267 
319 139 298 
305 84 378 
333 350 318 
424 447 394 
290 242 337 
84 280 313 
418 381 213 
82 248 203 
186 244 318 
493 50 370 
157 263 261 
222 258 122 
488 111 278 
446 277 92 
420 168 88 
2 244 3 
420 36 314 
403 455 466 
290 57 408 
299 159 394 
39 344 363 
83 416 418 
102 358 110 
303 467 7 
391 158 435 
386 304 394 
401 449 159 
310 327 9 
77 50 24 
251 95 361 
196 309 204 
195 172 239 
300 143 142 
68 145 122 
193 430 43 
122 339 263 
432 121 428 
249 401 150 
135 389 318 
228 344 39 
265 383 9 
426 110 348 
454 12 257 
99 203 113 
42 144 104 
61 189 363 
133 164 101 
57 273 131 
134 480 358 
224 351 255 
31 75 472 
392 148 376 
17 135 327 
72 164 200 
84 341 200 
28 12 430 
105 221 275 
208 186 128 
352 363 274 
221 210 485 
472 78 344 
446 254 69 
363 264 248 
124 192 437 
403 234 45 
391 188 356 
272 156 27 
161 451 481 
220 148 144 
21 61 317 
277 186 0 
479 349 388 
273 297 377 
1 387 94 
125 370 343 
364 339 236 
465 386 266 
167 7 30 
264 384 294 
47 234 121 
276 450 482 
360 376 156 
172 229 419 
372 142 372 
56 95 185 
151 360 10 
188 60 364 
107 320 375 
349 125 207 
380 258 90 
398 492 489 
442 254 183 
203 406 382 
301 494 95 
443 497 420 
422 242 388 
50 133 2 
266 244 339 
87 289 389 
145 447 143 
404 457 360 
489 117 93 
407 178 397 
81 171 400 
325 257 359 
340 325 142 
298 65 210 
8 125 307 
498 51 342 
211 448 290 
36 106 205 
432 315 360 
360 241 315 
62 468 209 
338 139 451 
14 434 208 
323 137 190 
319 354 20 
283 27 414 
433 203 323 
108 357 438 
440 368 39 
89 9 203 
481 54 162 
65 194 84 
273 198 155 
224 298 153 
497 453 448 
83 367 430 
197 463 210 
116 332 186 
493 146 106 
126 466 224 
0 484 490 
370 55 467 
456 66 254 
401 216 178 
229 36 219 
281 362 409 
460 369 366 
189 129 214 
22 230 11 
94 492 171 
84 224 461 
348 322 189 
349 119 75 
497 406 395 
176 43 70 
263 423 168 
312 281 165 
313 230 409 
96 145 281 
284 394 465 
174 322 167 
343 285 152 
401 490 92 
416 79 264 
345 494 355 
183 169 399 
13 151 98 
329 358 413 
484 179 98 
208 137 461 
270 208 323 
252 49 239 
171 358 286 
465 235 292 
51 446 355 
277 445 495 
213 40 49 
326 473 167 
107 441 405 
18 162 381 
366 127 432 
329 327 440 
288 58 23 
136 485 107 
55 347 161 
386 361 168 
95 490 339 
456 487 308 
215 441 25 
