1000
3
64 433 175 
391 225 276 
221 243 432 
371 78 439 
384 137 182 
0 273 353 
298 318 391 
473 122 422 
157 146 377 
195 323 10 
438 5 234 
394 365 472 
371 360 148 
31 495 350 
24 229 338 
210 249 230 
186 257 125 
462 139 155 
488 439 321 
120 134 157 
106 5 65 
159 347 126 
443 478 246 
41 125 25 
282 481 358 
220 22 36 
163 214 267 
343 487 438 
265 91 326 
323 498 253 
310 95 88 
175 283 110 
289 51 346 
28 145 49 
189 348 319 
81 325 242 
407 167 4 
344 44 275 
231 429 166 
425 412 438 
276 177 150 
301 233 189 
22 197 81 
11 56 136 
380 294 435 
109 134 210 
38 277 14 
356 138 269 
173 112 416 
346 65 194 
64 57 71 
296 168 399 
142 182 30 
252 88 23 
283 121 56 
316 437 236 
17 255 483 
331 150 146 
19 108 45 
80 133 159 
123 353 392 
260 255 321 
46 173 59 
486 337 412 
356 55 433 
474 380 473 
24 467 71 
138 266 266 
319 229 3 
114 234 129 
339 263 287 
194 285 474 
216 81 363 
135 14 217 
421 137 354 
90 164 381 
77 63 155 
161 299 29 
454 152 326 
334 164 174 
94 496 175 
146 9 377 
398 352 301 
425 303 397 
61 68 326 
338 18 338 
23 93 262 
297 492 8 
43 45 83 
284 286 172 
456 409 3 
333 94 3 
374 407 260 
177 324 42 
146 396 456 
162 258 160 
455 221 462 
482 139 303 
128 12 329 
102 346 453 
188 363 155 
147 195 51 
67 296 89 
167 127 34 
207 187 321 
122 226 23 
375 366 259 
312 58 168 
217 230 354 
122 247 151 
173 249 359 
143 183 419 
147 208 61 
52 278 197 
266 246 139 
46 410 448 
375 255 241 
233 473 195 
281 490 67 
389 332 286 
119 469 6 
359 300 29 
193 169 95 
6 75 167 
398 346 438 
266 128 89 
499 50 48 
259 194 140 
372 29 185 
206 418 428 
419 163 202 
28 48 147 
346 152 376 
426 467 413 
174 249 397 
49 302 349 
302 45 47 
205 160 50 
27 224 438 
287 100 27 
273 360 238 
38 148 180 
171 233 105 
240 198 2 
83 87 59 
458 349 338 
320 236 113 
13 378 107 
399 337 107 
489 157 41 
492 125 493 
376 447 462 
61 461 307 
344 246 489 
360 100 27 
127 247 186 
45 329 190 
231 305 8 
16 65 434 
458 384 254 
318 275 360 
296 308 92 
311 43 45 
466 376 434 
480 80 162 
193 194 400 
84 253 394 
235 468 285 
450 469 485 
236 305 435 
247 435 409 
397 169 124 
61 156 369 
299 400 236 
406 102 455 
104 463 324 
494 403 316 
163 274 3 
132 110 28 
241 438 210 
262 119 372 
457 287 330 
473 417 89 
321 302 427 
325 323 42 
396 160 469 
468 70 94 
132 294 248 
269 1 167 
371 18 480 
413 205 387 
123 310 271 
245 307 406 
32 183 174 
106 78 406 
275 447 160 
66 272 432 
258 449 194 
386 316 81 
402 468 144 
370 446 428 
359 24 330 
378 107 286 
16 26 227 
364 263 52 
349 193 320 
393 166 286 
348 273 89 
252 231 89 
75 37 73 
341 140 110 
186 138 174 
120 444 427 
430 61 433 
327 59 274 
340 165 27 
256 449 96 
386 135 385 
132 30 195 
481 257 342 
230 374 471 
239 204 325 
423 204 499 
177 270 254 
458 102 140 
44 316 370 
73 458 105 
499 476 104 
42 124 444 
410 303 197 
324 391 490 
145 18 42 
14 115 216 
119 38 214 
43 175 348 
374 421 174 
379 120 191 
106 309 498 
129 225 270 
355 319 65 
42 18 428 
207 101 175 
33 453 477 
0 339 86 
216 110 314 
176 345 322 
123 94 470 
479 320 400 
152 458 464 
103 79 124 
414 310 393 
434 367 430 
482 283 297 
135 305 459 
482 132 278 
81 222 22 
15 314 292 
330 150 245 
128 419 274 
302 159 483 
18 171 32 
469 47 499 
216 497 485 
293 413 481 
454 498 107 
395 211 79 
440 284 496 
186 262 39 
450 72 398 
452 303 387 
180 457 334 
370 202 431 
214 106 272 
126 499 438 
250 378 348 
207 220 226 
3 497 439 
439 26 301 
120 158 406 
287 203 207 
375 381 258 
345 280 179 
288 372 369 
307 129 94 
55 73 124 
119 87 251 
180 40 199 
46 488 302 
382 448 214 
397 171 71 
63 299 146 
68 393 60 
275 405 186 
135 239 73 
5 430 413 
438 159 107 
22 205 187 
139 26 102 
159 238 360 
419 236 373 
440 50 9 
81 487 456 
361 132 223 
265 239 392 
90 22 454 
112 334 45 
94 431 375 
3 186 358 
309 446 359 
2 436 94 
154 227 222 
419 46 96 
416 32 407 
298 41 190 
147 312 312 
276 446 162 
289 479 474 
307 253 175 
11 433 411 
373 321 63 
366 132 205 
149 344 207 
14 136 483 
305 14 303 
168 216 448 
451 187 296 
16 286 399 
195 22 497 
27 74 348 
12 336 259 
77 204 146 
191 399 277 
230 287 144 
74 418 343 
233 221 165 
403 76 60 
117 86 92 
306 11 233 
103 460 298 
76 336 323 
157 384 131 
50 191 189 
130 341 45 
272 373 126 
395 6 446 
77 31 315 
172 8 331 
69 31 192 
118 114 129 
202 178 409 
375 82 245 
173 414 337 
155 47 141 
463 420 249 
253 171 263 
325 212 112 
350 125 391 
226 149 14 
135 182 450 
368 87 239 
460 168 341 
281 389 229 
458 140 72 
436 208 334 
200 419 155 
282 82 21 
204 116 327 
240 218 11 
383 141 94 
263 470 33 
426 192 490 
310 350 232 
248 252 277 
111 444 334 
223 317 452 
305 484 66 
80 18 248 
331 145 57 
157 258 45 
2 287 418 
179 389 206 
237 101 91 
323 215 10 
47 125 411 
89 51 302 
498 16 71 
383 368 17 
356 193 167 
497 30 291 
52 426 397 
9 417 132 
362 198 457 
336 259 2 
178 184 297 
66 408 104 
420 18 404 
61 321 138 
80 373 491 
216 122 362 
169 189 372 
44 97 479 
95 18 422 
331 237 177 
101 129 485 
477 490 274 
425 221 437 
138 10 322 
243 290 181 
36 286 228 
479 437 198 
27 83 326 
460 454 71 
451 189 245 
460 175 322 
67 476 74 
426 331 183 
436 226 26 
442 260 294 
234 295 109 
210 117 313 
424 103 352 
373 235 308 
271 95 162 
181 63 103 
29 234 120 
407 462 410 
365 325 429 
166 290 283 
46 317 480 
275 38 19 
271 10 34 
338 273 65 
288 93 71 
38 412 140 
334 485 373 
1 324 222 
26 61 298 
64 308 26 
462 345 60 
113 105 224 
293 33 10 
5 204 254 
26 51 286 
69 321 76 
260 333 110 
395 345 199 
224 298 208 
295 44 263 
497 462 202 
252 127 496 
208 495 267 
159 487 373 
284 155 134 
392 7 70 
128 245 491 
324 122 448 
286 19 454 
313 203 144 
411 491 279 
430 202 219 
54 436 11 
348 489 455 
345 204 454 
234 134 332 
180 217 314 
493 12 138 
135 469 17 
86 128 300 
428 153 192 
271 472 113 
355 448 118 
257 167 414 
245 247 107 
221 61 454 
241 222 377 
210 419 183 
443 198 337 
325 120 232 
81 467 318 
281 335 44 
322 60 380 
378 202 397 
259 474 124 
72 363 228 
409 283 141 
438 14 429 
265 189 33 
88 427 269 
280 477 457 
255 222 105 
480 417 242 
428 457 149 
67 94 349 
147 110 285 
28 213 439 
282 216 482 
335 221 202 
138 281 440 
170 472 177 
5 360 462 
478 247 462 
295 29 6 
114 313 291 
487 386 342 
263 452 315 
216 46 166 
346 475 55 
219 120 398 
316 367 218 
11 210 123 
138 54 1 
145 442 242 
5 81 139 
122 293 276 
97 118 434 
423 334 24 
346 395 56 
259 140 211 
133 310 237 
0 230 46 
249 88 52 
237 188 450 
92 369 359 
383 377 140 
254 398 451 
103 365 475 
479 59 416 
89 114 214 
124 265 232 
468 268 427 
471 96 169 
136 257 480 
86 267 203 
496 255 82 
66 64 97 
28 444 439 
243 136 68 
196 420 393 
244 195 37 
1 69 33 
118 237 109 
237 193 118 
24 44 132 
415 468 116 
173 404 48 
140 451 234 
155 12 419 
289 255 187 
285 446 493 
91 365 466 
144 73 258 
13 83 262 
231 292 39 
39 157 194 
30 109 341 
405 66 205 
118 161 97 
314 146 251 
399 261 67 
44 194 194 
65 309 134 
356 245 495 
122 19 381 
376 465 379 
201 64 486 
206 98 467 
456 23 401 
415 254 166 
321 10 108 
20 470 295 
6 487 62 
498 478 326 
126 115 141 
179 12 247 
499 83 117 
178 380 432 
278 284 358 
482 405 175 
490 335 42 
346 195 265 
111 336 330 
398 398 301 
291 196 129 
70 441 315 
268 161 395 
122 48 383 
148 66 239 
349 164 59 
357 270 240 
230 442 355 
238 280 366 
78 414 284 
382 405 299 
312 347 323 
358 274 461 
313 427 294 
427 115 37 
401 219 110 
159 468 358 
65 52 154 
217 148 327 
281 125 405 
478 412 473 
244 237 439 
87 366 456 
253 115 321 
462 422 140 
226 291 204 
424 27 281 
458 303 21 
44 412 483 
275 53 424 
363 182 477 
123 165 420 
334 461 426 
248 42 203 
470 499 471 
309 346 53 
16 347 499 
455 436 418 
472 158 386 
328 428 110 
72 493 193 
40 200 9 
309 377 352 
371 391 427 
189 273 26 
100 276 417 
287 455 282 
124 32 335 
367 30 498 
150 246 189 
159 5 348 
481 193 275 
130 101 344 
81 156 287 
31 458 464 
302 491 311 
457 469 331 
96 290 485 
487 447 190 
415 404 327 
97 440 274 
226 477 50 
178 135 164 
283 12 490 
211 155 465 
66 428 55 
492 250 388 
413 70 69 
307 118 124 
267 234 38 
415 444 491 
276 232 435 
420 449 273 
401 482 177 
259 30 80 
357 265 321 
305 323 415 
123 227 205 
101 237 218 
96 47 411 
33 357 94 
213 316 325 
156 305 51 
455 53 432 
419 372 211 
75 419 287 
99 182 175 
99 314 147 
292 256 348 
368 147 62 
36 10 157 
122 345 407 
75 473 127 
216 272 114 
71 432 312 
310 106 61 
116 463 425 
465 141 26 
366 354 105 
228 30 266 
393 141 211 
29 144 123 
301 473 241 
189 326 240 
46 356 102 
90 25 395 
301 78 388 
291 384 158 
387 273 172 
283 173 40 
211 412 445 
33 35 216 
316 150 217 
319 38 199 
183 68 89 
471 331 193 
245 102 112 
280 297 125 
390 446 323 
332 314 252 
44 96 216 
361 247 477 
430 199 324 
422 258 405 
185 427 463 
154 377 409 
312 157 245 
440 143 124 
49 107 390 
360 111 330 
461 3 147 
416 104 5 
451 73 298 
365 481 202 
379 320 131 
333 294 216 
27 272 412 
86 425 84 
274 386 54 
380 169 33 
32 236 481 
49 76 460 
107 149 368 
486 108 275 
125 248 120 
143 152 383 
460 315 381 
446 164 153 
24 127 132 
146 162 315 
278 351 101 
369 394 373 
121 64 110 
184 462 488 
332 413 417 
43 182 54 
179 156 481 
254 361 73 
134 193 251 
149 411 207 
421 366 410 
456 239 341 
283 85 284 
13 104 322 
487 70 87 
195 430 54 
204 490 497 
294 116 291 
150 311 142 
30 242 289 
482 278 445 
236 160 11 
422 177 362 
395 419 333 
302 263 156 
341 335 129 
403 391 351 
21 369 21 
123 376 456 
342 55 277 
48 163 412 
51 83 273 
64 409 325 
249 121 324 
265 469 39 
84 472 156 
52 398 208 
477 170 398 
388 70 44 
446 131 296 
493 285 162 
280 58 22 
312 384 175 
45 397 132 
362 344 171 
381 203 320 
245 164 436 
7 13 16 
37 102 346 
329 441 356 
475 296 77 
2 68 223 
225 322 207 
267 76 27 
274 59 435 
451 147 77 
327 383 436 
308 34 384 
174 236 209 
427 87 125 
152 68 177 
414 30 220 
273 153 195 
53 423 157 
235 159 31 
453 330 64 
495 349 55 
357 477 281 
126 249 308 
124 309 472 
122 10 406 
104 139 33 
496 116 74 
242 129 197 
162 210 277 
413 21 139 
469 320 409 
482 309 91 
51 322 359 
293 258 482 
426 489 136 
13 463 485 
263 247 248 
349 151 497 
295 115 400 
294 166 306 
44 429 445 
227 215 474 
451 0 287 
248 43 34 
483 281 291 
62 196 186 
399 471 56 
291 457 195 
135 227 293 
358 231 205 
197 190 363 
9 114 177 
80 406 373 
97 37 454 
156 454 493 
377 441 244 
59 492 426 
130 30 13 
212 90 179 
59 227 360 
5 499 142 
131 3 198 
88 357 244 
23 342 300 
252 1 55 
433 251 86 
271 358 237 
472 0 477 
301 49 152 
151 178 194 
128 203 304 
100 425 155 
183 470 386 
429 344 195 
82 327 153 
433 192 377 
74 316 445 
465 137 97 
169 125 66 
419 294 125 
294 191 106 
156 426 80 
135 385 389 
153 170 7 
98 256 342 
345 379 417 
83 13 408 
155 460 159 
136 312 61 
354 279 219 
213 96 201 
271 467 399 
206 399 160 
197 187 216 
299 392 392 
116 365 111 
456 325 52 
336 399 275 
187 106 370 
412 111 416 
66 309 85 
381 267 333 
253 455 284 
133 31 460 
309 251 416 
215 457 17 
296 448 181 
338 259 99 
481 329 334 
221 255 258 
25 186 70 
225 383 379 
257 342 150 
118 480 346 
336 188 152 
257 67 186 
117 133 373 
264 169 24 
300 477 60 
419 90 293 
226 121 121 
142 55 199 
462 414 127 
429 411 482 
495 119 263 
16 480 326 
370 455 172 
130 323 131 
86 110 463 
228 383 122 
422 141 59 
126 232 74 
77 255 31 
179 145 363 
264 420 332 
310 49 329 
197 480 398 
359 46 478 
440 238 469 
176 183 486 
274 414 175 
121 300 416 
135 91 17 
97 376 312 
434 143 122 
72 490 368 
242 449 174 
288 499 62 
483 111 260 
384 353 280 
418 240 30 
111 208 113 
343 64 156 
116 385 185 
256 107 11 
294 318 457 
383 393 369 
143 444 208 
230 255 44 
248 19 385 
124 107 66 
318 77 366 
446 466 460 
466 488 139 
235 307 133 
160 299 100 
23 480 18 
282 366 343 
262 460 176 
116 112 240 
418 117 235 
160 52 232 
225 469 356 
255 129 69 
83 290 194 
487 319 185 
267 332 156 
385 204 441 
22 17 314 
447 40 315 
35 409 417 
21 101 220 
217 333 193 
361 190 260 
148 293 28 
286 158 278 
466 208 155 
70 497 308 
483 11 328 
150 101 42 
365 289 297 
450 166 412 
236 446 159 
290 289 59 
29 369 177 
227 473 199 
351 442 275 
468 174 15 
193 41 480 
177 440 469 
74 148 267 
469 118 463 
200 366 293 
391 303 115 
349 173 44 
123 102 275 
493 272 5 
136 146 166 
449 243 494 
75 272 185 
251 431 47 
186 17 105 
418 367 400 
244 243 214 
41 420 229 
353 496 205 
309 320 227 
443 0 221 
82 145 224 
397 66 27 
426 441 420 
302 249 96 
