1000
3
359 96 49 
408 248 282 
236 358 478 
443 235 188 
434 172 146 
193 349 31 
282 233 70 
103 227 359 
311 258 160 
415 204 377 
29 316 294 
182 434 123 
404 253 456 
474 474 253 
65 349 368 
249 301 191 
147 187 180 
273 149 381 
343 311 41 
261 23 216 
391 12 333 
433 10 230 
148 377 445 
124 166 344 
144 410 97 
390 40 400 
283 416 426 
144 156 46 
232 47 208 
24 363 214 
294 143 281 
31 479 50 
155 317 424 
466 499 148 
378 140 475 
111 396 255 
202 245 136 
183 308 374 
288 200 54 
3 169 291 
440 424 117 
107 27 399 
353 100 331 
383 2 210 
441 386 164 
88 363 99 
326 292 141 
476 49 328 
296 33 368 
195 46 311 
429 490 313 
384 314 293 
348 166 100 
346 360 391 
245 293 497 
129 269 299 
373 211 130 
173 398 61 
308 187 39 
404 379 291 
109 86 14 
112 364 61 
350 197 338 
42 445 308 
105 322 469 
399 361 445 
195 66 332 
343 48 298 
57 272 190 
358 420 200 
374 168 27 
60 435 70 
431 344 488 
120 287 66 
98 159 175 
484 195 24 
177 202 299 
415 276 207 
37 154 269 
290 12 42 
119 184 389 
118 348 441 
16 159 482 
425 45 376 
12 14 448 
246 317 396 
275 104 115 
228 61 66 
305 270 265 
459 188 165 
148 441 116 
485 278 220 
203 174 12 
144 195 335 
364 54 109 
74 240 329 
411 163 428 
94 69 212 
398 429 268 
316 211 307 
0 271 424 
318 164 159 
428 128 465 
293 37 168 
468 255 239 
285 57 419 
68 1 45 
192 451 220 
80 256 264 
183 356 191 
212 255 58 
163 190 110 
182 162 81 
296 26 112 
482 7 444 
141 474 63 
498 11 482 
78 279 425 
107 488 24 
46 4 477 
85 329 31 
4 405 410 
292 8 142 
241 45 177 
358 422 451 
318 12 273 
42 91 114 
180 248 303 
274 0 268 
319 369 37 
323 413 336 
419 397 28 
271 2 184 
344 433 236 
21 100 13 
267 136 429 
138 158 191 
252 78 57 
208 284 214 
433 480 477 
354 257 111 
411 424 476 
157 148 290 
232 52 247 
337 41 61 
199 198 127 
53 162 192 
80 308 228 
65 410 221 
57 373 85 
268 282 329 
318 106 102 
345 329 48 
44 139 41 
58 393 201 
22 484 23 
386 390 462 
171 398 281 
49 281 277 
195 326 455 
337 80 475 
422 28 205 
490 490 327 
54 285 171 
474 384 412 
324 282 16 
242 56 201 
273 19 188 
14 243 407 
492 472 373 
261 474 429 
482 347 229 
195 308 477 
115 427 466 
269 311 55 
481 397 391 
313 318 480 
61 191 214 
352 284 82 
410 394 254 
271 14 37 
481 221 458 
40 187 92 
353 297 226 
24 270 259 
127 233 416 
237 375 359 
393 190 480 
231 55 201 
423 201 160 
425 265 414 
288 209 332 
293 201 275 
68 361 307 
356 435 214 
262 312 302 
237 285 223 
154 396 453 
27 216 407 
75 354 241 
156 311 117 
406 432 30 
47 328 126 
243 267 23 
84 238 145 
457 194 41 
447 246 151 
493 157 159 
358 381 112 
476 281 426 
352 232 109 
319 317 33 
487 8 346 
20 95 83 
409 250 463 
102 135 132 
95 76 261 
405 451 130 
274 87 339 
86 192 470 
238 336 409 
61 146 290 
274 169 77 
254 222 64 
137 194 317 
403 126 235 
64 361 425 
423 86 116 
385 322 78 
45 342 160 
440 4 65 
446 186 390 
494 498 223 
124 83 144 
291 129 71 
391 330 496 
359 370 211 
487 384 297 
481 416 260 
96 161 186 
427 186 463 
276 108 154 
15 470 74 
235 261 241 
257 103 472 
290 168 103 
344 79 276 
205 108 98 
157 119 126 
419 429 424 
314 257 83 
137 98 320 
421 270 157 
446 453 278 
451 371 302 
441 203 76 
139 134 428 
225 306 154 
186 107 467 
240 215 222 
272 234 355 
122 21 101 
416 209 273 
317 202 141 
199 415 50 
60 331 140 
231 222 281 
27 270 90 
389 140 339 
470 370 146 
257 72 25 
238 275 478 
257 301 70 
447 371 31 
319 287 364 
246 373 314 
464 151 360 
112 208 336 
373 162 261 
35 174 461 
494 39 322 
63 127 197 
346 388 115 
6 443 426 
233 480 165 
93 161 98 
485 110 269 
346 462 263 
123 170 326 
1 85 75 
259 466 240 
15 74 94 
43 478 72 
277 460 355 
48 117 109 
204 134 215 
305 216 474 
281 494 341 
177 123 334 
384 168 478 
318 285 414 
413 499 159 
148 393 157 
424 185 184 
55 358 117 
438 280 148 
319 399 312 
416 46 225 
266 205 457 
6 454 68 
388 435 292 
119 323 257 
60 167 425 
327 105 149 
434 33 264 
341 141 236 
182 110 121 
240 166 105 
420 175 254 
4 314 422 
350 423 497 
39 307 119 
362 338 269 
415 80 365 
311 244 117 
497 156 16 
480 6 179 
472 154 207 
384 68 174 
354 202 36 
137 71 470 
464 16 229 
202 484 135 
469 272 238 
258 272 14 
234 175 95 
114 204 231 
290 446 105 
20 334 97 
336 49 176 
462 132 116 
360 439 284 
312 459 291 
10 282 393 
136 269 446 
414 23 497 
60 224 298 
373 386 182 
92 205 458 
380 386 158 
60 404 346 
408 112 97 
152 467 54 
51 268 41 
347 91 14 
463 141 140 
382 87 456 
179 112 191 
160 287 77 
461 475 498 
37 90 351 
261 141 296 
297 255 201 
92 185 322 
134 282 454 
194 176 409 
399 26 375 
143 155 256 
77 41 278 
25 89 231 
457 87 148 
316 184 473 
40 405 52 
353 262 192 
438 172 240 
235 119 338 
417 67 287 
304 93 145 
170 292 40 
236 315 345 
312 325 482 
388 242 331 
284 22 119 
309 63 472 
348 75 241 
29 144 42 
147 56 322 
233 281 438 
341 173 331 
38 369 415 
128 28 133 
341 260 320 
252 76 41 
366 361 46 
383 439 21 
60 85 117 
400 202 160 
175 380 194 
42 436 307 
95 111 219 
465 235 488 
1 373 37 
434 207 348 
174 431 307 
48 218 4 
478 388 252 
274 224 53 
491 295 315 
292 147 394 
181 15 191 
411 478 159 
188 64 99 
136 388 24 
306 396 454 
357 66 354 
195 131 238 
338 391 261 
54 11 265 
248 5 313 
175 92 427 
45 110 9 
212 83 62 
143 226 278 
6 389 12 
256 260 192 
123 428 497 
62 150 461 
312 158 22 
429 48 152 
281 124 323 
36 65 236 
94 359 179 
425 236 74 
69 106 496 
271 410 446 
63 228 458 
306 454 387 
243 340 396 
152 26 225 
28 397 18 
60 231 271 
354 217 489 
167 58 358 
267 484 462 
457 496 409 
75 128 220 
420 251 211 
63 284 99 
31 327 340 
116 93 374 
492 80 73 
326 337 191 
44 142 231 
474 297 102 
458 299 375 
276 183 459 
181 63 360 
238 401 277 
379 69 395 
396 165 410 
214 197 162 
312 167 469 
149 72 37 
421 261 337 
186 50 12 
106 332 235 
93 67 454 
191 225 470 
94 151 462 
63 455 156 
367 178 203 
469 385 345 
486 448 288 
302 24 147 
167 183 465 
359 117 305 
480 13 295 
174 17 249 
302 401 79 
65 63 69 
115 374 356 
377 158 46 
219 103 103 
298 461 99 
372 154 159 
371 63 12 
117 377 442 
434 385 45 
220 457 52 
497 35 95 
32 291 199 
284 269 231 
93 276 222 
271 161 252 
81 487 134 
424 279 469 
163 230 9 
446 415 370 
499 227 27 
331 99 36 
308 493 275 
263 496 483 
25 380 33 
307 56 436 
293 66 311 
196 330 376 
450 206 166 
389 1 380 
271 54 493 
456 188 230 
198 240 396 
375 367 26 
33 398 402 
140 382 108 
275 387 2 
439 228 245 
139 306 79 
129 402 109 
84 27 82 
288 235 85 
241 134 490 
134 268 74 
387 238 154 
219 408 179 
91 226 169 
63 248 296 
247 322 143 
414 28 279 
453 425 350 
130 387 110 
313 62 205 
321 318 2 
20 492 405 
6 476 311 
96 100 338 
72 384 492 
403 417 277 
366 4 28 
80 271 126 
113 209 307 
420 15 111 
453 145 173 
2 300 208 
71 136 91 
438 102 245 
409 269 116 
282 367 187 
337 378 387 
167 236 6 
337 222 487 
138 313 91 
115 377 4 
395 98 68 
176 139 70 
32 324 52 
251 444 304 
317 62 98 
139 125 285 
145 427 496 
251 44 74 
424 489 368 
427 84 382 
159 87 393 
117 69 406 
338 237 361 
409 134 323 
353 231 434 
248 71 441 
256 89 362 
231 202 180 
477 165 272 
411 68 370 
45 301 362 
353 354 482 
84 270 449 
317 66 203 
325 309 363 
256 447 319 
91 100 261 
84 414 39 
259 179 469 
146 58 171 
177 243 444 
162 96 262 
243 337 146 
455 128 292 
453 93 112 
454 70 332 
229 316 5 
369 298 327 
21 156 465 
328 336 442 
451 295 344 
236 379 439 
190 163 15 
373 206 107 
430 248 373 
28 327 22 
255 112 40 
106 225 135 
429 10 494 
71 353 367 
214 461 5 
471 200 130 
396 223 141 
63 446 491 
358 176 20 
40 70 51 
54 421 398 
86 240 409 
38 274 305 
292 445 475 
470 212 279 
293 239 364 
351 357 455 
298 127 434 
256 231 374 
200 190 472 
232 411 158 
122 458 171 
213 273 286 
467 127 374 
388 223 482 
296 399 237 
254 174 289 
145 274 96 
361 25 298 
412 87 209 
440 80 107 
102 370 381 
472 282 418 
10 40 97 
278 95 24 
379 147 313 
450 210 264 
393 391 490 
95 25 464 
295 355 67 
380 420 222 
236 215 23 
351 404 59 
41 9 217 
224 136 282 
257 379 274 
470 113 212 
146 424 432 
76 447 347 
70 114 305 
303 59 38 
113 3 192 
236 351 307 
177 284 375 
163 380 162 
1 383 190 
433 398 339 
83 465 37 
118 96 397 
458 374 282 
325 42 66 
406 441 436 
421 297 234 
453 292 361 
38 307 47 
129 178 447 
390 142 278 
485 17 235 
333 429 391 
241 194 341 
108 80 7 
239 9 77 
172 493 85 
22 410 210 
390 239 222 
127 280 87 
476 31 50 
246 392 349 
38 234 180 
161 345 74 
438 270 316 
206 86 239 
103 7 475 
468 258 86 
242 64 7 
408 355 313 
381 274 368 
200 395 430 
478 112 92 
266 474 218 
27 124 386 
319 383 423 
424 390 145 
482 328 476 
119 395 15 
446 97 64 
22 326 83 
210 430 343 
5 190 426 
275 472 325 
188 82 82 
274 157 497 
369 468 299 
45 485 187 
448 251 479 
145 361 269 
15 250 358 
63 410 303 
358 111 297 
213 180 242 
65 366 312 
329 0 62 
199 185 306 
471 165 139 
221 281 133 
311 75 74 
408 440 33 
391 224 318 
330 162 309 
332 82 12 
441 417 401 
376 223 226 
220 221 458 
273 126 258 
492 177 248 
126 175 62 
3 131 301 
64 84 339 
456 124 266 
469 325 459 
4 110 368 
80 282 142 
110 113 190 
314 183 162 
452 320 35 
146 255 451 
361 226 87 
97 98 444 
339 205 209 
241 499 342 
363 359 340 
184 18 71 
289 393 171 
275 75 99 
9 343 361 
368 418 170 
64 67 44 
356 242 471 
216 180 154 
154 143 409 
405 320 291 
149 469 166 
223 253 370 
10 235 75 
369 229 345 
250 429 420 
212 22 137 
120 455 440 
217 265 44 
421 69 386 
179 183 196 
99 97 328 
491 187 166 
288 277 334 
351 217 318 
451 362 42 
396 308 323 
461 182 339 
387 118 32 
95 152 298 
433 136 57 
401 260 68 
18 272 270 
304 255 34 
21 95 293 
194 386 74 
26 159 193 
202 370 268 
181 275 415 
258 147 49 
222 484 341 
293 264 245 
368 413 372 
290 255 301 
228 117 63 
223 255 61 
27 442 429 
312 253 200 
229 122 368 
137 136 232 
274 356 468 
466 385 253 
121 149 413 
480 468 401 
465 14 102 
415 351 469 
279 367 167 
431 180 130 
16 488 164 
267 74 273 
2 460 120 
158 44 0 
182 39 27 
423 215 216 
419 314 256 
310 371 365 
21 149 251 
295 438 436 
426 410 290 
336 23 376 
324 74 20 
450 482 149 
68 487 447 
200 71 188 
430 460 23 
216 401 69 
243 299 188 
80 425 462 
194 50 484 
110 423 127 
25 48 44 
313 238 457 
304 216 154 
262 56 487 
96 441 197 
214 214 3 
147 173 117 
425 346 492 
51 130 21 
24 174 255 
382 141 60 
252 96 378 
77 87 458 
3 448 74 
449 90 39 
452 93 266 
66 380 94 
192 6 107 
257 315 439 
230 158 219 
239 133 184 
199 127 307 
140 384 497 
214 119 410 
24 418 483 
167 407 310 
62 482 21 
190 290 294 
149 101 345 
44 35 139 
9 339 419 
48 137 47 
438 69 78 
116 201 315 
420 322 45 
206 457 382 
493 107 264 
20 225 142 
312 297 371 
199 104 255 
26 132 19 
151 387 76 
81 263 110 
139 12 358 
473 135 13 
385 314 407 
147 184 488 
42 179 102 
88 483 99 
75 76 369 
120 468 247 
174 499 52 
55 409 499 
41 121 176 
41 129 123 
240 390 353 
309 404 366 
341 201 401 
54 198 488 
182 479 180 
243 42 443 
207 188 35 
101 410 62 
370 16 95 
108 93 486 
54 96 251 
23 473 349 
478 433 169 
195 479 146 
287 367 225 
449 262 304 
232 211 152 
192 474 206 
104 377 261 
80 312 127 
261 105 225 
370 159 203 
201 290 116 
212 107 291 
327 99 469 
416 147 140 
95 132 165 
364 44 391 
456 304 87 
279 224 363 
409 306 77 
404 217 381 
82 19 113 
60 242 207 
8 469 27 
285 53 387 
185 192 363 
90 490 176 
178 357 60 
485 47 69 
93 257 176 
449 3 6 
435 80 175 
419 433 270 
17 447 159 
392 141 208 
149 375 65 
425 200 108 
351 209 450 
73 379 285 
351 138 310 
197 355 401 
326 376 459 
164 262 299 
206 174 16 
295 113 132 
370 91 47 
294 375 44 
232 127 32 
456 252 333 
480 266 132 
231 276 212 
340 304 471 
129 332 241 
218 254 250 
83 224 127 
418 70 90 
215 478 191 
206 456 223 
301 417 141 
44 44 283 
490 94 11 
419 114 441 
67 249 57 
447 77 161 
450 3 41 
108 120 190 
290 125 196 
218 54 470 
125 298 174 
482 164 206 
166 5 448 
332 411 447 
211 157 75 
245 412 16 
271 37 129 
28 72 65 
161 144 95 
371 253 343 
499 16 279 
33 125 287 
100 399 467 
437 73 63 
363 68 51 
192 454 13 
107 138 457 
487 263 285 
400 425 262 
468 190 132 
36 57 461 
307 263 40 
175 408 195 
53 147 168 
104 11 438 
298 465 323 
445 488 153 
310 35 403 
106 310 25 
263 263 452 
106 32 227 
176 162 271 
188 326 363 
128 259 282 
134 489 489 
371 112 476 
366 36 121 
215 298 83 
198 293 244 
392 215 88 
425 154 204 
378 99 389 
425 365 323 
184 398 497 
324 157 192 
484 256 64 
274 484 342 
193 260 45 
