1000
3
485 454 202 
301 144 435 
87 88 363 
413 378 446 
160 357 486 
222 160 441 
383 481 228 
94 109 363 
336 42 337 
12 492 322 
219 84 23 
349 29 107 
488 487 457 
73 185 72 
401 442 52 
231 230 134 
261 479 472 
345 197 327 
121 185 44 
76 13 397 
30 184 324 
323 140 80 
428 190 331 
241 143 106 
130 233 281 
32 456 150 
482 401 366 
5 402 136 
439 152 143 
345 250 141 
5 186 65 
464 69 108 
231 84 203 
373 109 495 
85 386 178 
39 225 8 
92 496 120 
258 303 48 
234 425 173 
99 310 427 
157 245 67 
18 158 66 
389 288 200 
405 461 294 
289 288 391 
6 29 479 
394 142 376 
47 379 22 
445 35 480 
306 260 179 
376 334 470 
330 191 351 
9 338 135 
110 160 130 
47 140 368 
236 209 477 
304 88 267 
178 163 170 
7 163 279 
492 267 270 
188 76 288 
62 192 342 
442 191 422 
373 249 387 
385 144 188 
358 398 247 
155 63 454 
364 277 92 
58 429 76 
105 22 124 
19 376 133 
95 49 0 
311 153 44 
439 373 398 
110 42 465 
447 277 102 
498 406 82 
53 267 93 
195 348 233 
65 53 183 
460 250 237 
401 138 334 
281 359 487 
257 264 64 
169 309 490 
460 428 418 
401 230 346 
239 364 463 
400 155 82 
69 496 4 
388 461 99 
104 461 89 
17 163 411 
487 89 40 
382 232 419 
406 409 232 
188 318 85 
219 496 212 
178 291 259 
4 265 265 
354 364 92 
380 387 475 
166 329 256 
325 11 405 
212 490 307 
372 499 29 
275 42 127 
27 464 257 
389 192 129 
323 399 182 
105 114 253 
423 281 3 
242 314 492 
171 112 492 
172 424 216 
92 275 151 
12 378 76 
135 152 464 
467 356 484 
255 87 51 
165 397 493 
50 7 351 
87 230 466 
171 277 240 
412 156 212 
493 246 426 
161 71 364 
86 60 158 
484 454 449 
4 79 205 
421 310 123 
486 118 67 
321 495 118 
34 390 395 
246 335 378 
1 230 327 
4 296 358 
383 469 491 
23 464 73 
416 259 221 
400 134 492 
448 64 261 
428 366 298 
368 122 362 
78 117 373 
462 264 135 
294 211 164 
21 21 179 
376 151 381 
116 338 264 
333 470 440 
143 330 482 
104 214 98 
223 480 12 
219 327 363 
470 242 52 
375 191 480 
84 290 334 
179 490 25 
457 350 114 
136 252 198 
69 271 62 
385 155 259 
104 460 6 
133 157 337 
300 112 446 
220 132 286 
80 128 2 
96 142 323 
226 323 81 
298 123 268 
168 10 41 
373 229 263 
23 162 144 
83 403 70 
397 253 350 
205 320 408 
228 459 230 
66 182 356 
119 398 153 
456 348 225 
62 311 345 
74 229 77 
351 226 499 
312 325 255 
54 198 110 
93 28 391 
73 482 90 
336 477 142 
27 418 138 
67 276 358 
168 359 464 
208 119 262 
266 356 352 
380 123 97 
492 27 190 
175 359 298 
406 273 297 
348 36 150 
65 76 221 
440 378 251 
463 222 351 
325 80 372 
78 381 277 
318 441 331 
182 130 149 
348 89 291 
33 432 409 
219 267 333 
260 65 26 
176 9 8 
409 125 58 
484 231 369 
198 129 89 
148 344 271 
96 325 320 
386 476 33 
269 479 306 
119 96 29 
5 95 387 
5 169 410 
115 273 212 
334 393 115 
270 184 343 
33 117 142 
180 31 359 
208 49 493 
116 46 416 
387 3 16 
483 60 496 
134 221 397 
276 307 366 
103 482 482 
100 420 139 
26 198 164 
429 240 333 
389 16 371 
174 103 434 
177 136 15 
229 257 279 
330 151 87 
322 195 29 
5 274 115 
208 484 359 
375 51 316 
28 88 94 
65 59 290 
241 361 47 
357 189 95 
202 50 487 
111 304 238 
467 402 378 
437 135 229 
171 228 430 
180 93 120 
132 260 24 
431 348 454 
141 462 293 
436 326 206 
274 127 371 
341 241 179 
212 489 51 
10 160 19 
478 171 394 
30 232 383 
364 311 360 
236 299 280 
419 366 153 
405 153 267 
462 407 129 
419 385 160 
499 111 110 
145 265 415 
186 155 35 
148 227 129 
213 277 3 
251 17 210 
248 372 426 
50 182 186 
35 354 340 
314 69 379 
116 139 337 
233 279 381 
454 446 178 
311 396 350 
301 426 46 
85 93 497 
177 108 319 
1 274 41 
147 186 76 
389 198 89 
276 200 278 
314 152 31 
489 173 102 
163 314 124 
119 390 292 
36 454 168 
47 93 355 
124 393 361 
470 232 326 
169 457 64 
52 167 119 
257 178 192 
406 235 212 
186 480 485 
120 214 474 
273 220 119 
334 125 173 
371 19 392 
473 455 51 
15 221 227 
81 386 144 
29 485 395 
400 466 145 
315 378 487 
129 421 490 
289 379 325 
122 156 38 
217 44 142 
350 18 287 
108 117 493 
237 72 364 
201 69 493 
280 30 175 
8 464 97 
294 468 453 
458 402 412 
485 392 398 
402 261 367 
2 344 90 
460 496 475 
435 234 402 
87 170 456 
380 53 496 
249 217 158 
135 11 45 
241 127 429 
373 169 21 
392 439 17 
40 408 211 
183 245 44 
475 0 250 
71 152 341 
243 119 407 
288 203 324 
168 443 246 
331 201 147 
368 165 355 
438 277 459 
341 317 499 
315 273 332 
126 328 429 
451 454 348 
91 450 216 
158 110 171 
399 72 441 
92 198 288 
118 273 231 
35 452 251 
474 455 137 
143 205 297 
191 270 393 
327 301 473 
130 476 183 
290 331 354 
316 101 432 
273 285 182 
9 113 438 
347 70 382 
51 186 273 
446 18 462 
75 261 337 
491 390 448 
164 385 240 
123 328 488 
210 489 101 
274 356 142 
142 222 77 
192 244 142 
95 11 70 
373 329 250 
24 218 53 
488 266 129 
381 117 293 
183 489 471 
33 394 180 
412 326 190 
321 308 169 
35 205 204 
297 45 374 
22 168 178 
478 41 372 
288 318 329 
456 273 378 
5 424 47 
200 245 104 
286 149 327 
146 494 267 
98 26 59 
325 345 239 
348 196 410 
56 343 76 
266 209 382 
327 317 465 
199 18 140 
162 254 187 
124 15 397 
341 270 69 
397 208 425 
192 155 401 
391 26 147 
217 315 96 
156 412 132 
196 226 232 
152 170 430 
140 234 46 
391 158 317 
252 138 369 
241 212 231 
6 72 229 
491 465 225 
425 459 273 
406 482 235 
420 13 364 
368 336 393 
459 319 340 
274 328 218 
75 119 441 
491 371 189 
486 309 49 
304 264 11 
282 233 204 
263 271 243 
371 434 438 
0 469 410 
172 181 349 
7 358 450 
21 92 260 
131 227 394 
105 0 192 
482 454 4 
460 159 14 
282 4 187 
7 37 447 
454 292 437 
344 342 167 
11 81 103 
270 485 189 
292 385 220 
74 392 430 
31 225 214 
181 249 271 
14 299 332 
88 195 7 
337 462 55 
376 12 113 
28 287 447 
74 258 404 
343 215 190 
115 88 230 
132 450 107 
118 133 478 
150 371 445 
228 395 316 
44 433 162 
388 93 133 
212 110 90 
58 74 307 
183 397 68 
111 491 214 
19 439 492 
461 202 230 
352 476 188 
473 172 293 
247 421 353 
286 100 133 
19 156 343 
298 478 220 
144 412 469 
487 324 469 
253 350 250 
53 478 496 
193 401 138 
172 75 377 
86 186 364 
42 151 297 
377 221 166 
491 16 486 
347 374 372 
96 369 68 
367 230 138 
438 20 448 
111 173 493 
0 171 466 
234 456 301 
264 90 344 
364 95 322 
36 270 488 
147 172 181 
432 263 229 
159 27 89 
206 490 219 
386 487 251 
354 64 206 
371 121 129 
207 135 161 
197 94 10 
288 6 473 
207 69 316 
107 361 126 
284 497 22 
436 235 272 
139 21 64 
88 86 189 
400 23 219 
490 357 9 
297 75 121 
381 457 371 
78 418 244 
12 299 200 
374 227 92 
82 259 388 
463 260 291 
15 497 89 
67 32 431 
68 370 64 
178 489 391 
193 275 180 
199 226 485 
217 471 356 
408 42 236 
360 30 458 
479 25 274 
74 477 402 
438 467 323 
151 35 453 
428 384 423 
447 172 199 
313 375 102 
210 425 187 
386 298 447 
414 443 340 
439 362 204 
373 464 395 
466 437 30 
115 498 428 
78 204 386 
330 436 178 
189 21 108 
371 409 314 
178 264 206 
348 33 175 
132 292 499 
70 58 358 
33 127 460 
390 69 87 
32 96 378 
99 219 158 
243 68 150 
95 176 155 
368 252 57 
37 462 195 
176 373 234 
348 9 210 
479 486 386 
117 13 450 
289 108 109 
432 310 46 
187 383 189 
27 307 338 
126 251 164 
360 141 276 
480 296 85 
297 378 88 
225 94 353 
296 369 325 
488 112 19 
354 100 243 
161 456 162 
58 433 149 
232 224 448 
88 388 236 
347 89 462 
222 228 242 
226 135 280 
42 133 345 
387 264 478 
90 270 13 
86 284 253 
21 437 78 
44 20 332 
191 423 50 
392 94 3 
334 273 17 
57 169 140 
14 194 25 
115 191 313 
237 178 289 
143 125 499 
486 389 458 
171 312 145 
325 113 10 
388 479 440 
98 476 146 
493 293 53 
129 255 364 
378 25 62 
372 341 148 
48 144 245 
437 455 470 
281 118 377 
332 473 184 
245 469 57 
222 57 466 
70 325 93 
54 278 286 
476 250 288 
56 480 342 
56 222 304 
360 114 155 
377 1 157 
70 225 133 
191 369 368 
325 196 392 
246 351 383 
450 187 77 
201 337 313 
32 217 432 
191 35 363 
270 287 229 
126 237 382 
96 136 45 
265 404 301 
0 444 480 
471 203 19 
144 368 239 
133 16 27 
209 120 53 
473 411 364 
90 200 133 
104 435 110 
113 102 277 
88 391 236 
429 7 284 
163 220 284 
75 113 411 
75 278 480 
257 494 475 
261 410 51 
106 379 459 
165 130 3 
257 465 13 
457 150 272 
413 203 243 
158 423 26 
351 429 262 
435 233 124 
376 207 63 
43 414 102 
203 216 129 
419 335 265 
258 133 388 
460 298 179 
446 36 158 
156 76 454 
316 145 403 
312 15 165 
450 18 213 
452 302 391 
234 429 71 
495 28 129 
40 79 268 
64 371 255 
52 339 465 
412 427 397 
241 2 378 
432 491 155 
391 235 349 
94 217 145 
122 320 92 
321 47 345 
375 457 304 
409 288 354 
283 101 91 
150 324 136 
63 313 213 
342 15 182 
480 192 20 
462 103 207 
356 319 312 
240 27 419 
211 285 50 
267 438 325 
363 183 0 
398 467 100 
297 120 187 
141 310 3 
457 285 164 
90 166 261 
312 206 318 
142 350 397 
328 189 106 
148 9 379 
9 65 200 
417 205 355 
236 361 178 
240 5 48 
192 81 333 
139 305 300 
471 52 35 
31 443 153 
258 121 238 
137 497 93 
304 80 164 
212 283 110 
171 336 110 
144 21 316 
200 422 201 
75 235 180 
125 260 278 
416 193 320 
339 86 319 
15 221 422 
52 497 254 
420 80 38 
285 66 2 
164 20 423 
352 296 217 
19 235 62 
255 230 106 
249 316 324 
285 428 173 
51 9 66 
34 105 14 
404 1 468 
490 430 10 
395 129 432 
328 188 426 
337 474 372 
166 289 1 
443 115 11 
15 124 240 
197 171 33 
356 84 241 
61 192 89 
355 459 187 
162 264 147 
237 335 88 
299 340 197 
395 316 367 
424 213 329 
460 477 443 
64 398 259 
339 324 392 
228 92 374 
342 4 461 
208 326 25 
173 161 326 
238 262 298 
140 125 95 
499 454 245 
487 237 282 
49 63 401 
47 227 143 
299 150 425 
169 492 367 
426 271 390 
166 27 437 
201 111 4 
480 211 192 
445 54 142 
203 494 154 
290 235 498 
259 454 298 
161 145 195 
340 329 492 
64 120 335 
349 274 390 
272 399 428 
269 2 15 
144 246 6 
433 312 181 
91 124 55 
293 352 360 
247 240 432 
118 372 376 
63 488 389 
461 294 343 
396 419 252 
27 33 496 
451 287 135 
416 70 375 
101 497 345 
23 139 446 
163 389 301 
0 125 362 
170 389 307 
357 199 157 
360 469 488 
118 267 462 
364 135 52 
240 412 389 
162 12 225 
319 123 8 
299 28 275 
134 395 143 
163 285 125 
423 173 496 
407 121 212 
479 405 184 
201 307 325 
215 497 258 
473 213 467 
197 209 158 
122 264 311 
378 288 464 
245 145 30 
159 200 238 
325 76 123 
21 386 381 
308 15 482 
159 449 144 
37 429 440 
417 31 342 
364 279 93 
129 246 129 
450 178 411 
181 128 116 
197 287 19 
313 353 4 
436 494 489 
45 270 209 
3 369 140 
425 50 47 
451 429 446 
221 337 364 
274 3 189 
17 282 52 
310 191 321 
484 258 320 
13 155 59 
168 452 121 
381 493 383 
495 371 265 
343 49 400 
397 143 486 
374 97 157 
454 17 56 
33 66 419 
90 439 27 
20 329 9 
409 90 13 
141 215 127 
180 58 381 
78 347 199 
2 260 71 
0 148 103 
92 188 332 
482 132 88 
171 340 107 
18 243 128 
294 411 371 
114 323 419 
4 392 425 
131 69 268 
353 137 458 
89 185 192 
431 89 461 
207 455 437 
260 351 82 
360 128 421 
488 311 282 
119 349 138 
188 51 362 
140 177 438 
0 313 249 
222 85 130 
298 199 8 
15 11 405 
274 148 160 
163 455 393 
463 161 318 
203 226 123 
327 492 301 
229 347 404 
67 411 185 
6 485 82 
407 114 351 
110 311 249 
260 480 369 
248 333 155 
484 359 137 
398 430 385 
128 33 416 
340 478 305 
329 70 83 
347 78 259 
142 217 204 
83 163 468 
163 448 42 
306 289 153 
14 387 51 
443 346 404 
150 161 327 
220 485 63 
231 422 62 
115 70 161 
128 471 396 
479 157 339 
267 177 278 
28 51 371 
208 320 111 
144 276 136 
122 142 368 
75 300 84 
25 48 492 
242 473 135 
232 217 430 
319 251 303 
1 224 298 
137 329 380 
357 417 32 
343 241 341 
233 59 321 
109 399 171 
334 258 85 
68 329 175 
259 359 499 
348 138 470 
267 446 428 
429 460 65 
139 105 305 
55 276 23 
320 206 28 
344 259 329 
439 82 302 
53 405 99 
145 269 226 
33 405 277 
53 313 292 
176 294 258 
198 136 22 
98 59 132 
188 385 198 
276 321 274 
80 254 476 
378 383 313 
412 428 394 
30 176 219 
226 108 406 
131 189 229 
127 62 383 
187 27 468 
203 465 40 
455 486 49 
414 25 271 
8 210 324 
237 158 163 
468 270 256 
495 271 369 
345 11 33 
276 460 443 
251 492 420 
5 403 109 
93 28 391 
97 19 153 
295 358 182 
101 208 409 
225 50 446 
255 25 329 
174 294 293 
337 102 251 
114 399 120 
164 433 89 
289 449 182 
121 491 361 
358 322 209 
239 457 166 
187 286 409 
305 246 451 
314 53 417 
214 283 271 
343 80 435 
122 277 455 
133 3 345 
475 498 477 
281 262 124 
258 369 264 
441 12 279 
221 50 123 
94 123 150 
363 10 140 
227 422 476 
477 155 415 
370 494 237 
222 141 351 
242 430 331 
254 43 73 
487 447 74 
103 102 149 
