1000
3
157 467 7 
302 478 212 
178 393 367 
40 404 184 
182 91 57 
448 249 21 
496 418 66 
354 487 383 
217 178 194 
396 172 48 
259 497 29 
338 220 24 
60 87 278 
67 484 177 
311 474 253 
484 207 34 
335 229 78 
481 70 336 
69 195 470 
136 344 272 
219 468 237 
281 130 115 
288 50 46 
453 7 105 
14 86 433 
124 104 325 
286 33 260 
13 241 219 
399 232 23 
465 267 3 
308 115 135 
310 376 17 
264 127 476 
156 272 131 
286 264 214 
38 351 76 
79 58 441 
86 388 458 
38 410 354 
252 376 110 
463 325 330 
332 374 127 
179 376 231 
290 106 382 
361 424 131 
248 301 102 
474 21 191 
83 498 28 
35 203 4 
404 86 478 
385 34 32 
493 310 337 
168 182 160 
459 3 207 
168 388 297 
172 33 196 
57 486 412 
422 107 8 
374 244 405 
270 202 223 
276 37 222 
427 421 430 
472 297 296 
23 160 417 
199 119 41 
494 357 367 
421 345 451 
481 131 493 
148 258 169 
109 145 305 
66 349 115 
374 206 136 
93 381 496 
476 442 63 
98 414 5 
74 265 228 
108 214 75 
310 63 257 
82 113 373 
468 18 16 
405 249 112 
453 291 20 
206 39 181 
253 31 265 
183 356 112 
396 403 224 
356 375 214 
420 10 452 
352 356 485 
430 363 163 
490 45 175 
273 210 250 
372 47 398 
0 354 456 
20 234 266 
428 134 336 
243 365 443 
233 292 81 
7 438 204 
419 21 52 
52 181 32 
159 117 27 
89 182 64 
191 61 76 
166 492 151 
438 468 371 
406 9 471 
452 40 211 
177 186 214 
461 218 369 
332 195 23 
148 225 142 
429 265 186 
20 284 45 
200 419 370 
346 28 453 
36 467 74 
489 312 398 
425 389 470 
117 6 96 
109 396 240 
258 265 376 
121 228 112 
436 224 344 
142 328 311 
160 446 478 
167 43 230 
446 130 416 
94 399 425 
120 490 281 
92 300 323 
418 448 283 
424 455 91 
146 198 244 
35 426 413 
228 9 288 
258 404 252 
28 431 219 
339 91 277 
395 456 338 
102 75 296 
64 490 404 
239 37 256 
363 377 134 
151 277 239 
74 82 6 
103 78 322 
55 88 492 
46 139 389 
137 337 117 
402 376 449 
85 309 377 
455 450 96 
96 468 267 
324 100 479 
206 384 459 
424 184 136 
406 197 353 
177 135 248 
240 0 447 
146 455 167 
319 115 25 
252 195 258 
172 204 0 
224 163 147 
59 346 52 
298 183 448 
452 230 414 
161 408 133 
281 192 208 
199 489 412 
163 460 117 
401 406 164 
196 15 417 
208 86 177 
476 496 124 
323 371 126 
173 305 94 
278 491 312 
108 247 326 
326 475 203 
6 94 246 
192 216 354 
37 103 131 
18 86 369 
320 126 465 
372 146 328 
359 55 341 
167 332 247 
348 208 315 
335 322 295 
39 168 358 
366 331 130 
302 30 168 
370 126 287 
307 386 147 
335 62 54 
250 491 175 
117 55 411 
60 191 467 
499 47 62 
225 150 278 
433 478 174 
12 388 441 
122 206 152 
90 174 388 
134 279 441 
164 459 183 
182 241 368 
219 300 477 
411 164 98 
137 106 168 
180 175 363 
262 388 327 
293 183 238 
83 19 338 
31 272 195 
480 72 441 
259 226 107 
491 360 485 
366 356 131 
280 426 353 
57 153 248 
227 9 113 
490 381 134 
98 160 248 
212 50 281 
457 313 498 
38 20 445 
271 399 162 
493 350 218 
236 418 318 
493 415 457 
165 490 232 
169 240 409 
174 413 93 
79 480 478 
160 410 133 
90 326 114 
318 454 232 
450 293 180 
104 468 429 
316 131 148 
167 432 144 
23 464 224 
138 9 345 
76 135 216 
319 95 65 
184 69 119 
254 265 408 
214 380 228 
38 71 300 
402 47 183 
327 358 28 
393 359 6 
55 181 347 
86 60 405 
142 193 297 
184 283 465 
384 141 91 
69 447 476 
101 85 355 
248 34 371 
119 85 409 
81 439 453 
104 480 279 
74 469 452 
357 302 297 
141 431 276 
422 99 360 
487 138 249 
303 313 199 
101 421 82 
446 204 152 
91 9 336 
452 418 468 
148 394 480 
174 487 221 
494 335 457 
128 65 89 
31 175 21 
209 338 222 
249 151 420 
496 413 373 
319 194 380 
204 478 74 
198 36 27 
35 254 70 
18 223 366 
134 140 188 
156 129 17 
406 139 145 
259 402 203 
165 417 319 
474 29 152 
489 301 146 
49 59 343 
374 355 3 
109 6 135 
165 424 37 
383 148 304 
86 109 285 
25 291 273 
166 220 256 
418 432 255 
439 305 390 
286 110 39 
405 243 40 
23 368 181 
337 416 177 
477 248 41 
435 398 107 
319 419 376 
13 123 234 
360 129 389 
1 126 452 
297 400 27 
452 386 197 
213 456 436 
376 26 468 
135 380 322 
463 59 481 
294 56 274 
278 322 309 
469 231 134 
35 132 371 
53 442 121 
475 491 58 
268 450 477 
108 316 146 
459 282 154 
150 358 418 
423 110 423 
438 0 244 
473 185 24 
224 235 271 
353 285 62 
458 399 328 
366 265 394 
258 252 310 
103 431 141 
420 130 178 
441 177 316 
307 370 268 
280 214 96 
483 343 173 
178 448 237 
481 0 257 
47 58 142 
108 240 479 
420 296 412 
286 371 2 
3 166 403 
20 455 279 
15 499 461 
79 291 270 
395 2 333 
331 140 433 
352 17 136 
457 353 376 
126 194 407 
173 255 423 
2 363 105 
488 104 351 
86 346 293 
207 472 365 
230 229 7 
228 102 371 
390 50 48 
212 78 177 
283 444 44 
35 104 48 
477 238 322 
275 356 497 
265 482 253 
365 137 127 
206 62 202 
330 127 6 
457 161 159 
352 418 4 
125 91 18 
210 469 446 
123 439 489 
132 422 420 
76 408 365 
289 359 143 
159 400 333 
159 369 20 
316 404 423 
104 291 299 
260 191 30 
494 148 302 
131 470 272 
285 40 484 
411 7 421 
119 287 116 
392 188 126 
217 10 200 
225 166 49 
371 408 77 
497 366 432 
228 1 58 
353 425 317 
96 355 285 
352 478 313 
10 307 292 
125 67 208 
280 147 474 
161 128 129 
266 367 242 
80 180 11 
398 113 150 
57 295 155 
30 322 56 
84 13 172 
342 199 465 
49 248 170 
418 241 340 
422 329 94 
481 373 395 
313 241 54 
123 272 339 
155 435 110 
378 260 10 
107 70 224 
104 86 177 
454 159 85 
419 179 473 
116 379 314 
367 345 157 
37 245 424 
372 311 45 
87 313 487 
490 369 418 
232 397 333 
342 142 38 
418 494 494 
81 257 233 
322 317 499 
489 436 259 
113 189 17 
236 286 248 
294 416 109 
435 39 50 
225 176 89 
82 342 407 
354 39 440 
13 98 398 
2 345 449 
28 489 99 
16 498 372 
273 310 359 
146 160 368 
493 171 346 
437 97 374 
78 492 473 
455 178 12 
191 485 207 
255 219 284 
244 494 387 
299 135 165 
263 361 132 
354 472 173 
144 365 231 
231 307 300 
26 253 430 
100 483 484 
247 144 321 
265 43 413 
47 168 70 
351 98 44 
108 172 360 
367 219 375 
446 173 380 
397 166 446 
159 307 249 
78 320 227 
416 113 366 
134 419 462 
441 3 3 
476 403 127 
390 32 35 
325 101 227 
190 152 325 
286 197 91 
59 88 121 
197 438 327 
270 442 59 
206 318 399 
204 275 429 
318 387 104 
42 122 393 
4 298 423 
459 482 405 
29 249 495 
242 259 278 
400 287 439 
217 446 206 
57 489 70 
392 469 492 
277 400 46 
318 330 405 
345 105 312 
131 399 49 
434 312 242 
474 376 168 
435 430 84 
447 78 218 
43 287 79 
449 115 300 
106 140 426 
473 438 168 
85 262 242 
456 418 301 
456 140 312 
374 412 160 
354 389 485 
420 31 483 
491 308 137 
113 305 296 
51 458 373 
466 498 257 
63 346 5 
6 123 339 
177 65 487 
8 112 384 
129 108 492 
7 394 343 
40 231 41 
129 372 413 
446 165 176 
46 298 183 
215 474 132 
20 465 460 
143 427 366 
213 396 0 
410 114 63 
168 239 189 
381 68 381 
261 31 393 
277 338 120 
93 328 447 
386 359 412 
230 103 101 
482 234 74 
499 343 408 
439 392 413 
112 121 233 
429 420 279 
210 328 123 
239 362 79 
152 352 267 
260 154 415 
238 114 436 
13 113 137 
418 308 66 
211 434 103 
326 411 410 
167 271 317 
323 100 126 
311 418 93 
113 423 359 
469 196 72 
163 263 96 
391 488 305 
489 196 345 
29 358 215 
16 169 67 
123 211 57 
382 468 294 
267 116 272 
182 431 198 
48 392 161 
227 485 426 
228 102 455 
107 245 61 
484 191 157 
189 338 181 
88 301 152 
472 171 199 
249 245 225 
87 84 347 
322 441 314 
34 493 413 
8 90 496 
62 169 256 
462 20 41 
155 445 309 
421 293 117 
208 124 461 
266 8 1 
325 174 431 
51 60 107 
322 338 406 
220 262 104 
112 326 473 
485 99 199 
55 11 378 
268 221 411 
92 140 11 
249 413 173 
110 242 45 
421 213 145 
282 273 457 
63 274 471 
333 496 396 
135 12 412 
277 66 397 
358 81 422 
72 0 347 
245 115 208 
22 171 418 
331 329 271 
457 130 149 
304 111 77 
484 166 130 
64 46 381 
325 281 13 
172 475 86 
437 227 396 
157 161 415 
115 241 314 
302 378 153 
25 84 322 
177 149 228 
98 29 471 
409 226 7 
166 106 305 
176 155 100 
288 271 293 
227 96 5 
42 458 344 
404 14 461 
383 91 486 
91 156 280 
30 81 427 
47 24 175 
293 67 159 
196 385 478 
83 216 21 
280 384 346 
492 137 183 
32 141 461 
406 381 114 
458 407 369 
288 226 19 
56 90 426 
445 212 310 
330 134 121 
495 10 402 
209 6 455 
177 345 56 
272 239 47 
455 108 361 
336 161 161 
440 10 214 
94 349 135 
276 450 168 
90 182 449 
491 392 145 
305 19 382 
90 234 409 
378 111 54 
194 140 430 
333 429 444 
90 324 122 
77 357 113 
188 324 83 
184 101 159 
28 481 42 
233 177 174 
286 16 245 
486 420 267 
283 48 0 
466 413 51 
492 296 423 
56 256 431 
466 480 244 
10 125 359 
386 112 237 
336 91 241 
149 489 232 
379 376 488 
21 51 331 
461 6 298 
248 232 83 
163 422 316 
282 39 416 
389 72 273 
312 123 197 
156 488 119 
397 450 163 
179 463 267 
238 102 90 
218 423 182 
123 208 452 
295 61 7 
194 25 340 
399 20 385 
485 441 290 
329 233 488 
446 74 29 
378 141 376 
53 83 132 
113 41 369 
163 430 467 
107 61 203 
356 496 426 
382 115 89 
241 124 292 
459 497 348 
423 124 14 
193 355 80 
102 130 2 
467 226 257 
495 234 259 
277 259 60 
66 73 70 
328 68 167 
338 49 252 
490 338 485 
379 113 49 
231 261 419 
350 0 325 
192 476 129 
95 109 7 
415 23 136 
118 211 171 
141 4 481 
127 401 109 
176 392 238 
94 493 334 
91 249 82 
314 234 400 
262 472 235 
133 59 284 
63 399 247 
232 411 380 
391 490 319 
374 437 418 
300 377 454 
418 142 326 
242 148 338 
398 485 166 
204 299 158 
430 453 213 
45 360 326 
1 33 76 
264 329 417 
316 391 111 
214 83 478 
253 203 78 
217 375 364 
419 227 385 
355 5 215 
252 136 87 
321 362 141 
360 137 446 
340 88 257 
22 49 67 
481 217 443 
289 397 469 
46 123 78 
117 307 473 
361 497 361 
305 289 183 
485 310 0 
146 465 191 
30 430 309 
80 6 138 
266 131 253 
134 176 76 
17 21 368 
77 107 20 
259 121 205 
490 447 101 
76 279 460 
409 25 428 
445 482 247 
256 417 132 
338 369 413 
359 163 67 
434 424 489 
454 432 49 
34 208 469 
439 214 272 
244 43 406 
150 257 467 
77 124 339 
424 245 322 
457 393 345 
4 122 124 
402 488 323 
460 153 443 
379 135 172 
244 303 66 
477 212 309 
220 312 174 
188 380 39 
351 1 174 
133 470 431 
349 116 377 
472 330 28 
232 109 190 
125 316 497 
402 85 37 
39 316 337 
265 393 155 
230 60 497 
140 247 236 
475 339 205 
437 149 101 
30 319 472 
411 19 324 
294 325 43 
354 370 410 
49 315 56 
248 454 431 
338 96 364 
39 472 59 
214 367 391 
136 442 223 
22 177 67 
331 493 482 
117 408 64 
433 44 247 
97 368 344 
257 170 146 
441 271 166 
360 365 85 
162 445 391 
164 23 204 
156 439 119 
258 32 251 
493 69 144 
388 479 22 
118 138 39 
84 38 221 
186 186 321 
211 429 407 
139 96 421 
422 79 240 
167 132 374 
163 218 202 
309 49 130 
224 313 436 
137 312 368 
48 483 237 
215 5 214 
336 474 453 
312 8 425 
369 123 90 
353 14 328 
212 46 129 
8 23 252 
112 376 136 
220 467 191 
443 459 307 
42 448 231 
10 124 152 
109 277 243 
316 430 240 
11 89 285 
486 306 51 
479 249 306 
215 339 157 
172 33 245 
410 270 0 
38 162 268 
128 469 400 
418 158 161 
129 210 114 
300 44 29 
447 56 117 
213 141 396 
85 359 332 
190 286 366 
54 276 369 
268 137 318 
381 52 426 
275 190 322 
214 131 287 
232 471 297 
71 134 240 
41 250 92 
411 379 356 
211 24 144 
22 166 27 
225 264 35 
379 393 400 
227 489 31 
402 499 136 
382 90 334 
74 362 363 
408 481 89 
145 244 289 
418 337 22 
217 177 125 
59 489 256 
15 126 406 
370 216 229 
286 178 190 
197 284 491 
287 135 320 
123 481 277 
316 327 258 
285 454 358 
129 280 193 
258 52 450 
424 472 461 
418 418 131 
304 145 301 
116 430 421 
310 353 269 
128 85 152 
148 351 402 
327 242 334 
47 7 271 
82 38 338 
294 318 191 
207 123 473 
140 8 432 
12 5 398 
488 189 78 
488 360 333 
44 417 210 
192 459 466 
320 496 323 
189 121 42 
323 250 403 
96 231 231 
197 120 250 
245 189 478 
98 306 491 
143 96 13 
292 286 29 
70 141 351 
424 455 348 
486 303 336 
425 390 443 
33 43 104 
399 49 483 
340 401 119 
10 398 337 
372 438 290 
304 47 494 
110 137 395 
350 365 43 
499 103 273 
274 356 476 
373 464 259 
99 221 376 
374 68 64 
366 38 387 
189 2 246 
318 226 487 
143 9 254 
168 480 33 
252 181 469 
232 181 197 
429 182 163 
313 141 86 
157 169 236 
221 324 175 
464 133 75 
156 179 387 
427 391 56 
321 385 317 
160 281 242 
343 394 215 
154 443 115 
291 20 430 
450 176 301 
227 432 354 
72 225 63 
470 35 415 
311 236 493 
325 278 330 
488 52 225 
340 465 423 
56 116 39 
401 465 274 
192 302 443 
138 444 109 
342 139 496 
133 315 276 
466 252 445 
118 373 294 
266 9 211 
38 1 56 
379 275 94 
48 68 118 
373 69 448 
179 227 423 
308 396 230 
252 453 165 
463 55 316 
379 419 130 
129 480 187 
377 81 447 
