1000
3
144 188 107 
13 118 234 
86 204 58 
491 20 253 
82 236 3 
215 166 345 
8 131 366 
194 167 49 
62 127 138 
61 385 311 
374 2 172 
128 393 34 
411 450 229 
1 289 454 
75 46 217 
361 272 236 
209 397 333 
179 138 44 
333 317 266 
137 499 24 
258 229 282 
208 52 371 
318 305 498 
59 323 163 
386 92 496 
255 161 48 
301 480 343 
187 1 399 
28 241 387 
263 309 285 
269 124 59 
291 348 95 
253 20 163 
175 109 469 
110 35 240 
150 100 60 
359 54 452 
210 67 297 
197 356 33 
221 425 5 
95 290 12 
338 35 433 
271 470 330 
228 7 460 
45 352 324 
284 396 292 
10 1 175 
198 347 59 
337 264 97 
434 373 417 
415 455 189 
433 39 271 
307 47 2 
69 195 347 
387 380 390 
9 303 391 
108 49 31 
38 261 328 
81 418 70 
395 320 228 
412 439 313 
240 190 246 
227 161 95 
102 403 93 
144 28 442 
150 448 23 
9 295 494 
278 214 10 
268 172 461 
176 409 379 
218 492 473 
361 39 44 
258 420 31 
429 371 376 
197 165 9 
324 394 356 
186 353 361 
8 329 263 
372 287 117 
90 473 384 
106 116 65 
341 482 378 
82 12 497 
36 211 411 
51 455 11 
302 479 290 
63 125 421 
129 138 107 
86 291 433 
15 404 31 
348 214 89 
449 390 290 
69 86 444 
35 156 118 
53 55 74 
426 143 323 
113 423 178 
8 249 59 
98 300 288 
267 72 304 
273 161 422 
347 347 383 
227 373 455 
289 350 121 
426 433 402 
329 377 133 
404 12 308 
231 55 207 
254 209 444 
189 435 498 
265 24 223 
430 451 54 
463 382 36 
468 51 200 
476 371 467 
142 153 180 
140 305 362 
278 194 154 
433 160 447 
352 331 392 
451 466 5 
24 236 429 
210 492 134 
449 348 124 
155 37 34 
236 124 281 
131 98 39 
120 53 209 
321 435 328 
300 2 213 
413 109 53 
173 380 316 
126 2 93 
468 190 73 
192 298 269 
338 49 73 
215 205 251 
354 365 156 
381 71 49 
195 245 283 
325 355 469 
103 196 183 
337 340 218 
157 303 158 
305 466 84 
116 314 310 
131 237 375 
351 306 271 
468 416 158 
378 464 453 
88 453 448 
306 339 26 
36 130 384 
184 155 202 
104 131 166 
279 243 27 
149 397 25 
269 457 362 
183 418 74 
296 108 374 
440 2 304 
306 369 414 
423 467 118 
403 347 436 
271 114 92 
190 206 81 
341 155 152 
39 336 415 
147 0 264 
364 419 340 
179 438 248 
414 378 130 
238 275 241 
469 128 285 
499 196 352 
164 335 232 
19 232 159 
59 13 140 
318 62 487 
98 101 75 
205 260 411 
26 296 324 
273 257 137 
298 173 92 
88 494 58 
219 355 19 
149 492 303 
243 328 149 
461 289 209 
475 460 459 
179 328 482 
120 316 27 
17 93 266 
63 252 117 
387 445 290 
123 400 19 
220 421 18 
474 482 279 
449 476 280 
221 431 277 
371 341 398 
279 448 117 
110 484 394 
129 412 451 
399 94 59 
52 484 160 
336 390 94 
33 411 31 
406 27 366 
259 46 351 
174 113 166 
205 97 248 
497 282 161 
53 327 348 
384 291 468 
12 281 339 
472 224 67 
158 495 148 
146 454 81 
232 334 388 
106 497 492 
465 472 426 
188 90 353 
338 437 31 
341 445 129 
165 1 43 
465 465 325 
452 245 141 
225 84 48 
276 218 450 
350 89 185 
107 99 100 
437 426 404 
395 442 56 
114 186 34 
64 324 190 
167 231 119 
311 272 351 
156 44 493 
239 409 80 
78 37 165 
79 415 235 
417 67 398 
178 189 82 
90 289 353 
52 473 259 
444 238 478 
352 287 123 
68 138 171 
103 230 32 
477 430 175 
232 351 346 
308 238 176 
281 74 473 
446 158 34 
390 156 51 
259 160 354 
42 210 403 
101 109 29 
361 468 62 
406 335 109 
291 275 32 
73 94 212 
153 63 447 
265 161 44 
177 142 272 
476 123 69 
387 494 332 
238 207 497 
83 31 244 
455 373 299 
468 259 286 
214 136 351 
27 74 383 
325 184 315 
451 378 161 
142 333 233 
407 148 318 
491 472 467 
279 7 439 
99 318 493 
56 362 27 
212 488 394 
150 272 497 
27 243 380 
24 21 434 
377 327 125 
491 432 107 
428 51 21 
240 449 313 
84 281 255 
91 190 282 
247 112 373 
340 357 299 
309 492 315 
259 307 284 
270 287 288 
423 0 477 
211 124 55 
106 241 167 
336 28 186 
368 242 77 
265 177 362 
352 236 130 
150 58 174 
488 430 351 
373 487 274 
18 128 121 
219 479 308 
17 343 213 
375 349 304 
477 234 96 
309 374 226 
99 2 177 
258 171 493 
449 333 324 
55 441 484 
110 162 351 
488 453 306 
461 285 127 
31 190 58 
373 84 234 
360 158 402 
467 319 478 
308 285 184 
251 155 329 
13 282 275 
107 247 304 
145 177 97 
191 309 324 
64 137 63 
185 7 453 
229 81 453 
181 24 463 
245 124 444 
199 100 476 
83 465 260 
492 274 327 
226 217 27 
308 219 435 
459 390 459 
443 384 267 
89 231 131 
13 387 142 
475 251 330 
470 10 392 
252 60 173 
54 294 163 
300 243 425 
350 176 170 
197 200 237 
329 428 410 
449 496 348 
388 126 21 
384 164 164 
303 494 416 
417 22 247 
475 222 16 
164 12 141 
70 436 414 
377 345 447 
88 71 216 
377 485 146 
372 66 272 
93 280 182 
240 25 42 
292 154 499 
106 148 104 
141 339 498 
77 48 0 
375 210 105 
102 170 373 
273 215 276 
445 395 206 
192 439 106 
183 231 244 
449 9 329 
160 42 249 
429 175 118 
442 359 303 
118 226 482 
229 444 216 
102 441 350 
70 327 17 
101 371 289 
461 219 191 
321 3 469 
384 176 50 
299 358 360 
337 97 349 
439 410 83 
2 417 164 
243 144 78 
46 187 398 
148 465 375 
211 483 234 
348 341 166 
370 47 122 
426 124 161 
313 395 401 
35 178 467 
326 411 318 
108 141 149 
234 306 457 
24 437 454 
54 77 497 
374 370 311 
403 272 311 
262 488 343 
49 126 174 
357 491 439 
375 451 410 
149 212 351 
367 330 321 
283 186 453 
125 213 139 
424 86 223 
33 426 147 
481 474 422 
142 201 347 
72 397 10 
324 37 296 
470 444 395 
54 222 487 
426 238 29 
41 142 105 
84 269 354 
25 321 450 
251 168 228 
390 111 291 
323 420 276 
182 85 204 
469 255 177 
443 151 319 
109 423 242 
149 411 418 
294 173 197 
171 118 307 
353 39 223 
378 208 155 
94 196 347 
426 238 330 
4 133 108 
70 287 258 
349 216 449 
15 21 129 
494 433 190 
401 211 453 
429 424 87 
478 129 122 
271 30 46 
421 53 39 
297 432 238 
386 421 205 
373 338 339 
367 300 482 
259 447 65 
310 94 157 
438 488 385 
476 370 421 
288 38 356 
242 16 105 
370 468 10 
276 163 128 
480 482 350 
32 455 398 
35 408 137 
438 153 36 
258 138 494 
156 449 62 
326 2 355 
316 366 283 
394 77 482 
365 17 178 
279 473 294 
187 323 310 
471 19 126 
482 357 8 
461 221 497 
110 79 419 
249 303 432 
354 39 431 
295 318 266 
133 12 18 
262 118 46 
65 170 412 
419 405 145 
224 378 167 
258 447 182 
103 329 263 
381 319 449 
326 88 313 
56 275 166 
102 84 268 
181 55 373 
28 440 346 
496 495 75 
293 21 16 
73 75 153 
323 64 28 
176 264 240 
0 374 124 
161 403 425 
236 435 144 
346 411 312 
76 77 69 
89 130 276 
474 70 238 
441 471 308 
215 68 337 
18 70 175 
129 416 189 
115 9 232 
220 64 498 
118 319 186 
69 278 205 
76 147 369 
233 155 453 
217 128 407 
466 444 255 
257 41 96 
34 401 98 
61 122 281 
304 12 444 
67 405 23 
8 435 276 
442 197 264 
412 320 58 
308 129 392 
406 468 47 
239 401 355 
231 175 176 
216 24 147 
476 190 307 
206 342 347 
342 246 406 
301 93 188 
286 357 335 
394 305 435 
238 402 226 
136 364 315 
243 307 258 
115 76 454 
357 26 482 
360 71 157 
276 496 324 
291 377 233 
219 302 338 
17 364 467 
331 249 300 
91 174 375 
292 330 21 
199 311 223 
126 200 411 
258 348 266 
175 30 412 
409 310 490 
222 334 108 
226 178 314 
148 311 372 
173 486 296 
280 148 471 
454 98 198 
1 323 314 
53 13 387 
383 473 153 
276 464 104 
323 399 76 
432 289 84 
187 462 177 
258 270 447 
249 481 498 
368 485 253 
162 256 90 
220 475 331 
435 393 311 
372 301 100 
486 307 444 
50 155 179 
89 117 467 
382 153 213 
331 275 201 
265 105 143 
358 153 330 
326 255 82 
343 204 13 
425 474 491 
177 373 31 
375 314 383 
408 472 274 
488 331 489 
471 206 63 
230 273 445 
94 1 174 
389 89 67 
211 164 173 
125 244 225 
14 174 287 
348 179 315 
250 162 103 
142 221 66 
203 450 134 
98 452 71 
426 16 119 
450 350 64 
128 499 156 
455 184 394 
422 378 319 
310 243 485 
218 101 130 
91 307 414 
129 407 303 
68 125 173 
25 450 467 
451 101 253 
101 412 410 
218 279 102 
121 159 409 
248 484 450 
347 427 352 
123 156 267 
228 446 308 
414 378 156 
413 288 447 
88 89 105 
59 267 7 
208 99 169 
451 226 457 
263 83 144 
13 70 297 
318 57 438 
91 456 242 
144 283 19 
386 110 323 
245 456 332 
276 103 31 
324 200 371 
304 127 301 
254 454 8 
278 324 231 
314 317 487 
113 378 267 
347 6 475 
61 75 310 
33 132 97 
276 486 499 
92 200 324 
184 391 484 
0 465 87 
341 184 346 
178 377 47 
169 194 99 
58 260 492 
236 484 239 
210 281 363 
122 209 226 
42 196 69 
313 394 315 
191 292 25 
434 452 398 
115 73 148 
360 220 275 
282 289 0 
307 36 479 
257 485 63 
489 38 143 
39 102 197 
400 333 224 
183 138 487 
407 333 290 
126 336 455 
48 368 99 
105 479 304 
21 214 283 
101 499 476 
354 226 236 
491 134 9 
209 254 294 
13 303 443 
415 423 249 
268 46 493 
41 58 208 
116 322 251 
123 435 293 
257 31 128 
208 381 284 
9 143 402 
231 265 162 
441 108 165 
484 282 20 
175 263 426 
221 283 288 
301 368 410 
306 245 300 
31 231 268 
129 150 267 
354 172 217 
386 494 251 
145 437 263 
239 292 117 
96 128 39 
204 296 101 
491 228 440 
328 324 474 
499 37 162 
176 253 200 
457 64 301 
181 157 153 
44 320 332 
247 486 186 
202 387 356 
399 395 261 
101 366 219 
431 95 332 
208 423 341 
436 482 332 
402 352 247 
474 413 25 
86 360 372 
60 153 364 
0 346 468 
206 299 42 
191 121 321 
138 207 331 
481 136 460 
120 388 470 
255 23 272 
426 378 1 
491 40 415 
251 454 410 
338 306 249 
407 74 330 
413 339 119 
224 305 75 
445 186 380 
488 74 177 
167 115 30 
21 299 8 
240 50 5 
284 390 350 
110 302 442 
91 443 376 
131 367 50 
64 439 223 
408 73 190 
286 90 161 
221 95 170 
86 146 274 
498 412 431 
316 365 215 
171 204 423 
128 256 47 
468 250 79 
76 429 280 
275 457 22 
402 164 324 
419 449 305 
429 306 184 
324 21 231 
177 221 219 
126 45 163 
131 422 52 
426 317 244 
17 436 399 
155 491 483 
251 483 376 
367 280 217 
170 229 80 
482 124 103 
292 36 71 
97 456 349 
396 169 137 
251 378 43 
9 133 40 
247 347 237 
405 47 224 
276 475 82 
346 194 31 
55 207 350 
332 104 250 
330 470 202 
238 49 206 
106 16 306 
3 303 124 
313 96 43 
383 320 42 
159 17 4 
373 162 374 
71 296 482 
210 310 365 
323 366 193 
198 222 302 
498 139 298 
150 455 70 
345 105 443 
325 77 225 
63 198 419 
289 159 380 
474 119 328 
474 334 98 
435 366 287 
241 88 432 
92 103 28 
116 124 252 
369 471 359 
453 187 94 
484 163 492 
162 460 428 
326 456 115 
307 129 239 
295 159 468 
429 60 156 
288 267 216 
245 220 77 
196 54 497 
142 292 199 
242 76 365 
126 133 377 
4 423 159 
46 208 80 
354 257 165 
223 169 147 
163 121 101 
54 249 21 
353 486 443 
188 203 259 
16 479 267 
327 239 150 
475 322 148 
369 157 326 
174 388 486 
11 164 32 
347 43 324 
257 115 311 
297 203 131 
82 17 22 
379 470 23 
82 418 154 
180 439 29 
27 317 418 
13 224 345 
345 222 441 
199 450 84 
98 50 464 
358 317 379 
241 487 62 
73 312 188 
436 73 351 
79 246 112 
337 194 352 
49 159 105 
55 491 236 
490 203 241 
224 11 188 
54 85 401 
309 107 166 
451 98 4 
145 283 163 
246 139 307 
479 248 0 
29 15 261 
215 115 376 
295 142 337 
65 3 486 
1 465 459 
350 397 121 
317 143 441 
61 449 479 
392 373 314 
41 177 428 
131 15 387 
469 42 351 
342 63 187 
497 65 279 
278 77 276 
484 286 62 
262 147 189 
334 185 72 
77 113 195 
289 1 273 
417 374 18 
316 492 443 
102 350 235 
291 79 42 
392 406 394 
328 42 293 
34 328 368 
205 451 206 
393 322 271 
278 348 143 
283 164 428 
456 417 170 
292 124 83 
309 384 5 
116 348 75 
353 463 227 
126 306 192 
318 47 453 
275 252 339 
484 496 443 
222 460 245 
213 213 156 
19 276 202 
440 11 147 
212 44 366 
69 186 255 
353 415 85 
277 491 366 
30 110 369 
167 322 6 
419 45 478 
494 269 101 
52 256 293 
223 215 463 
264 440 135 
129 220 396 
212 298 448 
132 173 295 
236 410 442 
208 389 412 
283 28 213 
82 92 271 
232 115 253 
4 298 84 
251 389 365 
249 290 340 
311 460 414 
354 392 312 
245 299 230 
28 171 308 
271 106 269 
333 317 439 
496 366 346 
287 69 313 
330 257 246 
199 9 397 
140 433 262 
263 297 321 
214 434 45 
406 482 497 
405 304 363 
157 492 274 
212 216 245 
470 428 486 
359 431 347 
143 203 391 
374 433 289 
151 162 39 
186 436 136 
95 94 452 
100 453 139 
98 237 446 
388 102 174 
341 60 134 
244 271 67 
62 342 374 
244 347 423 
336 97 339 
390 250 136 
132 363 225 
263 96 371 
84 498 17 
358 372 322 
234 38 341 
450 315 267 
467 130 273 
274 134 135 
226 243 462 
317 28 183 
210 77 252 
312 95 288 
19 331 414 
434 417 112 
52 384 54 
224 250 444 
62 62 477 
475 129 192 
446 337 472 
344 236 236 
291 424 400 
299 44 165 
478 322 233 
461 318 91 
446 108 413 
193 390 401 
259 181 412 
131 429 26 
481 107 108 
49 81 441 
133 118 216 
26 304 120 
80 212 113 
143 261 185 
450 473 56 
391 403 390 
473 389 211 
275 315 51 
120 207 22 
169 11 477 
398 374 189 
