1000
3
472 99 96 
391 216 281 
415 161 347 
147 202 265 
46 89 372 
28 361 115 
489 438 5 
229 70 79 
379 458 325 
153 477 1 
245 25 220 
50 367 325 
237 330 257 
311 330 130 
476 479 8 
285 449 31 
32 151 348 
136 35 141 
263 95 31 
99 122 277 
323 308 83 
35 66 84 
260 398 205 
314 209 162 
107 361 221 
171 319 126 
50 445 222 
11 437 369 
410 466 287 
237 119 129 
1 189 435 
430 463 157 
181 81 125 
15 24 369 
326 329 343 
4 183 152 
426 306 129 
340 150 269 
403 327 322 
496 330 54 
178 386 62 
52 150 82 
214 34 237 
108 49 64 
359 323 285 
29 112 275 
345 161 266 
119 318 484 
14 267 58 
400 272 359 
382 165 318 
288 290 425 
260 365 55 
127 365 462 
24 205 493 
441 66 305 
282 453 239 
176 190 420 
470 474 473 
98 194 387 
151 328 61 
71 265 291 
143 18 211 
261 388 291 
439 239 362 
118 214 414 
212 297 31 
11 233 4 
50 285 357 
126 186 57 
195 200 60 
26 367 24 
484 297 395 
490 154 37 
401 419 269 
390 468 187 
67 226 404 
119 226 237 
63 309 115 
47 403 243 
442 370 82 
78 162 274 
281 251 15 
316 9 245 
114 90 404 
402 352 405 
360 313 219 
322 366 400 
59 107 122 
331 365 481 
423 217 166 
427 201 11 
366 462 483 
116 270 113 
469 183 173 
321 134 269 
420 378 240 
46 495 328 
9 375 397 
372 28 14 
338 135 29 
433 16 149 
410 430 375 
176 441 40 
481 236 355 
124 46 231 
226 311 482 
154 27 151 
226 107 286 
70 34 305 
123 54 180 
438 151 427 
277 212 288 
315 29 456 
454 187 120 
409 255 212 
90 344 194 
197 76 117 
329 45 65 
480 16 409 
40 475 354 
335 291 113 
143 222 189 
396 251 54 
17 232 363 
116 435 55 
150 175 308 
70 23 206 
314 30 34 
214 227 461 
481 21 40 
99 197 341 
302 468 258 
459 363 4 
143 286 282 
74 136 112 
126 91 203 
9 317 83 
317 43 250 
402 386 259 
84 100 79 
189 182 16 
100 420 237 
195 91 345 
329 145 337 
245 228 65 
400 362 4 
257 137 298 
276 34 323 
12 303 193 
130 117 429 
372 310 126 
266 144 128 
300 329 135 
371 421 86 
195 51 374 
288 197 188 
279 315 309 
78 30 129 
339 154 28 
37 379 44 
346 69 10 
323 332 36 
289 127 477 
73 311 390 
126 381 158 
275 389 101 
343 123 262 
129 435 121 
105 53 459 
434 143 143 
232 290 216 
464 200 374 
478 72 328 
375 335 293 
79 499 477 
424 174 480 
490 224 442 
490 196 368 
422 407 395 
471 424 438 
110 163 491 
199 145 103 
481 319 381 
494 188 23 
66 38 139 
232 121 205 
218 362 141 
468 66 429 
112 78 159 
90 144 464 
89 71 493 
79 14 171 
335 234 369 
109 236 322 
160 467 302 
96 216 150 
483 334 191 
137 410 178 
107 104 307 
284 350 112 
125 411 303 
480 79 280 
199 335 69 
203 69 61 
55 443 299 
91 84 137 
157 124 230 
329 309 66 
286 321 174 
370 293 374 
83 196 260 
177 376 454 
101 414 154 
85 146 197 
472 350 367 
331 418 472 
134 19 239 
364 407 187 
179 475 439 
369 334 8 
108 480 73 
426 138 212 
403 309 234 
405 197 299 
140 241 434 
113 356 88 
205 140 229 
230 0 110 
314 352 387 
70 466 459 
103 137 99 
398 246 182 
231 167 488 
113 463 493 
362 183 426 
485 487 70 
321 171 256 
437 486 289 
434 360 162 
456 295 274 
335 170 374 
274 308 316 
136 60 132 
263 79 197 
39 122 274 
247 447 41 
52 420 79 
201 454 406 
407 480 92 
200 275 115 
28 83 106 
347 162 255 
43 377 499 
448 219 426 
45 302 435 
424 25 406 
405 131 304 
301 385 296 
432 314 129 
204 215 42 
178 160 114 
25 304 93 
367 448 357 
35 433 291 
494 380 161 
63 298 255 
299 392 267 
34 211 418 
244 209 434 
16 333 160 
369 204 355 
93 340 352 
263 84 170 
444 102 164 
28 7 79 
196 452 281 
309 290 119 
286 409 243 
170 194 388 
16 444 281 
461 337 261 
379 417 397 
296 228 40 
41 437 131 
381 358 246 
398 300 262 
384 236 427 
303 138 326 
486 364 456 
79 195 69 
422 182 147 
238 344 138 
388 131 268 
150 332 87 
158 247 99 
367 61 463 
371 199 455 
468 97 312 
141 182 176 
57 185 234 
288 99 119 
448 89 27 
75 231 82 
404 161 65 
305 179 53 
102 199 244 
89 335 370 
306 205 476 
47 474 345 
185 146 388 
385 142 1 
436 132 102 
253 449 355 
91 72 161 
234 317 112 
32 336 257 
334 429 156 
200 167 347 
100 124 80 
418 429 299 
64 492 225 
212 442 279 
237 44 109 
163 103 294 
489 216 269 
458 442 246 
389 311 59 
218 36 79 
180 255 318 
114 484 298 
287 260 206 
194 296 484 
376 11 334 
6 107 210 
144 299 306 
222 32 12 
305 358 259 
473 327 347 
94 185 363 
153 370 100 
116 431 368 
448 268 288 
370 117 131 
465 394 300 
166 149 109 
215 162 195 
432 423 423 
455 71 27 
357 252 130 
41 242 78 
148 51 248 
293 452 80 
242 166 248 
80 206 34 
334 294 121 
68 298 486 
22 395 177 
344 490 446 
175 56 178 
333 100 335 
184 461 113 
342 463 319 
295 446 476 
71 189 81 
34 196 242 
421 198 360 
171 159 25 
121 415 366 
192 186 153 
273 433 413 
31 87 340 
387 136 422 
93 147 368 
400 446 51 
473 439 494 
452 418 171 
296 32 388 
319 409 291 
177 240 96 
295 464 454 
395 390 384 
437 56 35 
453 347 316 
116 169 497 
325 159 452 
351 490 262 
234 182 86 
233 334 97 
26 204 212 
488 441 2 
337 126 412 
278 367 10 
143 9 252 
12 377 213 
176 349 407 
386 83 149 
320 94 397 
489 278 106 
40 18 413 
479 416 50 
165 267 363 
330 115 359 
456 192 237 
206 94 166 
302 432 214 
116 485 180 
41 156 209 
276 36 428 
371 451 335 
50 6 226 
245 120 75 
376 386 293 
136 255 498 
345 410 213 
262 357 355 
63 222 59 
319 386 134 
281 300 11 
39 264 229 
89 1 193 
88 39 42 
291 390 139 
486 73 308 
371 43 368 
121 195 465 
124 295 203 
450 488 73 
483 427 56 
238 89 158 
51 164 212 
368 442 87 
199 293 356 
104 28 108 
32 19 467 
341 105 20 
363 265 276 
247 105 164 
77 296 104 
122 116 274 
477 332 343 
316 86 184 
270 380 402 
28 82 204 
382 7 398 
236 71 373 
460 138 285 
288 297 487 
383 269 417 
138 72 366 
482 109 478 
371 255 305 
269 495 184 
75 280 123 
301 254 121 
451 197 411 
255 454 477 
27 22 41 
98 270 18 
328 324 104 
292 280 17 
350 1 89 
99 383 389 
207 157 135 
105 288 61 
246 90 169 
422 126 283 
14 117 143 
61 497 108 
412 62 143 
6 427 418 
150 7 375 
35 474 267 
42 105 287 
245 77 393 
105 90 216 
484 455 392 
130 31 247 
327 338 323 
454 183 22 
342 492 179 
357 85 374 
185 248 362 
496 123 438 
49 411 203 
320 136 160 
437 224 115 
343 405 41 
166 442 290 
24 463 90 
282 167 432 
468 288 200 
202 271 318 
186 323 397 
19 363 274 
296 408 465 
378 307 12 
486 480 25 
234 447 362 
387 216 1 
153 325 302 
252 91 179 
264 462 432 
294 208 133 
182 231 40 
89 87 281 
124 407 270 
46 497 298 
239 55 35 
443 413 1 
372 478 254 
317 114 497 
290 153 318 
433 300 257 
108 100 355 
172 445 0 
248 490 223 
231 234 79 
39 444 294 
315 343 86 
245 182 51 
473 405 360 
191 457 11 
1 404 191 
64 23 81 
335 393 36 
377 208 202 
188 48 460 
392 220 70 
284 380 268 
51 344 116 
92 319 491 
439 413 453 
389 320 432 
150 342 311 
400 429 479 
422 117 479 
493 113 285 
231 271 297 
334 438 310 
90 367 318 
447 363 260 
310 260 227 
409 220 24 
318 282 186 
68 398 345 
345 196 293 
273 56 192 
47 28 62 
155 449 145 
211 454 482 
495 409 22 
398 213 223 
92 313 50 
239 338 217 
487 285 375 
204 325 292 
237 285 345 
273 259 410 
66 247 361 
105 9 278 
12 268 20 
56 427 93 
181 458 424 
94 362 3 
416 193 335 
444 150 478 
200 76 279 
472 117 435 
3 114 288 
230 285 211 
157 46 304 
310 442 119 
414 460 274 
55 306 409 
253 159 214 
58 433 126 
152 335 242 
110 97 88 
213 136 180 
462 483 405 
378 95 310 
306 58 38 
130 457 260 
327 441 374 
395 499 473 
397 179 280 
294 490 235 
199 304 141 
424 106 228 
274 351 274 
31 374 156 
135 56 424 
347 248 58 
394 357 421 
254 119 428 
315 428 274 
456 43 58 
210 282 63 
289 378 419 
222 499 12 
318 55 154 
169 336 62 
359 483 469 
119 49 360 
224 264 409 
123 155 345 
45 493 205 
267 481 490 
232 226 441 
73 343 452 
274 310 111 
12 258 260 
218 12 463 
296 349 327 
152 61 445 
302 301 156 
157 146 348 
440 4 335 
286 432 31 
189 105 478 
287 68 93 
300 452 178 
42 9 141 
8 351 389 
47 277 425 
134 154 449 
299 208 23 
498 74 288 
264 153 58 
190 194 59 
408 204 256 
70 184 391 
87 324 130 
244 134 96 
436 336 44 
408 407 30 
308 247 459 
434 347 43 
210 108 231 
483 53 158 
469 96 50 
383 158 182 
382 457 374 
126 15 18 
152 238 42 
228 174 145 
450 378 265 
145 141 131 
307 167 60 
149 193 154 
163 290 300 
49 367 101 
496 439 140 
320 239 421 
68 307 343 
183 101 436 
395 215 383 
434 437 11 
88 177 106 
466 197 223 
339 47 484 
305 51 273 
16 496 418 
303 226 343 
368 24 313 
331 257 39 
420 411 493 
499 336 245 
147 197 482 
1 327 83 
176 458 453 
352 295 499 
218 257 176 
381 225 304 
456 78 435 
124 26 257 
91 18 405 
422 186 155 
152 372 80 
179 29 220 
480 310 401 
401 474 470 
293 305 197 
224 151 379 
121 332 469 
497 362 52 
484 414 264 
336 218 90 
104 190 148 
263 15 321 
66 185 239 
292 196 452 
42 65 474 
113 116 143 
26 79 277 
429 94 137 
355 424 38 
294 34 485 
251 212 465 
329 178 277 
213 363 288 
376 330 140 
470 297 146 
53 142 93 
499 108 52 
61 105 104 
383 404 289 
493 212 304 
297 161 166 
362 351 250 
137 331 30 
104 421 385 
420 266 254 
198 126 325 
48 359 198 
338 425 232 
378 449 16 
96 104 54 
403 37 182 
156 493 454 
400 469 221 
429 144 298 
31 208 485 
71 408 111 
465 91 10 
49 417 238 
125 393 260 
44 61 112 
411 232 393 
320 12 221 
74 475 155 
113 362 222 
410 363 211 
313 484 235 
332 106 32 
134 322 98 
96 126 221 
16 130 9 
489 492 400 
430 53 266 
280 490 146 
217 399 178 
449 199 458 
277 89 425 
139 328 231 
393 34 469 
280 71 480 
338 440 232 
81 116 329 
4 362 476 
232 383 226 
253 164 5 
474 17 149 
252 40 170 
204 47 237 
293 308 372 
348 253 58 
138 119 133 
222 262 204 
401 293 144 
17 303 180 
479 185 468 
187 149 495 
289 167 40 
461 307 329 
127 42 155 
55 345 117 
87 238 221 
134 123 320 
29 292 95 
117 245 145 
191 84 109 
45 265 422 
351 149 166 
473 308 113 
32 40 277 
106 376 361 
326 190 33 
62 166 21 
273 24 127 
384 4 208 
141 386 306 
16 338 211 
373 110 346 
138 37 249 
256 139 277 
141 225 365 
344 485 123 
306 164 272 
295 477 218 
277 226 433 
402 452 394 
88 382 100 
485 231 8 
107 126 357 
369 59 235 
148 450 228 
435 287 197 
487 242 234 
488 264 187 
192 230 68 
466 407 215 
451 123 119 
299 489 427 
488 378 496 
279 262 335 
141 166 423 
383 124 108 
212 377 207 
321 9 49 
304 334 391 
226 115 164 
213 197 446 
304 431 64 
470 404 151 
47 479 325 
125 110 329 
296 165 216 
291 474 392 
428 198 164 
160 447 186 
129 283 122 
436 384 415 
413 132 273 
440 385 476 
63 479 467 
98 396 490 
123 78 91 
81 24 455 
199 19 173 
263 268 499 
197 119 66 
342 472 446 
478 418 239 
63 23 454 
159 405 14 
57 313 286 
301 1 13 
32 440 175 
201 180 370 
213 480 42 
249 45 105 
439 103 422 
350 90 45 
34 455 429 
188 325 177 
131 222 12 
251 23 375 
282 224 352 
210 461 261 
196 39 182 
158 20 163 
314 361 414 
151 337 80 
322 66 38 
105 243 366 
185 251 353 
18 477 295 
312 145 301 
237 17 123 
237 277 9 
59 306 51 
148 205 239 
87 271 42 
429 301 397 
136 90 317 
400 304 166 
42 376 232 
479 403 443 
42 470 263 
303 112 147 
274 137 112 
189 393 266 
44 248 429 
55 188 452 
317 223 397 
199 370 30 
90 204 262 
403 0 315 
361 190 247 
101 230 178 
156 320 282 
229 192 432 
482 398 108 
292 492 282 
133 296 109 
77 154 309 
374 39 68 
180 45 290 
468 484 202 
270 397 22 
47 223 217 
83 494 388 
474 221 306 
361 484 220 
49 348 137 
268 72 14 
182 319 208 
132 491 176 
109 281 218 
215 382 326 
53 13 486 
321 412 429 
258 245 433 
349 79 266 
129 447 22 
405 373 375 
495 262 395 
378 463 229 
101 393 166 
33 482 276 
53 428 473 
310 162 469 
372 110 354 
83 328 400 
100 97 298 
30 496 228 
412 363 485 
401 334 365 
392 170 252 
179 327 29 
282 282 31 
338 135 206 
23 317 383 
445 393 63 
336 195 498 
163 472 184 
50 498 234 
91 394 24 
470 1 76 
450 6 343 
360 453 320 
365 392 353 
178 291 229 
75 490 150 
333 1 90 
276 167 27 
411 262 418 
295 267 282 
359 478 76 
477 225 355 
425 67 46 
321 276 322 
172 5 94 
186 469 494 
264 378 405 
84 71 100 
87 429 314 
303 283 487 
95 450 319 
203 420 438 
116 119 485 
125 272 90 
208 285 434 
441 219 355 
127 11 262 
481 328 406 
253 304 469 
109 39 268 
176 185 310 
206 395 448 
373 111 9 
230 436 119 
139 319 230 
301 92 323 
446 315 166 
380 452 338 
480 281 74 
338 101 288 
231 288 39 
446 329 378 
278 112 293 
49 399 374 
431 415 450 
164 218 383 
464 77 90 
484 14 467 
233 297 135 
330 253 484 
268 253 229 
192 262 186 
182 34 444 
287 457 428 
0 157 459 
427 65 370 
146 498 164 
192 238 263 
383 212 135 
348 338 401 
306 172 165 
492 259 308 
399 9 55 
402 290 333 
396 490 51 
132 431 345 
437 440 23 
50 294 107 
348 217 334 
473 135 492 
