1000
3
153 175 487 
305 222 299 
368 413 195 
76 369 462 
41 128 208 
467 22 182 
88 173 473 
286 219 21 
401 404 172 
344 79 7 
255 77 43 
258 188 231 
226 295 370 
313 302 156 
396 466 11 
119 42 189 
387 293 179 
454 107 292 
384 307 240 
259 405 87 
52 31 316 
184 388 23 
414 88 255 
472 54 466 
202 195 217 
263 76 53 
92 5 402 
218 93 160 
224 405 477 
304 98 28 
323 311 317 
35 454 487 
118 444 305 
471 101 438 
412 248 448 
166 232 316 
134 497 24 
36 164 159 
131 26 23 
90 46 252 
124 278 465 
432 482 280 
482 127 268 
343 138 158 
127 330 93 
0 326 461 
251 56 107 
174 20 370 
131 21 60 
470 53 129 
366 160 80 
150 428 60 
342 200 94 
243 346 292 
25 323 454 
318 307 125 
134 108 335 
436 201 303 
378 289 109 
371 125 70 
442 172 43 
472 113 436 
240 190 390 
209 240 135 
69 368 277 
292 326 28 
115 72 184 
274 74 400 
60 409 400 
295 101 342 
278 159 266 
166 60 455 
360 471 140 
178 263 181 
210 108 404 
383 315 467 
191 31 222 
240 222 251 
272 321 434 
309 292 108 
444 422 386 
397 445 271 
481 1 323 
104 124 439 
470 222 226 
265 487 349 
462 221 352 
231 126 473 
218 117 96 
409 165 399 
56 91 73 
126 201 473 
106 291 270 
147 449 271 
77 335 482 
431 3 103 
198 361 83 
150 446 52 
105 164 483 
222 59 148 
318 52 2 
88 456 155 
268 325 18 
286 331 448 
378 203 19 
336 326 169 
236 461 166 
252 233 82 
321 347 489 
164 310 326 
192 36 217 
287 108 68 
365 153 351 
254 301 21 
280 40 483 
429 109 27 
41 454 295 
455 262 182 
229 325 1 
162 128 50 
129 99 168 
156 470 104 
17 178 277 
284 77 383 
375 478 49 
408 398 37 
451 389 360 
491 327 66 
398 34 378 
35 18 83 
236 229 242 
495 59 268 
316 111 469 
462 295 411 
10 382 39 
11 110 55 
221 450 98 
152 291 237 
351 281 499 
13 405 400 
47 225 43 
125 421 490 
243 63 440 
440 67 377 
499 94 200 
278 122 55 
327 278 308 
25 226 109 
317 147 49 
321 124 78 
410 183 433 
156 324 39 
488 414 51 
343 478 220 
137 395 337 
359 300 270 
337 498 77 
4 406 418 
398 28 412 
153 308 325 
437 250 372 
290 368 176 
358 434 17 
129 45 266 
174 185 178 
478 478 200 
212 160 237 
244 422 105 
55 216 95 
20 106 339 
432 30 46 
289 79 427 
144 465 411 
71 295 247 
213 117 139 
89 170 261 
149 125 348 
158 337 430 
279 278 339 
492 384 483 
80 473 313 
146 264 95 
44 347 229 
388 314 341 
170 358 284 
292 171 211 
421 293 162 
252 228 317 
227 2 432 
171 222 378 
322 24 309 
56 186 288 
422 95 419 
151 358 183 
259 5 259 
59 442 4 
240 55 59 
128 498 151 
38 46 208 
82 226 210 
309 41 476 
462 83 130 
337 93 312 
390 379 441 
340 36 177 
150 493 497 
190 114 175 
1 363 366 
36 330 377 
479 224 261 
67 161 243 
2 179 79 
76 481 365 
439 443 383 
100 306 339 
254 162 272 
68 106 41 
173 403 105 
467 489 108 
3 7 109 
7 255 220 
84 496 109 
479 81 129 
20 346 370 
249 79 132 
2 370 325 
361 44 325 
415 222 188 
70 132 262 
80 419 131 
392 360 121 
460 226 78 
185 221 187 
357 418 355 
484 461 292 
70 484 221 
371 10 434 
461 10 392 
449 7 494 
49 492 36 
471 493 269 
307 213 472 
439 467 477 
75 443 115 
491 87 23 
480 444 19 
30 338 328 
291 133 67 
289 364 16 
33 132 255 
166 47 382 
475 357 312 
40 232 52 
436 176 318 
80 195 71 
154 467 0 
319 155 358 
7 246 142 
422 3 98 
228 144 232 
84 72 74 
89 368 374 
485 386 214 
355 346 48 
399 151 334 
325 375 42 
117 64 147 
406 303 247 
5 53 149 
93 263 375 
220 246 305 
108 97 372 
23 22 261 
436 95 236 
251 52 129 
138 432 309 
323 293 95 
288 120 80 
218 453 368 
438 294 255 
342 171 226 
493 369 237 
319 103 149 
38 172 284 
258 289 409 
346 162 255 
158 323 99 
385 250 221 
164 264 27 
110 184 332 
157 87 479 
329 354 15 
278 316 76 
143 53 103 
423 200 88 
189 499 13 
134 273 293 
387 86 317 
158 247 365 
194 72 291 
418 487 198 
249 148 108 
141 313 369 
358 56 162 
380 220 177 
333 169 277 
228 319 473 
141 105 72 
190 393 35 
432 414 104 
32 134 3 
488 149 444 
407 62 490 
195 433 382 
332 56 8 
467 334 43 
189 115 286 
232 12 274 
289 128 309 
278 198 387 
323 444 249 
376 166 237 
74 412 227 
168 210 397 
20 380 370 
15 351 81 
328 86 383 
185 75 300 
3 101 462 
469 180 110 
5 93 241 
182 319 209 
446 304 278 
274 188 165 
473 411 104 
68 347 174 
52 433 96 
98 13 197 
269 260 384 
242 27 105 
278 63 277 
72 215 68 
135 281 22 
376 379 181 
259 482 470 
157 142 286 
87 94 48 
289 381 131 
25 305 255 
288 497 109 
169 390 33 
124 159 259 
133 132 49 
84 471 1 
498 266 339 
31 273 46 
142 298 287 
489 214 258 
136 137 176 
264 29 350 
245 453 479 
477 247 433 
397 359 55 
254 496 37 
77 363 71 
452 428 12 
19 96 116 
333 85 375 
486 275 140 
208 117 47 
262 93 280 
206 210 278 
261 474 220 
471 206 152 
276 350 279 
454 255 7 
58 308 0 
225 403 226 
183 359 68 
22 82 263 
90 408 240 
206 251 214 
13 29 171 
79 445 488 
133 260 146 
18 66 283 
424 72 18 
447 487 163 
320 100 99 
221 1 236 
137 440 153 
312 26 411 
140 219 101 
18 380 196 
102 117 416 
58 270 380 
375 272 299 
314 467 323 
260 184 87 
357 183 330 
392 112 343 
129 451 200 
112 164 286 
226 41 412 
398 246 25 
26 176 403 
447 445 3 
255 129 210 
13 306 461 
105 432 197 
113 421 469 
472 168 275 
460 111 38 
304 242 466 
142 457 55 
20 188 468 
108 3 422 
454 5 247 
496 471 69 
125 255 462 
454 42 303 
402 281 141 
301 359 359 
173 436 211 
366 260 340 
360 436 354 
253 354 116 
50 190 249 
52 316 78 
225 74 99 
277 295 243 
373 383 354 
10 6 2 
247 298 370 
214 381 449 
408 398 400 
468 380 178 
389 140 495 
332 463 495 
402 373 49 
388 25 168 
64 285 327 
55 293 423 
104 242 384 
223 82 496 
11 271 345 
112 343 429 
90 241 132 
265 279 83 
8 483 302 
351 158 163 
67 219 21 
133 223 114 
1 237 103 
349 86 163 
166 110 465 
357 368 364 
251 257 440 
49 435 226 
350 452 252 
156 270 102 
361 440 260 
380 418 418 
65 431 108 
486 418 404 
45 18 249 
240 434 441 
473 283 165 
285 175 478 
199 311 99 
54 75 341 
144 264 37 
498 413 39 
23 214 357 
192 194 392 
266 379 160 
151 362 254 
94 145 467 
67 385 389 
174 311 91 
85 331 50 
72 204 467 
411 307 101 
118 329 211 
447 447 300 
86 178 255 
29 157 403 
439 272 250 
321 51 348 
207 328 220 
338 424 227 
385 60 493 
315 43 145 
77 146 214 
277 368 70 
280 155 40 
109 116 327 
210 86 311 
186 417 436 
465 469 175 
180 371 354 
397 345 222 
419 24 495 
292 113 58 
51 14 404 
28 171 138 
360 201 403 
310 404 325 
160 203 440 
451 486 344 
27 229 159 
207 179 279 
31 178 415 
147 223 234 
242 371 2 
330 458 312 
485 95 189 
204 483 233 
185 460 5 
281 59 469 
407 221 237 
73 110 50 
376 100 170 
257 365 448 
413 130 374 
471 171 1 
94 156 21 
134 125 470 
441 408 473 
445 240 463 
265 162 107 
452 348 290 
424 37 135 
67 321 186 
429 208 363 
134 28 319 
69 340 492 
92 211 203 
72 210 302 
152 377 382 
218 367 315 
239 91 160 
471 422 495 
117 407 165 
152 102 154 
243 374 372 
72 353 11 
370 381 308 
491 422 142 
144 41 241 
356 192 267 
27 238 483 
110 110 235 
491 209 81 
392 212 116 
460 408 109 
282 227 449 
28 100 281 
237 424 57 
331 403 137 
298 218 235 
131 475 246 
208 475 113 
313 395 106 
35 121 210 
156 4 113 
209 474 355 
495 293 145 
349 431 131 
344 232 351 
3 280 13 
464 394 387 
414 416 334 
282 162 459 
396 104 333 
345 193 220 
360 77 266 
258 336 496 
131 35 4 
404 128 212 
90 57 14 
102 495 479 
387 340 235 
226 449 368 
303 350 74 
447 219 389 
273 308 420 
203 342 125 
162 11 15 
363 408 137 
11 463 161 
188 244 314 
207 38 81 
473 39 490 
491 10 99 
166 144 396 
452 305 342 
341 445 489 
406 95 493 
82 265 268 
21 34 265 
167 401 66 
177 240 193 
398 466 172 
358 210 458 
243 471 292 
462 23 81 
46 4 146 
6 212 77 
323 381 219 
77 362 476 
47 293 366 
472 351 473 
101 278 166 
290 447 75 
101 180 115 
150 316 217 
88 498 203 
300 303 35 
27 300 483 
326 333 191 
294 444 59 
224 454 284 
245 244 48 
493 428 227 
88 316 371 
135 63 136 
190 153 227 
251 180 228 
25 256 304 
202 421 283 
372 183 51 
341 475 65 
213 35 137 
3 466 282 
257 290 421 
343 248 173 
91 273 413 
21 239 196 
137 41 304 
210 375 349 
126 117 192 
353 221 176 
314 205 280 
114 316 476 
42 489 304 
265 131 1 
456 136 93 
326 490 362 
338 272 34 
167 222 364 
218 417 99 
40 65 405 
69 103 365 
243 311 228 
193 244 28 
123 131 324 
171 278 55 
34 208 321 
240 271 50 
176 243 34 
114 374 455 
335 102 199 
428 112 103 
220 288 76 
458 112 308 
299 385 439 
127 278 223 
205 174 469 
81 193 144 
33 289 472 
57 211 265 
173 82 414 
64 460 376 
212 197 471 
331 16 253 
401 305 222 
112 173 268 
364 320 200 
252 468 390 
499 338 55 
461 79 22 
332 453 168 
421 463 449 
329 140 170 
474 418 293 
106 432 196 
168 427 262 
74 1 45 
157 161 473 
151 298 77 
253 410 155 
223 8 366 
473 307 342 
350 184 227 
314 90 191 
303 399 382 
18 89 449 
439 102 45 
431 126 472 
125 321 225 
70 290 95 
65 71 30 
374 462 458 
107 317 82 
267 494 462 
360 26 165 
84 217 13 
219 145 179 
32 386 29 
14 40 287 
360 160 493 
446 105 409 
265 169 36 
18 191 302 
448 43 13 
405 310 197 
71 289 321 
15 343 56 
63 273 229 
385 240 182 
164 265 454 
279 440 58 
194 425 85 
172 362 252 
285 262 105 
247 189 466 
351 155 324 
65 266 47 
326 350 190 
331 485 323 
76 369 494 
373 100 386 
162 341 384 
126 51 330 
461 38 39 
411 112 239 
241 263 22 
267 96 291 
498 178 204 
22 260 107 
310 271 176 
448 432 404 
436 165 39 
187 328 43 
443 265 280 
490 309 79 
339 29 151 
341 214 422 
356 179 382 
431 14 72 
109 59 110 
249 493 123 
476 182 208 
108 64 136 
385 125 389 
339 26 218 
264 408 472 
17 400 451 
147 182 302 
427 314 263 
452 343 83 
253 245 29 
475 289 476 
130 67 423 
17 209 228 
228 32 249 
325 276 147 
285 467 90 
393 63 313 
149 314 349 
441 45 178 
356 339 463 
182 260 262 
378 69 458 
233 357 432 
461 161 123 
126 218 8 
226 283 19 
365 81 496 
43 20 53 
322 180 32 
34 476 415 
94 115 429 
365 105 419 
403 332 167 
412 207 176 
203 306 461 
164 143 414 
235 420 242 
125 498 324 
472 396 81 
185 295 345 
146 432 23 
187 55 377 
428 284 306 
25 19 228 
310 339 447 
6 486 261 
291 195 299 
102 474 51 
174 498 190 
168 244 486 
161 191 308 
307 246 230 
191 394 337 
484 126 456 
175 487 311 
204 381 159 
241 390 142 
124 468 37 
488 207 70 
137 168 231 
337 97 23 
347 381 279 
367 267 274 
478 482 472 
398 299 402 
110 177 430 
484 380 91 
19 150 203 
317 51 477 
19 241 172 
288 200 200 
46 173 30 
367 413 154 
308 322 352 
400 135 132 
184 387 73 
241 22 33 
182 330 187 
94 223 163 
50 188 202 
211 148 145 
154 464 459 
46 96 136 
369 184 132 
494 117 466 
93 235 120 
113 236 225 
238 380 224 
274 356 358 
248 493 153 
107 426 447 
201 188 267 
253 378 135 
240 190 211 
195 47 488 
104 281 488 
298 11 381 
227 141 245 
348 235 337 
316 278 158 
372 153 227 
51 198 335 
387 174 24 
430 388 302 
183 191 229 
217 264 241 
473 177 378 
237 448 426 
400 343 50 
410 378 468 
86 48 470 
368 39 30 
33 149 399 
286 164 347 
220 87 88 
68 141 253 
430 24 93 
27 484 41 
311 394 446 
248 466 318 
249 252 167 
104 110 100 
5 103 406 
197 261 441 
49 382 0 
455 345 423 
471 141 271 
126 342 395 
446 16 440 
213 404 229 
147 334 353 
407 279 397 
445 109 178 
465 490 105 
92 246 452 
6 456 281 
370 192 395 
424 207 481 
199 476 225 
6 125 224 
81 9 130 
67 308 426 
280 383 53 
301 149 9 
305 421 464 
5 497 439 
167 77 295 
323 493 58 
448 312 70 
336 429 107 
109 468 361 
229 286 404 
320 333 105 
474 50 42 
203 142 427 
411 129 82 
282 238 150 
444 64 211 
250 47 273 
452 277 491 
358 326 485 
219 45 59 
308 142 410 
472 10 286 
91 371 364 
52 352 258 
283 120 149 
301 96 162 
317 369 405 
391 303 231 
36 2 44 
9 199 294 
205 489 448 
349 202 159 
484 335 276 
252 496 165 
472 89 58 
333 406 75 
79 394 165 
93 93 58 
392 120 393 
301 34 398 
444 278 379 
354 206 196 
112 489 393 
205 194 158 
410 110 22 
57 127 440 
252 293 93 
253 278 291 
100 268 440 
207 293 467 
138 226 161 
333 454 243 
233 287 256 
419 362 52 
128 312 6 
118 88 425 
421 289 19 
72 30 290 
38 255 342 
414 289 261 
3 368 411 
292 201 349 
39 499 318 
47 50 205 
200 45 294 
306 274 98 
168 119 112 
332 348 9 
83 202 219 
184 53 234 
362 205 357 
81 252 162 
124 180 280 
190 176 308 
30 355 34 
26 241 321 
396 209 268 
297 468 21 
86 100 372 
145 283 155 
470 425 84 
335 356 118 
98 462 414 
64 424 436 
269 365 272 
181 204 376 
333 67 89 
17 82 152 
5 152 126 
451 265 133 
295 100 10 
151 133 115 
80 158 462 
337 235 164 
316 146 34 
363 123 346 
474 391 248 
450 100 326 
319 120 387 
150 463 36 
365 241 163 
379 236 156 
437 434 256 
365 30 263 
108 323 135 
