1000
3
67 413 353 
311 287 281 
491 120 487 
126 74 100 
163 197 166 
142 315 95 
53 235 270 
233 262 5 
365 470 267 
237 42 102 
122 322 117 
272 228 479 
379 194 27 
255 144 277 
202 53 43 
220 131 398 
370 326 453 
63 487 472 
299 36 230 
33 493 327 
252 124 391 
55 374 80 
377 89 336 
32 350 140 
202 498 176 
413 109 494 
88 386 57 
168 227 492 
458 374 406 
256 153 161 
312 494 111 
115 190 474 
174 149 286 
137 111 403 
185 44 159 
21 484 20 
313 463 58 
49 114 297 
337 16 334 
140 498 193 
382 276 486 
478 442 166 
339 498 104 
439 421 499 
384 328 207 
118 229 162 
482 194 248 
157 353 295 
387 245 429 
277 376 212 
320 454 401 
183 133 304 
46 229 100 
392 346 462 
433 187 489 
434 74 87 
202 216 298 
43 437 10 
196 457 94 
283 149 377 
302 120 191 
355 22 206 
164 278 314 
285 87 27 
454 25 142 
117 129 305 
187 102 415 
24 5 203 
465 405 456 
299 57 300 
457 282 471 
140 132 497 
93 428 283 
225 262 360 
269 408 61 
365 32 309 
361 417 293 
256 113 210 
421 279 283 
291 240 416 
169 384 43 
438 172 458 
55 96 445 
410 154 313 
191 268 329 
459 244 378 
311 375 67 
283 102 281 
146 54 280 
233 411 86 
253 409 483 
271 56 423 
240 108 108 
467 388 392 
418 94 316 
269 260 459 
305 352 192 
291 250 126 
247 144 131 
131 113 426 
22 60 107 
313 169 240 
421 480 124 
193 218 175 
396 402 469 
141 269 281 
414 412 413 
222 418 477 
251 322 379 
73 383 234 
168 231 8 
185 266 29 
316 81 113 
96 43 498 
418 423 483 
276 145 116 
127 230 266 
99 116 145 
88 493 469 
76 371 53 
16 263 85 
14 375 127 
221 396 239 
240 495 369 
129 130 71 
112 355 489 
465 164 10 
492 157 80 
301 1 64 
396 181 395 
127 172 221 
490 101 204 
353 204 357 
415 132 398 
242 326 275 
45 290 489 
233 311 449 
458 152 213 
187 454 390 
342 109 4 
14 119 51 
257 489 463 
326 110 246 
431 9 429 
374 450 275 
335 200 219 
439 115 89 
152 213 96 
404 203 183 
185 378 496 
192 350 184 
433 422 252 
450 113 242 
170 313 296 
398 139 384 
134 3 47 
249 385 49 
33 375 0 
157 20 135 
373 82 202 
296 334 447 
19 464 187 
169 50 174 
357 412 170 
142 296 164 
280 84 208 
203 444 217 
265 305 328 
471 89 137 
328 43 159 
435 429 490 
181 412 425 
189 267 399 
395 195 11 
24 288 250 
26 423 133 
208 265 469 
193 96 398 
291 20 84 
161 358 206 
252 54 112 
409 250 69 
418 229 240 
449 405 94 
11 291 98 
94 432 278 
426 457 454 
373 155 294 
91 77 215 
27 204 365 
119 160 212 
149 287 215 
121 170 201 
392 484 355 
35 268 195 
369 74 486 
28 229 333 
385 404 231 
168 187 177 
188 44 420 
374 189 172 
460 242 108 
92 38 360 
299 433 176 
85 319 260 
88 283 88 
253 286 495 
298 406 465 
83 37 16 
312 419 438 
470 397 57 
485 45 144 
131 483 317 
327 265 41 
2 131 404 
336 281 371 
171 309 78 
216 184 489 
307 196 271 
61 68 57 
252 399 323 
391 270 128 
250 270 377 
127 91 345 
225 128 32 
311 353 54 
82 436 299 
228 180 34 
100 162 253 
71 316 216 
146 30 284 
103 121 309 
322 268 91 
341 76 187 
97 129 259 
108 96 242 
214 138 98 
248 430 380 
341 199 342 
378 143 105 
154 446 344 
311 212 463 
172 451 95 
59 281 176 
11 439 253 
126 353 121 
200 378 105 
143 450 154 
186 343 376 
450 379 172 
446 78 269 
66 428 416 
364 134 222 
310 18 489 
62 41 390 
484 408 269 
378 34 490 
437 194 121 
210 259 206 
303 258 317 
414 108 342 
119 212 209 
4 317 486 
1 229 394 
203 192 52 
247 329 200 
386 286 194 
376 461 42 
228 201 141 
451 417 457 
177 379 435 
466 286 180 
473 271 27 
6 72 214 
497 138 30 
342 326 294 
133 422 86 
0 248 255 
297 124 415 
134 440 357 
492 277 11 
224 395 447 
371 24 290 
132 18 60 
242 243 400 
287 51 289 
132 374 174 
475 461 407 
465 75 111 
405 352 60 
335 13 112 
158 134 104 
385 10 421 
52 433 268 
239 469 291 
476 336 324 
189 490 239 
246 123 241 
266 56 114 
239 357 476 
266 351 277 
292 155 294 
120 170 186 
343 327 431 
456 114 112 
194 411 499 
401 206 262 
168 369 404 
468 115 6 
443 369 413 
9 205 49 
80 255 266 
294 219 248 
80 105 59 
454 122 240 
159 387 263 
223 270 420 
144 181 262 
312 311 198 
209 113 211 
323 323 198 
391 14 102 
160 366 441 
382 250 29 
210 17 266 
357 101 267 
134 425 478 
308 409 63 
405 211 135 
79 360 143 
246 368 56 
82 172 208 
176 61 350 
481 224 90 
463 81 130 
173 298 454 
363 378 204 
382 168 133 
200 291 447 
84 350 128 
142 222 479 
67 432 145 
315 391 432 
474 371 402 
467 389 301 
4 60 111 
3 4 398 
348 325 31 
474 286 476 
14 496 193 
149 282 181 
17 429 140 
347 326 239 
84 241 83 
199 153 365 
201 370 342 
136 8 252 
229 382 312 
382 481 243 
382 342 143 
330 389 144 
441 276 317 
11 494 201 
423 476 439 
56 426 363 
80 352 51 
281 383 403 
259 159 313 
38 339 353 
386 36 345 
98 316 6 
406 159 393 
60 444 215 
26 25 41 
151 420 128 
39 391 200 
210 219 290 
31 17 300 
146 209 100 
197 0 240 
476 140 287 
377 444 430 
195 202 348 
240 342 391 
225 96 215 
383 429 316 
55 384 381 
452 221 259 
285 204 189 
421 403 189 
58 397 132 
121 10 147 
172 170 35 
237 205 60 
143 90 491 
471 32 416 
380 259 382 
249 163 228 
94 425 183 
94 125 252 
106 217 87 
375 259 278 
266 302 85 
358 26 272 
98 141 463 
150 17 423 
454 491 76 
183 149 314 
313 213 486 
214 468 98 
106 234 326 
183 163 236 
497 315 192 
257 493 333 
63 88 247 
426 458 496 
233 168 41 
488 361 57 
159 421 187 
224 203 50 
115 232 328 
133 116 72 
426 378 415 
454 292 401 
399 273 175 
437 85 315 
295 100 404 
218 197 67 
384 304 97 
342 222 236 
343 221 60 
449 222 14 
150 408 344 
480 76 293 
470 349 14 
404 127 355 
295 24 379 
169 42 69 
287 432 365 
288 75 386 
219 3 49 
188 192 376 
197 195 5 
254 54 297 
125 427 241 
30 48 14 
88 495 169 
218 90 379 
83 468 53 
367 254 301 
493 320 273 
259 265 301 
126 481 360 
420 49 284 
27 307 485 
313 450 403 
239 225 480 
411 452 492 
159 123 367 
37 205 93 
130 160 334 
473 139 185 
191 41 271 
113 329 300 
422 88 223 
153 224 126 
368 249 356 
240 381 148 
72 390 211 
173 398 430 
62 280 46 
23 259 1 
245 125 324 
241 154 371 
73 380 75 
263 162 2 
239 38 4 
147 199 490 
38 447 48 
32 86 248 
204 95 388 
17 92 381 
203 163 358 
391 254 155 
431 3 59 
239 106 32 
332 244 101 
289 478 490 
360 352 175 
154 416 143 
327 0 68 
482 452 324 
256 479 71 
268 332 474 
55 81 471 
281 65 202 
202 293 405 
90 79 288 
273 497 139 
478 88 335 
476 470 159 
458 272 465 
344 42 80 
439 363 199 
413 67 218 
317 285 14 
40 177 66 
252 366 336 
264 5 2 
157 272 383 
266 304 21 
253 366 126 
294 453 122 
361 343 36 
22 240 430 
174 235 269 
242 165 47 
267 128 434 
426 214 224 
143 285 149 
259 4 151 
251 15 305 
271 211 288 
62 352 363 
274 462 165 
77 136 11 
178 355 401 
482 299 368 
370 335 204 
400 320 235 
49 82 356 
10 433 42 
328 29 419 
434 456 96 
392 210 83 
442 456 15 
33 37 271 
153 467 326 
80 221 225 
90 402 282 
135 51 264 
196 18 282 
67 63 171 
125 1 130 
203 358 49 
167 190 342 
138 220 366 
258 167 401 
83 391 141 
242 313 241 
32 216 74 
318 307 190 
363 311 493 
124 105 85 
283 196 41 
30 256 331 
166 441 272 
464 479 40 
156 73 301 
451 103 90 
150 62 308 
190 480 220 
389 448 465 
44 179 483 
432 338 179 
343 414 114 
51 364 111 
216 330 499 
244 427 88 
475 266 490 
86 293 276 
50 267 144 
217 265 64 
479 141 204 
338 59 104 
423 37 328 
430 99 243 
268 13 265 
235 187 120 
453 478 325 
381 446 214 
52 463 304 
378 382 218 
494 132 231 
11 224 100 
75 148 168 
54 82 121 
448 417 242 
286 299 284 
223 209 52 
10 74 326 
5 186 175 
159 30 208 
48 454 410 
343 163 43 
432 51 237 
332 138 58 
298 239 490 
116 469 23 
38 341 137 
305 186 197 
78 354 343 
350 469 231 
342 33 342 
358 70 379 
416 233 411 
218 288 336 
304 429 48 
155 10 452 
75 202 358 
61 45 154 
337 73 20 
209 86 48 
83 25 117 
225 96 481 
316 396 233 
357 119 273 
460 201 322 
274 335 131 
418 201 387 
302 184 357 
4 422 145 
240 66 49 
456 362 188 
103 315 356 
146 308 250 
47 299 323 
410 488 285 
155 476 354 
35 129 222 
195 260 256 
171 389 282 
7 308 160 
83 297 432 
476 465 159 
196 490 361 
25 140 460 
217 187 289 
455 426 161 
43 0 121 
134 356 351 
380 27 100 
424 206 95 
404 343 75 
274 362 16 
97 403 159 
248 167 47 
488 335 164 
65 159 63 
97 31 174 
489 125 179 
222 140 154 
183 205 303 
168 207 254 
132 2 70 
375 264 437 
180 365 149 
181 447 328 
275 219 264 
94 30 253 
222 181 21 
34 186 309 
105 198 265 
404 158 353 
107 90 379 
12 252 398 
332 404 470 
34 80 95 
120 111 13 
279 313 420 
54 486 249 
305 428 76 
84 429 100 
211 425 273 
384 381 467 
312 25 485 
357 75 210 
55 333 342 
455 54 307 
361 425 55 
357 306 158 
380 324 176 
305 197 417 
170 288 239 
305 326 278 
119 478 467 
20 417 212 
198 383 217 
433 476 26 
288 278 39 
494 136 242 
424 154 471 
464 29 20 
102 245 67 
166 321 379 
277 311 412 
366 409 50 
152 54 128 
238 315 222 
346 239 115 
48 460 69 
358 441 370 
366 263 224 
337 203 209 
171 101 88 
233 247 73 
389 271 214 
412 38 10 
330 24 189 
297 372 298 
127 205 38 
188 453 68 
198 87 55 
460 261 450 
84 30 273 
4 76 415 
280 338 482 
153 437 288 
472 59 368 
234 445 306 
366 141 307 
0 131 112 
108 54 305 
272 363 402 
498 170 344 
472 118 336 
68 451 470 
209 338 269 
497 111 348 
23 161 179 
138 458 118 
26 66 226 
260 10 275 
273 274 373 
300 105 492 
124 402 104 
349 96 310 
365 86 421 
386 4 400 
75 190 466 
104 390 39 
66 78 431 
232 61 96 
252 257 185 
81 218 113 
118 198 313 
359 34 143 
178 37 173 
87 238 62 
69 115 217 
283 128 2 
455 21 354 
448 110 405 
119 175 278 
92 297 490 
442 234 219 
416 315 495 
380 377 112 
442 179 330 
132 258 41 
254 177 33 
94 26 118 
303 177 286 
132 137 198 
18 266 165 
354 172 379 
119 253 475 
481 45 145 
497 419 31 
135 142 304 
269 155 185 
75 106 334 
237 80 427 
348 37 349 
217 180 440 
186 311 491 
241 135 121 
488 106 199 
410 239 72 
490 489 425 
335 121 12 
132 396 470 
17 9 373 
396 326 294 
381 444 103 
491 397 341 
424 184 279 
391 382 313 
173 186 26 
82 394 223 
5 354 442 
212 70 408 
399 288 314 
199 41 338 
487 28 406 
219 469 138 
42 76 185 
315 399 146 
380 218 409 
277 168 11 
499 240 6 
400 386 459 
328 338 386 
27 165 153 
458 355 84 
357 424 300 
334 172 495 
498 65 429 
482 318 393 
156 426 400 
329 82 447 
218 88 248 
472 392 82 
14 73 88 
31 353 238 
489 58 350 
439 480 270 
447 327 155 
346 365 142 
41 215 388 
495 104 117 
466 222 189 
459 466 419 
362 123 109 
91 234 242 
13 245 235 
140 98 110 
406 33 174 
282 119 489 
65 292 344 
178 404 12 
3 375 223 
391 204 59 
107 307 342 
28 71 70 
467 372 179 
90 418 292 
474 335 472 
376 281 76 
43 309 313 
76 139 436 
50 173 491 
200 314 424 
185 381 365 
273 138 341 
255 224 385 
452 416 269 
412 407 333 
4 168 193 
276 362 101 
283 18 378 
357 166 252 
483 272 136 
99 135 218 
371 69 204 
432 426 354 
174 17 130 
9 471 24 
232 436 235 
195 222 407 
12 24 95 
499 337 168 
313 416 122 
100 102 21 
329 136 483 
116 153 196 
10 463 69 
26 438 32 
451 266 77 
91 34 165 
54 385 305 
209 384 33 
271 298 304 
312 404 93 
391 429 71 
266 100 472 
487 264 453 
151 191 146 
348 43 485 
46 471 161 
30 189 145 
388 253 414 
239 252 98 
420 263 42 
344 314 134 
430 203 238 
278 355 54 
258 5 349 
285 431 217 
189 486 201 
445 22 491 
489 67 343 
125 250 72 
391 28 289 
450 196 151 
300 213 441 
94 70 197 
211 107 245 
316 414 343 
94 387 253 
322 338 364 
11 257 439 
88 290 140 
137 146 154 
43 23 437 
276 47 325 
2 305 444 
23 426 118 
105 402 430 
453 312 363 
444 197 39 
78 428 172 
56 48 421 
101 90 311 
46 426 113 
256 12 329 
12 335 101 
367 241 417 
211 446 413 
27 345 415 
438 362 435 
240 279 103 
420 164 48 
167 408 312 
464 65 184 
487 88 237 
432 322 489 
18 67 22 
357 228 474 
93 58 94 
263 55 352 
74 376 497 
402 55 5 
99 381 282 
383 240 345 
410 303 336 
121 470 83 
409 126 320 
292 203 179 
135 270 13 
180 58 72 
462 205 364 
228 458 119 
197 431 95 
290 123 201 
467 226 383 
340 374 236 
86 55 365 
283 23 240 
398 477 15 
475 136 360 
204 54 403 
443 452 221 
158 158 406 
209 269 269 
439 58 414 
482 142 239 
428 453 455 
79 106 466 
210 366 270 
21 420 421 
433 113 47 
123 139 280 
278 145 493 
4 249 388 
127 404 106 
78 129 281 
433 163 47 
180 183 303 
307 20 245 
267 147 165 
410 12 347 
232 123 195 
354 121 434 
106 194 428 
182 356 165 
401 468 294 
12 432 212 
349 286 452 
303 108 434 
227 165 230 
258 47 76 
441 52 292 
484 348 403 
15 223 310 
423 267 281 
144 395 326 
316 376 152 
127 317 241 
114 331 294 
100 222 338 
333 148 391 
404 251 86 
207 246 339 
96 274 416 
86 368 43 
208 498 97 
95 484 23 
22 167 124 
370 46 106 
