1000
3
380 168 263 
97 227 233 
149 318 410 
132 78 172 
98 241 453 
431 470 424 
250 257 195 
237 30 185 
436 326 252 
446 365 430 
483 303 343 
219 259 425 
398 404 10 
341 113 286 
235 372 267 
5 445 117 
343 491 230 
231 479 189 
469 284 279 
210 150 138 
328 1 45 
213 84 215 
85 298 428 
374 303 474 
201 341 376 
222 317 429 
183 412 141 
329 88 72 
24 18 489 
213 311 481 
304 199 133 
47 11 261 
195 64 252 
487 252 147 
303 80 51 
41 146 146 
206 461 41 
463 3 209 
96 395 201 
328 367 16 
76 260 27 
59 499 2 
427 340 280 
293 30 290 
184 35 364 
248 424 452 
312 392 422 
17 113 283 
121 156 45 
282 464 456 
131 68 299 
79 261 312 
83 240 450 
361 252 30 
339 225 334 
395 125 448 
493 52 267 
296 411 470 
173 399 103 
342 40 51 
139 312 82 
213 303 357 
142 352 153 
200 213 5 
106 413 256 
150 183 318 
150 452 401 
374 478 366 
227 334 255 
255 154 82 
360 48 447 
226 74 59 
20 203 305 
0 125 302 
406 219 38 
96 448 67 
259 124 147 
258 177 393 
250 253 191 
371 293 260 
172 237 482 
295 375 197 
57 219 207 
45 135 196 
286 275 227 
336 409 84 
272 93 109 
161 408 361 
4 146 267 
307 63 236 
453 137 172 
211 261 105 
445 485 333 
61 191 494 
151 152 290 
261 75 143 
325 308 0 
8 407 497 
73 94 253 
249 188 306 
327 305 45 
463 351 39 
70 466 311 
390 340 16 
476 487 10 
340 423 142 
313 164 169 
137 431 480 
379 384 430 
239 435 69 
285 132 294 
290 275 413 
491 394 356 
474 18 217 
16 436 194 
268 455 176 
2 429 327 
268 418 227 
209 469 374 
298 187 208 
231 319 299 
355 354 436 
170 103 171 
175 360 341 
54 484 379 
154 358 36 
459 60 246 
430 116 406 
146 5 320 
303 455 456 
20 72 275 
467 446 284 
57 393 189 
178 491 204 
85 319 275 
473 315 201 
87 476 221 
239 221 489 
243 34 143 
444 269 230 
484 369 445 
291 362 216 
69 263 147 
439 22 45 
63 462 188 
67 4 219 
230 325 473 
44 374 439 
53 494 30 
93 124 316 
26 402 171 
209 282 466 
381 195 169 
184 262 425 
20 157 228 
352 28 423 
150 138 227 
75 345 391 
382 478 239 
405 76 238 
110 348 143 
74 473 416 
219 104 258 
492 405 199 
88 199 303 
49 465 268 
174 33 329 
46 473 418 
74 310 328 
118 151 163 
161 338 383 
197 151 92 
458 22 377 
5 251 414 
90 292 198 
337 354 461 
199 303 182 
395 489 11 
422 23 340 
185 140 229 
148 299 252 
480 282 171 
71 494 270 
71 490 162 
363 62 303 
311 172 471 
103 274 241 
88 67 331 
205 418 301 
409 419 127 
75 284 136 
41 243 189 
267 141 62 
149 48 32 
19 478 107 
32 89 211 
414 394 381 
23 422 277 
405 150 499 
285 201 276 
264 401 173 
59 369 121 
109 152 115 
132 133 361 
57 28 228 
98 486 467 
183 390 444 
404 16 437 
73 443 182 
449 173 266 
460 1 66 
179 65 358 
319 167 482 
157 37 448 
471 410 325 
471 210 461 
284 356 470 
394 141 175 
8 439 31 
17 411 294 
359 100 225 
292 485 8 
35 213 328 
355 90 245 
141 200 373 
308 232 325 
415 468 1 
6 25 77 
226 26 41 
138 10 73 
458 262 107 
135 260 139 
213 133 153 
104 275 146 
389 11 55 
153 311 487 
257 106 372 
314 430 399 
369 365 207 
197 79 373 
29 324 35 
240 3 159 
493 469 91 
434 356 283 
75 74 135 
128 40 171 
4 315 438 
402 486 287 
154 380 30 
439 195 144 
130 396 125 
305 485 494 
253 465 244 
211 170 106 
138 137 49 
37 352 127 
467 241 392 
284 425 222 
295 440 133 
464 259 247 
284 36 22 
76 204 109 
309 403 195 
499 13 263 
219 202 159 
216 429 314 
56 28 48 
48 296 25 
51 120 137 
368 435 205 
188 113 380 
307 327 304 
492 132 322 
90 109 307 
224 108 80 
429 214 418 
274 253 3 
252 116 64 
404 296 311 
306 150 163 
237 480 122 
17 364 179 
445 264 64 
197 149 101 
281 428 197 
139 179 200 
380 312 474 
195 362 170 
2 300 259 
307 335 79 
244 326 118 
421 101 355 
148 379 117 
477 325 253 
257 350 493 
398 372 439 
211 347 121 
175 263 182 
351 183 286 
173 97 452 
325 375 109 
109 239 355 
248 95 351 
123 201 166 
278 0 363 
126 414 433 
205 209 353 
326 71 77 
330 84 399 
46 476 470 
351 189 454 
222 287 446 
198 187 40 
300 346 415 
54 292 423 
477 251 274 
248 122 428 
412 248 144 
121 479 234 
351 230 259 
261 452 165 
475 62 485 
337 399 389 
428 172 292 
306 491 248 
74 172 197 
200 164 459 
483 165 452 
252 186 185 
461 413 337 
357 375 248 
443 394 298 
156 426 446 
160 215 263 
384 45 412 
380 292 365 
278 32 366 
317 242 426 
24 130 217 
183 75 143 
441 433 410 
105 425 443 
435 14 38 
415 428 272 
417 264 90 
412 99 421 
416 364 315 
89 438 141 
146 257 193 
385 31 216 
360 208 199 
84 26 294 
461 47 459 
475 258 279 
110 235 113 
82 455 434 
425 493 69 
147 258 49 
95 228 291 
314 365 302 
51 45 204 
470 479 28 
218 5 407 
240 239 477 
297 26 487 
394 46 222 
386 377 96 
298 124 223 
284 396 23 
473 365 441 
346 12 176 
413 478 128 
48 399 92 
455 115 85 
490 183 446 
252 181 284 
385 8 181 
258 6 307 
27 399 35 
349 355 458 
480 68 373 
7 283 149 
278 421 68 
47 469 375 
1 87 81 
131 151 62 
483 450 391 
280 164 53 
335 213 320 
496 362 489 
309 185 119 
312 203 56 
95 125 474 
91 145 302 
254 425 58 
414 484 448 
350 286 469 
275 457 269 
104 73 285 
194 169 53 
93 396 245 
84 223 134 
346 174 448 
421 155 152 
356 27 273 
406 233 122 
421 413 224 
366 295 487 
418 71 100 
352 130 332 
288 86 189 
17 430 385 
68 365 347 
90 422 200 
215 1 497 
370 100 113 
94 206 375 
439 313 9 
373 67 71 
356 25 77 
331 246 295 
452 277 461 
17 245 98 
357 183 135 
290 326 198 
390 263 372 
133 10 269 
414 76 462 
220 31 359 
234 251 482 
207 387 424 
323 444 182 
137 460 477 
357 292 330 
332 405 442 
305 495 359 
199 351 406 
454 411 496 
100 91 287 
32 41 45 
377 134 481 
40 1 382 
197 5 325 
257 103 483 
136 248 104 
73 340 219 
487 4 369 
157 318 492 
195 154 176 
496 272 84 
427 11 100 
179 247 446 
121 356 284 
76 486 429 
226 360 416 
359 277 298 
272 364 377 
53 113 249 
424 105 402 
273 308 209 
80 52 437 
477 197 98 
318 67 426 
278 120 339 
359 15 19 
260 236 96 
261 497 209 
458 418 166 
27 143 158 
224 454 124 
191 220 106 
498 295 221 
458 415 86 
65 418 193 
244 211 68 
345 201 454 
250 138 214 
321 251 387 
70 154 154 
375 119 398 
469 292 334 
212 128 116 
321 26 350 
421 38 205 
301 447 314 
483 70 352 
13 216 120 
300 186 122 
130 371 124 
75 72 401 
278 234 298 
41 264 33 
312 221 35 
53 258 293 
279 31 45 
222 85 496 
268 467 483 
13 280 32 
456 149 246 
132 244 331 
239 497 17 
320 82 158 
202 414 419 
49 141 140 
476 443 452 
471 440 489 
85 345 290 
24 238 128 
27 122 411 
466 24 352 
415 60 371 
152 219 205 
204 60 411 
405 421 452 
343 127 274 
134 134 189 
392 172 313 
154 44 44 
130 127 92 
328 317 103 
131 115 28 
320 454 365 
88 184 144 
351 72 440 
330 451 281 
129 451 167 
52 192 347 
256 75 420 
267 59 332 
372 50 375 
261 494 132 
139 268 272 
102 272 248 
297 198 402 
128 368 461 
240 152 334 
316 325 91 
210 217 371 
98 474 462 
372 76 352 
132 108 459 
135 57 102 
467 308 180 
141 99 41 
131 334 8 
338 335 389 
242 75 124 
450 234 5 
36 371 230 
393 241 95 
69 171 487 
62 182 213 
244 296 388 
464 120 248 
253 176 101 
275 263 60 
308 101 356 
107 63 272 
310 75 394 
435 423 40 
333 62 19 
421 67 257 
488 136 52 
430 20 140 
382 253 78 
473 379 260 
102 311 172 
76 359 54 
313 319 454 
22 232 366 
53 372 304 
491 111 182 
23 293 420 
377 350 376 
182 360 173 
69 82 336 
122 470 208 
138 62 326 
197 377 263 
196 263 19 
298 499 416 
136 364 223 
201 478 49 
74 422 195 
177 38 107 
24 310 190 
201 121 452 
252 326 67 
464 383 399 
4 372 171 
17 3 419 
231 4 164 
357 277 224 
9 147 336 
170 346 413 
107 334 403 
41 150 111 
125 384 224 
188 361 484 
280 106 77 
360 84 499 
192 77 287 
181 321 241 
70 65 318 
166 452 464 
467 294 404 
432 299 158 
136 316 124 
458 380 481 
320 115 456 
16 223 100 
230 109 51 
362 276 175 
486 30 294 
171 19 206 
277 428 442 
229 436 364 
158 17 344 
204 193 87 
320 477 211 
80 290 375 
71 162 454 
316 423 219 
112 358 455 
392 468 207 
282 286 203 
142 481 349 
249 499 81 
197 91 119 
4 482 373 
405 456 409 
232 369 271 
36 67 472 
258 480 101 
215 117 25 
177 44 389 
300 326 322 
62 178 248 
172 177 183 
451 161 273 
359 443 369 
261 128 213 
272 386 90 
127 412 359 
440 26 280 
247 39 13 
475 486 314 
22 116 369 
368 64 168 
356 163 422 
446 130 278 
370 68 67 
374 146 347 
37 54 387 
292 374 249 
140 30 378 
209 464 80 
186 13 11 
228 369 220 
83 422 131 
313 198 355 
428 352 49 
363 126 287 
297 181 303 
370 470 358 
106 429 385 
241 249 499 
9 74 37 
228 346 434 
438 9 22 
87 442 52 
125 274 489 
88 305 397 
150 170 376 
160 421 325 
110 367 176 
289 146 334 
165 334 252 
477 91 481 
17 334 281 
303 324 319 
301 470 226 
92 40 10 
337 159 391 
128 273 99 
282 20 192 
34 189 112 
288 299 137 
57 171 450 
276 202 470 
461 305 235 
239 129 59 
89 90 334 
470 303 478 
44 401 18 
202 409 114 
182 443 412 
415 348 422 
21 397 348 
488 429 416 
300 492 285 
223 352 40 
53 86 137 
95 42 138 
193 208 173 
0 245 250 
448 466 251 
264 340 171 
375 264 13 
30 343 279 
77 39 223 
251 419 270 
242 358 496 
473 308 235 
49 256 250 
127 393 444 
352 254 483 
165 111 143 
195 413 122 
274 245 83 
343 94 410 
129 418 268 
160 58 385 
255 370 411 
388 92 160 
217 270 354 
353 300 306 
276 198 84 
34 336 340 
285 149 124 
10 393 19 
354 105 109 
183 493 146 
420 258 232 
134 81 127 
452 365 340 
188 70 444 
210 98 181 
353 490 145 
354 285 127 
99 359 265 
443 247 430 
202 217 460 
492 146 159 
36 112 373 
468 447 418 
198 478 415 
242 223 464 
465 110 499 
35 187 237 
2 83 305 
233 112 85 
348 336 380 
11 270 267 
345 0 347 
144 10 38 
416 218 5 
186 462 87 
54 323 387 
270 2 0 
385 339 448 
76 464 432 
197 92 393 
253 392 480 
108 468 401 
258 308 64 
25 0 328 
465 196 289 
178 125 23 
152 415 205 
241 356 146 
166 74 36 
369 39 71 
179 294 233 
157 432 252 
238 71 133 
330 407 52 
366 101 209 
442 474 33 
411 85 473 
450 251 196 
200 98 406 
22 281 263 
458 245 195 
31 255 368 
367 348 466 
488 450 193 
322 432 408 
320 28 74 
133 10 310 
170 163 121 
356 103 391 
245 13 241 
13 345 313 
369 243 69 
384 52 45 
265 250 18 
460 57 353 
200 402 389 
89 70 31 
201 18 179 
414 426 237 
138 229 327 
261 393 166 
138 333 310 
471 23 384 
258 294 467 
140 471 372 
71 111 14 
320 264 468 
300 103 451 
143 387 73 
133 8 229 
375 5 222 
26 109 343 
360 83 332 
461 470 85 
106 145 474 
322 333 122 
69 74 329 
212 153 298 
253 7 352 
282 258 272 
451 248 397 
78 454 343 
318 164 168 
210 173 344 
467 190 9 
233 406 418 
416 150 147 
257 315 94 
76 47 430 
429 337 377 
452 357 285 
72 285 291 
355 385 189 
88 228 358 
43 355 210 
397 394 133 
175 21 444 
196 308 498 
260 374 237 
251 178 190 
384 188 118 
289 394 167 
137 374 209 
203 422 53 
396 62 177 
282 412 113 
383 314 97 
134 193 191 
269 366 322 
4 433 498 
191 436 399 
486 42 40 
63 126 97 
121 62 209 
301 129 444 
292 439 381 
401 170 102 
176 33 284 
231 211 102 
493 243 223 
187 235 147 
5 310 388 
458 417 250 
445 372 140 
348 465 342 
173 172 327 
318 177 193 
117 45 130 
305 429 76 
268 246 358 
220 457 99 
420 218 41 
279 397 339 
66 176 8 
162 453 419 
321 336 348 
405 95 465 
413 327 174 
78 217 139 
304 337 43 
86 473 53 
12 437 476 
379 362 252 
194 470 189 
114 376 252 
26 397 25 
321 480 361 
64 69 441 
332 48 162 
357 361 421 
280 323 470 
455 6 173 
125 95 34 
238 61 119 
193 67 375 
367 33 370 
487 34 475 
115 82 90 
105 298 175 
63 1 66 
329 139 240 
292 497 124 
343 3 67 
89 8 164 
455 10 193 
240 395 210 
25 209 24 
115 356 454 
411 341 402 
475 361 148 
83 344 359 
292 286 302 
196 475 276 
80 240 322 
184 197 58 
302 278 187 
294 22 125 
188 318 125 
22 377 88 
397 83 324 
34 487 8 
470 321 291 
333 254 226 
365 496 10 
450 454 367 
476 82 333 
271 85 457 
461 220 6 
234 167 366 
208 105 186 
380 213 429 
31 55 493 
156 416 486 
275 268 305 
213 158 479 
321 344 25 
410 255 354 
131 494 165 
15 63 284 
482 264 114 
59 264 326 
19 75 121 
134 49 13 
15 292 434 
86 196 214 
64 126 15 
411 280 435 
345 250 218 
287 352 481 
344 327 274 
428 448 228 
411 256 109 
488 316 136 
154 226 124 
95 361 424 
297 398 419 
47 8 325 
245 209 495 
418 489 351 
416 19 87 
464 338 302 
370 394 423 
250 403 172 
449 208 48 
41 127 360 
170 485 249 
282 389 239 
273 173 377 
311 188 96 
58 429 183 
280 442 66 
171 438 116 
84 128 33 
261 22 219 
84 382 77 
468 218 316 
394 479 471 
336 272 36 
216 391 274 
24 394 23 
120 403 72 
109 298 448 
415 437 410 
99 252 464 
14 271 230 
497 75 291 
157 348 274 
104 191 45 
124 406 217 
116 165 45 
433 114 421 
14 20 462 
56 133 167 
263 484 122 
388 427 410 
313 355 153 
89 372 378 
