1000
3
205 360 57 
479 90 171 
159 494 278 
109 242 400 
207 279 1 
477 341 108 
37 412 350 
459 343 59 
102 290 1 
110 231 439 
290 302 292 
323 300 339 
189 183 381 
220 96 59 
298 155 204 
167 49 470 
92 461 45 
111 386 277 
316 474 1 
84 329 248 
392 232 63 
324 306 205 
27 455 287 
232 154 120 
342 69 215 
443 366 239 
492 94 410 
49 239 438 
200 361 442 
268 461 188 
180 383 484 
105 218 23 
49 467 354 
45 215 361 
289 153 434 
381 117 102 
465 189 12 
368 48 454 
268 72 385 
416 436 325 
394 120 438 
422 64 73 
195 230 215 
132 373 239 
134 307 392 
308 157 141 
184 474 166 
228 87 197 
254 433 402 
344 89 433 
279 118 180 
418 171 309 
147 236 329 
261 462 194 
384 447 22 
320 161 220 
23 458 493 
49 144 397 
21 12 219 
478 347 280 
182 137 91 
139 131 123 
196 188 105 
378 117 277 
480 235 95 
140 399 226 
156 246 376 
16 26 181 
468 22 284 
250 385 197 
222 87 266 
182 267 215 
183 134 39 
383 403 152 
483 462 383 
172 375 485 
144 277 494 
105 136 227 
449 360 413 
177 426 226 
67 73 103 
236 465 254 
424 198 156 
205 374 275 
292 205 374 
179 428 397 
322 148 441 
443 115 182 
486 222 197 
316 59 285 
339 105 440 
395 55 237 
242 324 362 
166 1 258 
328 118 33 
430 419 117 
343 93 374 
284 470 46 
483 229 480 
50 70 363 
175 319 297 
450 130 267 
160 69 269 
401 76 156 
120 194 377 
485 257 301 
58 407 192 
106 210 261 
157 41 337 
245 68 155 
220 428 156 
498 250 186 
463 493 196 
440 75 496 
459 74 347 
169 5 36 
284 8 382 
122 119 182 
118 74 311 
216 158 410 
32 5 63 
130 15 282 
46 381 204 
137 209 205 
315 285 471 
220 440 415 
57 207 119 
263 8 413 
143 66 311 
81 370 12 
161 173 222 
171 52 187 
147 219 239 
142 306 398 
481 278 254 
376 371 298 
153 387 207 
139 342 232 
304 157 150 
317 123 221 
81 416 155 
170 391 482 
461 318 17 
326 307 429 
375 333 151 
290 199 177 
368 182 375 
194 349 370 
495 85 389 
261 354 481 
36 226 397 
444 244 372 
295 147 96 
131 28 82 
30 296 460 
130 263 77 
258 429 10 
427 318 0 
394 221 204 
133 160 366 
317 424 245 
208 445 273 
280 327 403 
447 8 214 
424 107 425 
428 13 25 
90 439 348 
316 272 487 
446 377 302 
236 157 200 
269 263 209 
491 350 287 
169 214 310 
149 80 393 
281 330 470 
342 420 271 
317 329 222 
128 260 260 
315 166 223 
168 381 220 
93 35 183 
61 443 214 
391 283 310 
7 239 459 
277 363 479 
253 101 481 
411 61 338 
99 333 332 
151 247 455 
137 337 155 
35 483 124 
93 463 48 
20 485 112 
468 124 348 
166 203 181 
191 363 346 
469 490 353 
177 383 7 
462 463 272 
472 79 83 
4 24 413 
95 207 422 
188 431 102 
251 257 30 
461 102 144 
377 336 35 
211 5 107 
481 11 412 
95 317 121 
33 383 315 
300 329 395 
404 57 466 
241 67 291 
110 482 357 
151 429 295 
156 429 100 
125 323 325 
278 463 428 
76 53 60 
361 370 74 
57 349 49 
71 240 202 
369 258 490 
366 112 66 
328 371 217 
485 230 334 
220 21 362 
449 280 341 
187 385 130 
201 232 302 
209 315 457 
128 448 92 
305 340 196 
29 443 333 
7 207 59 
445 170 43 
33 60 418 
264 353 399 
100 42 129 
103 154 323 
280 69 315 
490 364 243 
170 13 204 
160 218 485 
328 220 459 
52 9 219 
116 385 340 
267 367 3 
315 146 353 
5 21 227 
175 212 104 
370 458 356 
229 367 350 
93 319 31 
184 336 12 
309 465 45 
413 164 351 
356 176 294 
206 385 117 
358 200 98 
186 416 131 
124 376 25 
236 485 364 
226 418 476 
223 401 492 
204 335 14 
272 56 482 
249 365 196 
312 310 156 
324 365 35 
11 370 36 
390 467 318 
36 233 296 
338 422 391 
463 196 48 
377 208 320 
309 322 321 
186 365 118 
284 230 333 
113 281 244 
32 152 260 
403 180 329 
126 134 328 
399 334 281 
302 6 13 
58 254 96 
174 195 471 
330 56 297 
335 330 238 
360 185 125 
16 350 70 
138 162 214 
485 178 298 
413 88 411 
186 111 353 
147 15 57 
317 355 340 
427 121 141 
49 317 250 
415 101 31 
439 73 30 
442 6 449 
145 51 292 
487 472 119 
16 161 113 
317 258 199 
134 194 125 
195 37 407 
361 427 311 
374 475 479 
140 384 341 
218 51 451 
442 89 333 
363 80 55 
459 379 199 
317 417 229 
289 421 113 
244 37 355 
301 191 158 
300 195 422 
402 191 179 
485 63 163 
174 337 25 
26 74 372 
453 467 337 
45 235 206 
448 88 231 
330 197 328 
227 422 261 
14 25 381 
92 288 223 
79 50 204 
453 372 400 
297 362 291 
172 435 448 
333 295 134 
134 81 189 
383 148 472 
210 417 237 
71 359 58 
368 104 223 
142 478 362 
238 99 380 
105 277 219 
287 293 292 
485 84 68 
388 450 329 
402 216 248 
26 369 7 
105 233 207 
353 470 339 
392 168 360 
295 294 293 
216 436 262 
236 378 294 
348 361 216 
390 476 441 
72 485 113 
225 405 471 
293 125 364 
353 306 382 
286 324 38 
450 263 385 
417 389 41 
64 464 150 
11 76 480 
19 365 241 
278 426 417 
180 306 332 
4 307 210 
356 211 18 
15 130 350 
182 96 346 
26 366 224 
365 460 68 
18 151 125 
490 144 490 
25 9 280 
406 400 311 
212 298 291 
305 478 76 
62 136 71 
449 242 206 
33 60 90 
16 194 41 
483 80 477 
338 209 226 
17 462 490 
359 1 242 
286 214 268 
205 453 305 
288 92 340 
203 99 367 
206 110 493 
215 275 49 
325 229 68 
317 100 364 
102 141 3 
391 262 146 
390 190 434 
208 394 199 
117 404 364 
336 385 271 
245 433 474 
162 260 68 
40 299 151 
122 210 351 
183 12 81 
158 306 370 
167 135 141 
21 345 163 
273 43 153 
405 323 450 
58 400 145 
161 498 53 
195 91 474 
55 297 470 
180 93 350 
399 253 183 
390 398 399 
389 5 280 
26 70 479 
349 444 80 
372 244 143 
162 373 193 
486 171 21 
459 460 13 
19 179 136 
279 469 409 
315 123 74 
330 357 205 
154 467 122 
104 242 390 
434 82 323 
151 151 169 
211 496 178 
397 475 433 
74 313 384 
412 421 89 
237 174 119 
386 391 344 
108 217 332 
357 477 439 
443 352 54 
183 261 70 
167 316 212 
222 39 470 
359 177 458 
167 394 57 
187 381 401 
13 396 319 
113 204 30 
384 216 287 
198 93 226 
257 494 53 
148 146 258 
109 44 427 
187 454 75 
322 173 363 
179 446 25 
108 138 475 
258 439 152 
156 78 99 
157 353 489 
187 182 55 
481 23 354 
423 113 310 
210 72 43 
146 183 233 
250 341 460 
431 193 492 
418 167 482 
103 224 133 
463 284 192 
90 115 326 
481 280 35 
186 431 448 
243 176 44 
291 415 429 
253 198 186 
276 357 125 
106 244 103 
190 440 205 
476 376 55 
15 171 443 
112 48 189 
247 236 124 
325 222 229 
199 312 266 
188 148 351 
80 108 422 
273 458 96 
425 45 28 
55 30 161 
64 125 471 
420 99 483 
246 7 84 
332 437 74 
404 362 248 
59 396 176 
410 356 456 
234 397 45 
220 455 418 
210 169 148 
330 287 169 
45 264 367 
228 256 111 
490 392 139 
383 481 36 
239 309 25 
461 212 240 
416 189 292 
443 493 486 
19 387 24 
56 174 201 
221 223 291 
103 178 172 
301 85 184 
57 41 85 
55 388 400 
278 409 109 
397 161 336 
365 491 178 
441 232 372 
241 114 102 
185 135 149 
138 379 427 
247 139 427 
243 447 297 
282 288 338 
140 323 317 
197 180 301 
185 443 46 
154 83 345 
82 146 336 
388 438 243 
424 457 315 
52 177 177 
130 89 297 
284 335 6 
234 224 358 
215 229 231 
135 61 233 
357 244 250 
446 0 329 
349 130 463 
229 453 91 
14 392 88 
291 248 465 
8 402 71 
175 89 199 
29 455 438 
22 55 393 
90 196 423 
160 471 127 
283 255 417 
49 474 315 
298 326 472 
327 314 380 
201 276 131 
64 191 217 
275 77 103 
430 56 195 
359 313 322 
490 483 446 
392 66 82 
30 222 181 
185 435 43 
31 362 39 
246 434 459 
210 19 177 
202 429 48 
447 436 357 
415 98 13 
385 31 420 
455 482 53 
255 373 381 
285 421 369 
266 447 48 
185 252 32 
9 338 80 
243 318 182 
12 48 126 
359 301 228 
417 295 276 
376 194 111 
415 28 325 
320 268 88 
273 20 388 
136 267 14 
482 217 285 
326 461 173 
135 392 4 
447 348 301 
326 253 389 
179 111 224 
122 361 438 
258 414 278 
227 176 2 
253 120 482 
85 398 309 
367 111 384 
18 137 168 
23 35 406 
97 460 491 
430 438 225 
480 249 438 
275 398 93 
328 472 154 
73 67 41 
51 10 454 
464 390 115 
279 259 19 
212 33 109 
236 283 311 
214 229 102 
144 39 181 
457 458 424 
20 33 233 
370 318 40 
413 409 61 
291 250 63 
455 61 115 
400 56 105 
386 24 131 
135 21 295 
111 454 327 
259 424 94 
233 317 164 
317 411 288 
458 23 171 
154 149 174 
205 206 462 
145 330 397 
32 441 491 
1 80 23 
432 253 54 
225 275 94 
35 215 459 
125 6 138 
475 341 77 
371 177 356 
464 203 247 
394 374 123 
1 344 392 
320 271 216 
180 193 194 
294 414 144 
272 216 361 
4 205 68 
353 135 302 
274 397 353 
276 189 318 
257 368 295 
75 328 382 
36 467 37 
24 220 289 
282 391 1 
463 250 30 
365 79 40 
450 170 9 
221 186 487 
370 83 139 
471 126 312 
491 60 254 
418 309 310 
418 137 261 
23 17 39 
374 322 144 
268 272 148 
155 329 447 
172 220 336 
156 88 298 
262 150 93 
169 198 258 
494 429 10 
48 336 349 
455 101 67 
259 118 295 
302 194 221 
464 311 411 
166 447 144 
476 474 243 
496 22 319 
86 303 479 
60 475 210 
270 373 226 
16 347 367 
261 65 7 
293 251 328 
260 6 4 
400 293 323 
102 265 350 
206 153 425 
207 156 339 
26 195 316 
432 21 107 
421 476 162 
221 362 89 
433 141 434 
273 164 147 
115 345 347 
435 164 157 
364 429 70 
205 205 136 
127 140 173 
50 234 467 
150 74 304 
180 184 47 
20 290 114 
229 79 9 
111 59 295 
448 98 184 
133 91 119 
38 94 210 
289 225 235 
33 440 488 
293 73 160 
106 412 278 
168 60 224 
194 121 108 
339 436 188 
467 214 451 
295 472 138 
149 257 469 
47 34 412 
134 471 494 
3 336 258 
382 90 456 
298 252 205 
233 283 129 
463 432 61 
146 299 332 
285 75 244 
195 267 466 
182 273 381 
139 264 447 
145 300 51 
171 300 350 
329 126 427 
461 468 6 
465 133 321 
139 431 389 
384 390 416 
144 34 190 
496 175 190 
143 483 6 
167 396 24 
191 455 48 
188 273 197 
410 106 330 
79 335 348 
349 202 248 
19 87 384 
52 126 393 
228 368 209 
162 66 387 
121 92 290 
470 435 282 
187 409 102 
35 489 310 
70 237 132 
394 115 293 
396 315 483 
184 190 411 
408 144 257 
244 338 422 
121 288 181 
267 349 191 
332 181 172 
163 472 468 
311 160 249 
162 262 118 
368 228 29 
25 450 339 
226 467 485 
164 100 36 
411 32 152 
175 492 192 
428 453 494 
93 288 493 
325 71 161 
67 65 132 
350 73 7 
280 183 280 
256 40 256 
403 317 284 
410 35 236 
198 357 316 
388 315 278 
371 365 273 
498 437 307 
438 88 315 
92 131 39 
416 45 99 
142 402 77 
276 321 496 
210 174 351 
314 345 364 
306 318 201 
359 104 413 
324 141 227 
492 182 19 
23 245 129 
56 141 19 
358 454 12 
153 352 274 
140 458 161 
156 478 263 
447 29 327 
470 258 90 
234 240 241 
22 141 37 
35 467 128 
323 428 374 
488 485 85 
153 115 375 
15 375 221 
264 325 223 
357 240 356 
53 202 472 
460 267 92 
498 403 207 
391 402 102 
319 353 15 
308 297 41 
251 318 313 
72 467 101 
454 417 31 
407 80 138 
267 69 49 
17 255 127 
321 333 73 
194 445 473 
476 182 29 
387 432 215 
398 127 53 
290 164 135 
457 166 423 
331 263 218 
133 46 290 
239 280 175 
364 129 78 
98 104 38 
491 67 378 
292 334 94 
374 496 476 
346 90 293 
226 16 422 
198 355 343 
407 416 243 
121 316 140 
426 216 254 
409 340 168 
402 87 49 
370 66 211 
146 150 25 
495 208 107 
207 98 149 
234 452 109 
369 57 116 
313 438 162 
93 121 116 
457 63 161 
488 252 290 
141 164 261 
9 195 201 
26 461 424 
153 268 8 
166 468 142 
273 355 274 
350 278 66 
437 194 102 
411 138 277 
440 409 14 
265 121 496 
260 225 138 
50 186 355 
222 211 360 
327 64 0 
35 412 144 
60 321 117 
12 27 482 
257 77 220 
286 64 304 
362 143 481 
404 376 483 
48 370 417 
159 309 421 
408 348 4 
484 89 125 
424 321 324 
122 327 419 
375 116 499 
316 62 266 
87 169 484 
480 350 236 
405 327 220 
65 119 347 
44 429 131 
409 17 479 
196 195 450 
304 295 366 
326 495 22 
50 76 454 
99 226 408 
324 166 144 
470 84 199 
480 216 234 
465 1 476 
9 428 344 
120 498 386 
486 181 437 
314 212 400 
3 297 62 
55 471 417 
493 9 257 
116 490 125 
95 406 137 
21 154 122 
26 8 403 
255 32 316 
5 102 124 
334 1 283 
137 432 424 
140 206 278 
283 434 483 
194 215 475 
94 249 51 
423 46 150 
429 444 99 
297 279 28 
126 42 120 
369 446 113 
154 391 28 
22 97 226 
419 127 298 
220 125 69 
263 223 191 
120 432 128 
476 111 346 
11 434 467 
395 467 317 
477 110 214 
60 66 374 
134 213 211 
183 272 473 
498 152 61 
306 224 136 
407 183 203 
92 42 394 
292 38 380 
472 157 193 
36 97 113 
448 158 254 
356 36 76 
333 42 246 
209 40 293 
190 83 171 
474 279 52 
336 182 148 
109 333 418 
137 250 285 
489 183 359 
39 474 13 
405 240 409 
436 62 271 
495 430 169 
296 342 399 
417 107 364 
440 405 352 
317 321 274 
168 412 87 
186 381 41 
63 140 454 
165 250 82 
354 247 182 
366 212 315 
462 122 337 
102 331 235 
378 181 242 
199 181 55 
338 443 231 
330 98 400 
436 398 36 
60 186 88 
491 461 91 
166 355 449 
439 241 11 
349 283 469 
462 204 485 
169 115 361 
356 409 39 
410 431 72 
5 255 182 
432 470 321 
228 498 175 
227 101 144 
481 352 464 
193 312 29 
