1000
3
31 181 125 
331 412 377 
368 154 229 
55 375 443 
436 457 118 
382 133 484 
30 428 29 
452 396 136 
122 245 371 
248 133 16 
156 243 227 
34 404 98 
94 74 462 
25 311 5 
346 221 366 
155 155 424 
270 288 236 
213 71 47 
407 201 426 
466 450 19 
39 210 370 
425 486 67 
234 43 332 
456 258 226 
86 94 327 
193 384 6 
398 184 144 
421 268 91 
314 331 40 
425 312 24 
373 207 187 
112 232 339 
145 463 6 
94 170 229 
106 198 265 
186 369 405 
211 126 187 
352 236 328 
75 248 495 
262 493 307 
445 7 243 
283 2 324 
70 148 295 
380 50 179 
371 338 416 
395 277 349 
173 343 44 
488 459 495 
141 44 61 
341 454 423 
100 80 156 
143 301 272 
456 304 160 
216 448 99 
438 498 33 
488 178 197 
160 130 110 
229 80 355 
280 326 443 
151 105 395 
35 346 343 
211 461 423 
187 27 409 
463 197 16 
200 411 459 
34 394 170 
370 202 216 
498 257 281 
210 319 400 
143 275 161 
416 424 97 
196 392 485 
389 323 176 
378 37 417 
307 23 164 
353 60 481 
119 300 286 
105 228 101 
273 424 173 
316 409 390 
428 196 225 
17 394 487 
157 21 315 
17 236 378 
243 254 353 
146 103 281 
106 401 239 
26 68 59 
497 414 199 
342 324 334 
181 266 414 
422 281 214 
220 449 73 
427 91 455 
168 395 140 
222 251 12 
337 82 321 
440 104 216 
399 122 93 
302 230 303 
400 269 194 
195 77 4 
35 266 80 
141 39 280 
237 410 396 
205 328 458 
437 437 443 
401 340 248 
100 342 338 
406 370 352 
371 299 65 
10 66 333 
486 289 256 
403 257 215 
345 311 482 
329 67 88 
95 336 483 
178 127 126 
288 290 32 
193 55 409 
8 202 233 
286 106 112 
299 309 192 
470 59 140 
177 471 494 
256 253 297 
138 180 396 
402 222 346 
496 260 32 
146 216 255 
57 482 497 
354 417 408 
325 482 387 
427 475 447 
309 372 262 
53 133 356 
278 126 116 
68 276 363 
256 146 155 
484 113 192 
227 62 48 
138 315 64 
370 264 328 
174 301 326 
84 235 474 
185 309 109 
16 331 81 
327 49 238 
11 387 298 
13 286 322 
406 296 427 
241 227 419 
401 257 461 
108 240 204 
108 86 385 
99 165 29 
98 424 410 
99 143 477 
63 128 137 
206 428 39 
276 385 275 
226 190 64 
104 161 159 
449 194 398 
392 218 206 
492 145 262 
486 121 200 
421 267 274 
455 128 339 
228 462 57 
234 301 57 
226 90 462 
193 280 122 
43 358 280 
452 359 430 
45 210 259 
117 310 398 
266 12 196 
63 156 129 
479 416 428 
53 186 229 
155 305 172 
76 255 128 
179 337 497 
273 69 351 
324 468 54 
407 143 327 
313 1 134 
499 49 302 
92 14 267 
399 377 211 
15 235 103 
157 13 304 
23 414 135 
149 172 268 
205 44 463 
355 464 335 
181 402 423 
242 178 326 
64 267 46 
361 172 19 
335 380 435 
73 135 360 
219 204 56 
288 95 158 
67 416 55 
299 457 115 
103 265 309 
294 381 26 
110 216 393 
456 31 390 
365 486 378 
468 430 379 
259 483 406 
52 440 34 
435 260 450 
164 340 271 
162 492 187 
297 353 59 
467 412 493 
272 421 256 
338 129 191 
188 402 331 
428 58 82 
164 467 49 
469 260 67 
255 150 80 
252 109 138 
177 8 235 
19 22 313 
252 313 81 
186 347 304 
223 5 310 
31 108 177 
404 128 445 
454 22 480 
242 219 383 
290 312 126 
100 104 251 
203 103 483 
54 214 32 
61 300 98 
310 0 275 
165 408 177 
408 410 455 
402 305 135 
8 497 479 
99 128 55 
457 455 393 
202 250 258 
93 388 423 
211 141 244 
301 200 451 
422 125 489 
341 95 419 
214 117 187 
241 285 67 
360 228 252 
174 208 198 
415 19 363 
334 419 25 
194 222 56 
194 360 155 
320 31 311 
346 485 289 
299 496 304 
472 40 480 
373 66 341 
409 389 333 
402 467 473 
139 450 47 
273 367 242 
418 264 84 
487 239 387 
166 446 21 
122 477 315 
497 450 58 
128 30 34 
370 240 178 
301 13 444 
356 15 384 
364 176 32 
415 499 411 
480 2 462 
6 215 240 
244 98 288 
445 248 324 
407 277 355 
15 294 122 
117 115 326 
159 354 458 
450 423 6 
150 256 497 
82 142 147 
462 449 301 
170 313 32 
433 335 416 
95 222 192 
183 482 492 
74 46 243 
259 368 433 
381 420 237 
327 498 329 
9 41 422 
181 234 104 
164 487 443 
314 51 443 
402 122 154 
487 123 286 
380 143 13 
343 8 23 
473 284 340 
207 194 309 
441 93 460 
295 187 342 
117 369 331 
395 353 189 
411 355 50 
409 346 126 
298 53 193 
479 153 249 
278 267 82 
288 139 185 
413 317 107 
325 79 227 
54 213 15 
320 234 160 
383 491 115 
217 94 458 
123 181 443 
455 318 497 
239 135 422 
26 476 282 
107 328 380 
386 72 490 
8 373 194 
4 182 462 
485 27 498 
272 24 210 
272 452 341 
490 92 338 
455 395 58 
34 85 258 
78 216 468 
127 177 352 
180 140 94 
422 3 237 
363 91 256 
80 291 5 
68 305 345 
380 375 494 
192 153 423 
204 159 201 
117 105 276 
359 9 123 
56 44 110 
443 133 484 
138 327 185 
454 170 446 
447 16 267 
286 488 109 
235 292 240 
40 178 24 
434 141 379 
164 98 72 
158 498 447 
202 168 31 
342 252 15 
123 230 484 
349 283 460 
359 468 321 
327 333 344 
370 90 422 
428 320 483 
190 471 419 
348 221 195 
50 264 489 
229 51 27 
363 97 175 
487 336 183 
377 120 228 
391 135 135 
488 393 226 
496 21 338 
179 417 38 
112 341 99 
268 21 315 
331 106 148 
116 234 123 
204 425 291 
466 209 329 
198 77 233 
83 351 411 
36 485 172 
420 460 81 
168 488 436 
200 85 451 
320 455 325 
248 386 434 
253 5 109 
325 427 348 
84 463 330 
424 133 33 
156 37 87 
323 148 235 
125 166 126 
26 18 326 
332 240 370 
128 50 4 
112 449 294 
150 151 353 
339 239 338 
54 461 11 
351 354 266 
263 15 71 
327 22 473 
179 385 488 
397 112 159 
289 406 13 
34 41 276 
16 424 188 
346 291 90 
25 352 439 
249 0 48 
92 312 493 
200 403 445 
101 364 3 
69 103 23 
297 270 200 
21 43 252 
416 7 420 
320 81 107 
438 381 182 
198 50 416 
469 439 229 
432 346 274 
265 390 176 
244 78 64 
59 386 283 
429 192 429 
77 469 432 
417 37 288 
307 157 311 
128 346 291 
311 141 57 
149 305 211 
350 141 266 
415 55 386 
1 72 455 
472 456 421 
336 6 106 
261 30 262 
303 98 444 
413 324 42 
363 85 38 
400 291 177 
230 200 350 
205 274 7 
426 44 262 
90 484 119 
377 40 338 
107 261 211 
317 130 254 
228 426 410 
27 164 448 
363 382 5 
485 324 478 
181 342 390 
316 357 233 
381 120 297 
289 328 274 
20 389 344 
3 476 18 
332 129 484 
459 436 24 
450 459 260 
21 340 450 
285 396 102 
433 387 141 
47 52 194 
192 418 406 
239 155 40 
109 353 2 
483 492 362 
13 325 350 
64 409 331 
104 354 460 
337 82 296 
253 237 176 
122 133 304 
420 238 120 
0 441 404 
435 172 173 
227 121 241 
300 162 18 
3 306 53 
176 256 140 
231 130 205 
264 190 408 
416 318 385 
332 1 67 
321 115 405 
299 327 275 
208 119 158 
321 42 486 
170 4 235 
493 136 56 
257 267 352 
30 451 402 
18 417 427 
392 26 366 
224 498 24 
89 379 95 
203 319 216 
130 377 124 
366 277 204 
66 155 158 
320 369 349 
264 118 163 
399 363 181 
356 320 257 
323 430 419 
177 478 290 
286 82 170 
423 1 22 
48 256 236 
485 37 338 
425 373 446 
348 73 267 
223 110 409 
347 214 190 
125 482 325 
385 212 465 
404 31 52 
267 214 414 
305 431 196 
437 221 28 
109 110 172 
325 37 336 
401 137 260 
247 181 74 
489 42 82 
494 484 47 
221 256 485 
295 386 359 
189 193 54 
421 344 105 
32 347 328 
327 471 4 
17 169 24 
78 217 14 
319 248 131 
124 193 458 
196 96 373 
315 390 51 
327 441 133 
272 279 444 
396 46 234 
312 314 140 
317 413 75 
300 495 385 
257 294 184 
25 27 216 
155 14 29 
440 172 479 
222 13 33 
123 495 43 
8 496 265 
235 143 255 
319 299 379 
328 482 380 
113 447 422 
232 390 73 
22 303 307 
57 23 322 
427 234 229 
375 65 377 
332 154 325 
165 442 256 
18 243 407 
282 114 345 
174 385 371 
483 199 160 
359 192 443 
56 127 179 
270 203 64 
173 240 4 
275 460 86 
296 75 187 
136 386 376 
349 142 234 
199 172 268 
31 17 278 
51 110 158 
246 422 123 
96 37 453 
235 25 341 
298 273 470 
388 202 250 
384 266 386 
76 333 72 
147 438 65 
45 355 399 
7 355 432 
254 283 83 
384 81 290 
195 450 157 
17 80 435 
489 379 380 
371 64 390 
198 133 422 
49 357 232 
128 471 352 
180 143 372 
443 8 463 
311 415 344 
317 340 44 
459 271 128 
428 496 288 
313 300 207 
62 224 499 
192 89 187 
427 455 2 
11 177 482 
66 237 437 
264 186 112 
19 471 99 
471 32 106 
163 282 375 
485 482 21 
101 457 396 
462 5 163 
251 47 11 
245 81 373 
460 446 357 
157 42 204 
371 444 153 
492 259 378 
192 125 86 
199 67 372 
332 275 171 
293 389 224 
161 303 110 
31 221 495 
213 71 113 
147 374 182 
485 4 298 
414 470 439 
62 483 12 
317 440 219 
107 136 252 
167 297 438 
258 494 389 
327 402 421 
39 239 450 
183 48 345 
328 457 279 
156 234 357 
454 425 411 
339 255 234 
332 55 318 
46 357 380 
220 17 235 
333 134 179 
201 185 24 
98 451 323 
441 409 447 
265 224 300 
281 4 482 
197 18 165 
146 40 4 
130 394 80 
484 227 59 
355 308 364 
413 84 173 
321 314 464 
258 53 185 
266 112 224 
307 216 425 
488 4 396 
60 223 72 
439 458 32 
274 102 363 
103 71 86 
476 266 420 
450 89 303 
449 228 69 
28 314 265 
14 483 32 
392 286 306 
389 181 51 
418 414 295 
107 53 338 
162 409 209 
279 167 12 
413 132 484 
426 267 166 
204 412 300 
53 157 385 
453 220 455 
74 231 406 
300 30 157 
207 411 454 
9 385 447 
98 245 308 
454 292 141 
298 122 303 
319 385 267 
357 437 427 
154 45 451 
159 183 171 
105 249 290 
466 422 116 
357 405 128 
393 222 443 
166 69 31 
484 52 400 
356 168 213 
361 212 166 
404 410 221 
39 385 136 
166 255 494 
68 170 101 
398 389 187 
18 15 185 
417 187 213 
243 146 252 
255 404 3 
121 1 15 
113 56 223 
487 345 162 
478 436 465 
427 81 437 
69 234 232 
176 179 74 
312 105 296 
494 258 430 
303 75 131 
44 223 19 
481 494 220 
283 272 283 
83 394 299 
454 364 386 
402 166 118 
97 318 192 
255 437 313 
233 369 60 
369 149 221 
270 143 346 
90 88 318 
379 34 239 
430 484 286 
484 456 371 
112 103 146 
365 466 114 
141 227 312 
42 469 361 
263 126 433 
344 286 145 
218 108 459 
67 359 121 
439 231 361 
159 158 211 
337 258 319 
445 319 148 
96 74 284 
249 462 371 
424 217 107 
263 222 292 
472 484 27 
308 71 437 
458 161 448 
457 429 365 
200 471 257 
336 86 261 
395 441 96 
336 40 123 
393 394 467 
245 483 191 
202 69 61 
482 339 97 
172 304 364 
150 11 231 
319 329 51 
428 24 312 
340 343 377 
170 459 84 
157 109 281 
64 464 77 
151 95 71 
162 123 12 
103 306 278 
367 225 481 
348 41 233 
186 264 451 
40 131 403 
171 325 314 
68 75 254 
170 94 220 
481 117 326 
261 109 255 
111 282 88 
37 308 122 
156 237 121 
417 485 166 
46 3 423 
284 470 16 
175 184 367 
244 456 175 
300 300 117 
77 192 260 
166 453 145 
120 268 357 
70 110 494 
99 305 225 
330 23 138 
24 177 52 
412 495 403 
414 273 15 
431 51 283 
146 471 49 
310 345 184 
64 273 358 
437 161 436 
109 274 206 
279 67 44 
115 474 119 
328 158 499 
276 189 439 
210 321 386 
187 50 439 
150 253 223 
18 319 287 
375 451 18 
499 167 70 
321 291 29 
173 79 129 
261 174 442 
279 189 11 
18 267 388 
208 198 378 
151 115 71 
117 331 290 
265 111 39 
236 27 238 
335 426 83 
418 109 231 
367 60 292 
404 331 191 
387 167 241 
2 326 218 
271 281 28 
254 231 218 
187 65 48 
463 469 217 
465 254 247 
267 372 378 
81 275 465 
482 97 498 
344 417 85 
158 170 60 
489 255 288 
355 50 127 
475 70 314 
323 244 256 
180 46 146 
223 211 184 
239 12 299 
139 83 406 
364 114 313 
53 352 458 
77 380 423 
57 402 109 
457 83 101 
22 173 269 
406 353 286 
54 208 469 
208 413 165 
219 320 248 
315 272 128 
83 262 205 
358 44 38 
332 79 338 
257 446 445 
110 303 499 
315 486 218 
79 433 143 
50 472 49 
478 345 155 
72 358 392 
439 417 377 
270 446 11 
263 221 167 
14 461 300 
407 318 144 
416 343 37 
207 312 38 
467 35 267 
488 242 160 
68 417 491 
69 138 361 
156 468 42 
290 481 321 
167 169 179 
83 284 11 
220 184 373 
71 109 86 
51 437 334 
206 414 69 
160 410 450 
409 461 316 
218 293 4 
497 426 233 
155 252 326 
242 451 483 
145 347 491 
416 152 168 
474 185 440 
260 103 458 
40 343 130 
317 370 198 
34 280 110 
3 421 259 
249 62 105 
457 40 210 
233 265 330 
59 455 246 
434 84 102 
419 443 464 
338 213 126 
10 409 439 
342 353 397 
197 440 463 
224 430 200 
378 450 20 
252 389 205 
453 304 486 
367 127 420 
453 469 309 
131 1 379 
225 349 134 
224 66 355 
229 12 459 
86 277 49 
91 262 244 
299 196 442 
224 408 140 
350 0 465 
462 69 425 
403 494 281 
218 482 448 
471 151 384 
25 200 423 
217 377 482 
409 418 153 
328 145 349 
395 39 417 
209 84 294 
234 115 353 
493 42 393 
10 464 51 
419 62 430 
341 272 213 
495 26 490 
457 415 35 
370 124 382 
108 226 99 
173 441 145 
331 130 172 
255 442 44 
338 214 221 
181 37 473 
389 41 180 
148 457 68 
159 225 53 
53 399 418 
425 268 62 
419 101 458 
264 71 257 
278 429 207 
290 202 147 
75 308 284 
60 306 19 
457 197 189 
317 293 250 
431 78 273 
201 400 298 
49 339 264 
28 472 250 
428 189 171 
230 416 89 
236 267 23 
373 405 419 
324 13 96 
334 238 73 
0 478 76 
351 169 174 
100 425 286 
410 165 34 
125 336 294 
