1000
3
396 274 279 
411 254 488 
446 152 216 
271 483 159 
343 290 438 
216 309 152 
478 290 228 
7 413 240 
469 28 430 
227 278 421 
427 16 277 
323 207 440 
159 269 179 
273 310 142 
34 13 124 
319 11 389 
160 241 428 
303 186 105 
465 177 419 
311 78 393 
307 449 353 
151 84 104 
232 294 400 
486 423 51 
231 462 275 
481 270 302 
284 46 408 
383 404 63 
107 30 473 
281 391 36 
460 92 208 
360 5 34 
385 117 257 
29 254 331 
277 127 462 
123 105 43 
126 494 116 
236 279 275 
323 430 6 
329 334 405 
179 113 418 
134 356 154 
418 130 424 
42 61 445 
172 156 351 
112 24 464 
252 119 71 
83 164 454 
202 98 191 
32 184 210 
12 273 416 
88 167 433 
363 335 222 
442 409 279 
322 231 150 
18 482 155 
438 410 440 
105 78 94 
363 370 45 
369 214 469 
148 289 435 
88 163 406 
92 167 50 
248 90 146 
259 243 284 
293 173 176 
409 307 2 
21 397 293 
490 237 194 
132 412 475 
71 266 79 
299 22 358 
394 267 323 
358 144 215 
265 303 456 
223 333 472 
440 3 322 
465 233 229 
160 351 479 
410 229 133 
175 123 421 
409 415 23 
58 261 298 
174 474 97 
349 183 189 
249 14 251 
102 384 243 
33 445 353 
79 265 11 
463 134 341 
143 444 470 
472 439 47 
395 177 490 
162 151 165 
435 71 122 
233 211 215 
98 386 8 
314 443 148 
340 338 32 
90 108 437 
334 472 442 
22 297 291 
78 272 264 
498 428 372 
77 334 256 
490 371 203 
18 186 149 
462 18 400 
148 99 165 
88 112 308 
110 326 183 
465 271 23 
328 336 419 
153 484 421 
265 360 423 
266 48 429 
271 208 263 
425 313 145 
304 359 381 
391 100 412 
414 287 385 
308 46 23 
361 498 482 
462 191 408 
459 194 104 
473 23 112 
324 392 190 
136 442 241 
247 204 142 
92 250 318 
3 178 420 
7 406 348 
399 227 194 
184 29 499 
376 131 420 
97 443 237 
216 206 102 
370 44 388 
407 126 199 
351 268 357 
419 290 68 
233 421 315 
51 299 413 
267 215 392 
451 257 252 
464 471 411 
335 68 369 
394 152 5 
354 191 317 
278 332 229 
447 212 25 
103 491 54 
448 320 326 
35 116 373 
159 234 433 
361 282 49 
341 307 147 
135 404 205 
352 448 232 
257 208 100 
224 132 105 
435 136 31 
229 372 230 
134 389 245 
489 81 415 
340 76 11 
442 352 405 
413 340 1 
107 107 396 
31 69 14 
426 438 450 
414 108 92 
210 344 162 
404 408 49 
262 490 283 
305 327 419 
410 154 17 
155 103 62 
150 395 67 
335 351 230 
361 495 465 
432 345 344 
115 25 218 
333 98 297 
404 416 380 
468 370 467 
62 217 112 
355 153 12 
36 60 192 
201 136 263 
321 81 380 
19 201 115 
303 481 466 
136 137 395 
236 236 467 
220 84 357 
371 450 73 
14 346 14 
264 245 395 
1 328 18 
270 333 358 
356 428 462 
272 183 110 
307 469 332 
213 297 121 
60 181 241 
492 55 69 
59 380 102 
175 135 165 
385 245 37 
423 354 141 
206 27 283 
338 61 484 
391 400 28 
45 428 206 
142 257 486 
70 59 242 
356 441 144 
94 279 53 
206 376 407 
61 338 252 
386 421 246 
183 266 72 
390 86 32 
455 433 32 
374 355 377 
451 453 398 
410 476 466 
26 395 156 
268 3 402 
49 461 436 
194 25 90 
62 32 181 
169 1 292 
157 461 276 
218 300 401 
156 167 492 
18 392 85 
164 455 24 
148 330 435 
308 73 204 
158 245 360 
322 53 171 
13 267 284 
482 228 378 
166 243 471 
220 77 129 
202 327 168 
370 17 281 
50 216 433 
447 440 46 
156 465 378 
256 217 437 
308 146 69 
184 68 126 
220 344 409 
260 131 204 
265 399 253 
301 444 246 
314 95 174 
69 236 208 
196 43 198 
233 156 186 
236 332 434 
101 292 469 
467 153 267 
373 251 423 
179 384 99 
42 41 226 
74 430 92 
135 413 376 
224 45 59 
260 74 3 
86 174 85 
371 444 154 
306 224 54 
0 273 463 
111 75 487 
168 154 173 
52 214 413 
156 238 199 
230 204 97 
281 316 42 
163 87 427 
97 304 384 
325 55 210 
207 361 6 
366 26 250 
298 83 497 
138 340 124 
364 105 21 
290 169 117 
46 432 5 
351 83 70 
37 327 430 
266 273 330 
473 9 412 
169 304 147 
148 479 78 
170 9 283 
100 237 321 
344 437 386 
132 329 41 
8 441 89 
68 195 41 
46 77 58 
262 366 184 
71 269 88 
433 239 234 
311 213 173 
266 193 212 
293 76 459 
432 467 179 
72 265 393 
236 334 281 
2 247 328 
195 152 373 
78 0 276 
425 303 122 
195 279 337 
185 276 139 
212 112 486 
270 392 246 
88 173 269 
23 32 343 
389 33 398 
300 277 407 
292 287 234 
369 380 492 
15 182 17 
489 323 91 
99 496 284 
245 107 295 
363 307 495 
243 412 238 
160 461 447 
14 52 210 
453 238 371 
215 413 43 
326 499 130 
421 187 233 
193 136 110 
261 185 190 
0 190 215 
243 218 214 
17 258 189 
391 383 303 
320 35 196 
103 376 267 
335 438 71 
36 13 172 
304 411 212 
354 376 471 
247 336 202 
48 1 146 
102 427 8 
260 123 77 
490 159 110 
330 114 462 
215 148 489 
209 23 357 
73 390 233 
82 200 190 
54 388 66 
106 128 61 
256 55 222 
329 189 339 
479 283 243 
36 118 135 
151 180 225 
362 419 206 
361 37 16 
167 13 431 
236 279 364 
342 330 177 
134 169 349 
400 68 139 
368 300 199 
88 27 44 
35 15 59 
452 109 468 
496 395 347 
476 208 204 
420 21 432 
383 154 304 
447 396 349 
259 335 415 
186 23 197 
294 22 425 
41 112 390 
180 7 331 
43 119 148 
226 155 466 
447 213 202 
1 101 193 
452 190 201 
395 207 263 
127 149 297 
129 332 362 
73 193 202 
244 155 228 
201 428 119 
86 240 53 
294 39 355 
76 408 247 
435 177 105 
460 225 315 
22 307 113 
115 393 487 
401 435 498 
250 133 208 
78 106 130 
159 270 219 
388 149 364 
51 47 128 
184 251 229 
354 2 86 
185 459 142 
249 311 319 
430 339 440 
37 444 493 
263 496 6 
341 78 317 
307 147 391 
186 468 231 
266 346 489 
300 28 497 
103 469 270 
99 253 337 
204 150 267 
167 341 245 
427 457 288 
44 213 448 
258 89 202 
369 398 448 
48 314 126 
268 40 459 
107 375 68 
276 241 196 
281 497 262 
324 442 345 
9 138 412 
160 55 224 
61 104 420 
296 244 223 
480 463 158 
256 430 318 
59 375 323 
270 68 470 
480 42 461 
427 209 352 
57 44 454 
33 230 59 
224 376 490 
146 121 129 
115 190 146 
11 355 13 
330 402 341 
353 263 83 
104 117 264 
376 30 395 
262 372 432 
128 117 129 
345 409 420 
367 438 335 
374 220 58 
105 115 275 
194 417 341 
267 354 345 
4 318 372 
245 382 370 
219 231 117 
27 41 385 
35 458 421 
335 235 123 
311 353 117 
342 358 230 
32 37 281 
304 157 386 
399 206 261 
355 120 296 
356 196 440 
265 213 232 
346 240 158 
285 31 349 
316 382 311 
310 244 398 
17 474 421 
27 22 55 
373 249 303 
133 19 386 
332 15 248 
259 201 181 
451 385 60 
83 335 9 
462 370 400 
149 63 173 
17 197 446 
264 116 143 
398 216 197 
124 314 398 
90 63 363 
475 36 399 
323 1 458 
4 139 456 
259 395 482 
127 186 356 
438 22 46 
458 341 70 
164 279 121 
153 481 285 
472 469 241 
401 54 479 
434 426 144 
318 147 266 
27 254 184 
2 424 424 
215 48 283 
330 277 10 
182 101 131 
100 178 129 
381 67 398 
189 128 82 
385 442 40 
227 163 407 
97 471 175 
453 99 446 
355 253 10 
131 341 351 
124 72 74 
424 169 190 
47 304 397 
455 451 434 
480 376 16 
431 20 427 
473 346 81 
456 37 433 
277 380 255 
33 300 150 
133 195 497 
264 340 204 
123 413 398 
279 189 239 
491 218 177 
9 166 147 
269 8 496 
368 378 291 
71 395 161 
59 428 324 
96 328 327 
353 326 463 
72 469 381 
361 384 140 
105 443 287 
491 214 403 
436 83 362 
314 487 493 
65 168 465 
353 10 40 
327 428 147 
487 223 77 
74 84 139 
414 90 122 
44 413 321 
82 413 341 
431 399 150 
496 441 352 
54 264 57 
369 301 489 
66 90 55 
419 452 414 
24 143 148 
159 236 444 
395 340 312 
65 413 456 
24 314 237 
469 68 200 
169 314 54 
446 459 341 
441 74 3 
158 136 201 
448 128 463 
367 426 433 
103 451 259 
167 434 359 
393 186 13 
308 244 253 
342 33 185 
252 173 2 
94 83 187 
344 99 238 
463 200 310 
195 84 417 
87 66 433 
422 199 82 
235 66 401 
115 466 379 
159 483 303 
202 79 163 
326 185 27 
53 321 119 
257 41 210 
290 223 369 
119 118 327 
4 384 458 
490 255 55 
267 377 407 
386 177 127 
487 460 415 
110 3 58 
19 450 277 
175 143 188 
476 324 183 
119 351 3 
13 198 150 
258 243 269 
452 322 327 
374 323 57 
128 27 469 
193 365 102 
463 367 392 
486 85 187 
193 238 77 
134 128 473 
429 378 402 
156 445 71 
36 475 310 
303 51 66 
94 99 60 
132 388 30 
354 419 383 
308 283 456 
7 39 439 
134 240 86 
61 389 320 
38 249 384 
227 173 270 
449 41 399 
457 426 93 
153 278 405 
154 122 8 
481 276 81 
305 239 164 
4 343 236 
60 95 258 
481 286 188 
118 496 127 
242 461 426 
461 298 51 
243 23 90 
70 383 61 
247 270 160 
41 118 173 
471 364 186 
448 267 125 
273 402 422 
235 347 17 
135 86 401 
40 75 198 
432 184 279 
445 79 468 
270 399 3 
371 456 218 
164 308 81 
255 237 298 
249 364 176 
98 86 429 
449 475 125 
439 419 132 
395 164 352 
453 119 485 
210 439 429 
262 390 58 
461 360 282 
254 453 249 
292 166 61 
200 381 150 
273 255 348 
486 170 95 
335 305 307 
23 92 352 
464 146 333 
92 204 15 
30 368 399 
382 321 114 
134 166 176 
250 483 449 
323 433 74 
81 469 28 
430 341 217 
378 435 367 
258 226 36 
106 447 291 
4 166 425 
326 10 73 
303 182 25 
313 381 488 
407 136 410 
240 98 470 
124 88 317 
93 349 300 
98 275 151 
88 333 401 
361 359 437 
351 149 393 
306 44 426 
23 257 476 
443 422 5 
309 215 306 
360 327 240 
282 20 276 
288 374 148 
253 226 469 
73 215 354 
325 302 326 
180 227 411 
488 129 4 
463 113 225 
354 309 494 
233 128 353 
497 251 379 
133 85 52 
58 50 491 
229 89 70 
97 46 364 
247 455 278 
198 349 320 
477 23 10 
322 433 235 
211 290 408 
90 260 50 
163 53 21 
497 299 422 
120 47 58 
168 370 30 
237 81 113 
317 381 369 
192 184 353 
336 55 321 
65 249 227 
270 97 140 
166 123 441 
54 44 195 
165 462 249 
363 418 350 
431 283 396 
228 384 74 
11 381 157 
141 429 41 
450 387 438 
85 421 480 
34 445 355 
496 144 448 
14 356 293 
243 494 208 
201 420 267 
259 61 337 
219 76 197 
436 282 270 
449 396 58 
460 71 353 
150 264 133 
114 454 221 
394 41 56 
294 35 477 
498 438 150 
480 376 387 
307 475 351 
145 311 371 
484 496 266 
258 299 364 
86 387 408 
448 210 266 
23 382 261 
204 452 64 
391 440 78 
229 298 168 
97 454 463 
247 467 55 
209 107 100 
345 359 146 
174 239 41 
34 112 450 
167 22 171 
219 450 286 
159 431 9 
231 85 65 
498 255 78 
16 295 252 
184 23 238 
215 60 320 
164 33 386 
29 469 90 
370 154 466 
230 42 31 
421 489 378 
493 482 55 
248 154 223 
449 350 182 
438 271 429 
253 419 59 
449 139 13 
6 41 54 
294 323 390 
175 306 258 
459 336 230 
219 215 226 
165 215 234 
323 216 458 
191 151 212 
0 27 390 
268 475 44 
266 291 303 
436 469 111 
485 289 161 
336 45 442 
208 52 210 
356 317 311 
408 376 438 
96 398 352 
224 70 382 
397 383 201 
319 287 293 
221 326 233 
164 190 269 
457 197 334 
459 104 233 
164 164 447 
234 354 250 
193 498 370 
114 429 324 
267 178 84 
7 490 280 
48 121 295 
71 476 41 
385 397 223 
226 106 190 
433 285 238 
108 126 186 
164 488 262 
258 103 81 
342 103 43 
480 32 133 
38 480 401 
478 186 208 
224 206 93 
403 236 357 
164 480 328 
421 202 338 
387 408 369 
155 178 275 
347 242 7 
486 210 167 
315 361 62 
369 160 199 
169 187 102 
365 337 466 
46 241 322 
234 230 193 
491 423 208 
492 311 107 
330 285 325 
467 471 108 
101 460 124 
62 90 82 
483 348 364 
420 9 43 
119 158 383 
447 162 351 
422 237 367 
77 47 43 
200 392 266 
249 215 28 
244 254 275 
467 157 330 
422 203 48 
133 227 156 
322 160 489 
215 361 237 
475 248 357 
473 156 366 
122 429 307 
321 497 377 
47 331 473 
315 236 12 
14 375 409 
0 394 183 
343 343 148 
68 480 66 
478 106 226 
405 394 429 
435 69 243 
212 380 54 
420 234 358 
193 338 268 
57 274 357 
2 324 94 
308 98 187 
101 440 67 
132 69 356 
359 181 153 
302 437 355 
374 280 366 
348 205 430 
319 51 419 
128 115 268 
209 439 160 
31 359 372 
177 43 145 
365 413 148 
146 73 314 
226 473 340 
249 430 293 
92 331 30 
340 319 410 
156 144 489 
147 404 263 
406 435 226 
377 133 220 
468 300 112 
10 210 428 
215 43 85 
401 437 60 
74 86 475 
446 162 8 
148 50 203 
412 402 65 
6 434 122 
372 425 243 
254 391 421 
17 413 185 
376 375 4 
465 224 388 
117 124 420 
281 304 175 
56 216 45 
446 1 219 
439 27 88 
26 166 175 
243 277 1 
176 262 302 
279 284 387 
63 479 460 
25 311 55 
63 223 387 
297 75 481 
341 461 20 
474 309 96 
53 261 196 
187 47 497 
23 65 376 
175 416 346 
301 295 416 
79 325 479 
449 239 370 
77 347 213 
69 84 415 
285 130 98 
158 337 102 
369 88 8 
254 467 457 
414 81 493 
110 431 449 
103 483 130 
79 302 60 
314 365 160 
357 452 398 
370 65 480 
441 496 83 
103 414 276 
474 334 279 
221 212 372 
298 95 326 
158 489 148 
246 251 138 
283 454 324 
132 261 53 
390 373 385 
428 103 262 
153 183 396 
70 231 369 
116 93 398 
98 351 112 
117 321 370 
151 318 187 
302 79 77 
247 196 363 
168 283 239 
26 407 7 
142 239 117 
390 189 17 
69 414 427 
490 316 353 
91 382 88 
230 487 260 
217 413 183 
469 408 189 
459 234 53 
471 347 50 
223 268 119 
