42
1513 16
4 2 1 8
1.3841 3.0385 3.1084 9.8238
1.9713 2.6399 1.464 1.3143
1514 16
6 5 2 3 5 1
3.5267 8.571 8.5894 10.526 13.211 13.266
1.2078 2.9435 2.5344 1.2426 2.1005 1.6142
1515 16
5 5 3 6
2.4096 10.664 10.835 12.738
1.6859 1.1219 2.7165 2.6329
1516 16
7 2 3 2
5.9442 10.415 12.474 12.818
2.884 1.1999 1.6279 2.6145
1517 16
7 5 5 3
5.7813 7.1242 9.9246 12.338
2.3599 1.4814 1.1103 2.864
1518 16
1 4 3 7
1.9576 4.0127 5.9612 5.9927
1.401 2.5351 1.5033 1.4745
1519 16
1 4 3 7
1.9571 3.9713 5.9105 5.9669
1.5449 2.4586 1.474 1.448
1520 16
1 4 3 7
1.982 3.9625 5.9577 6.0703
1.4636 2.5128 1.4187 1.5341
1521 16
1 4 3 7
2.0674 4.0428 6.0218 5.9821
1.5799 2.5383 1.4594 1.5247
1522 16
2 6 2 8
3.8537 7.4941 7.9551 9.0598
1.9084 1.4803 1.5173 0.85684
1523 16
2 6 2 8
3.9561 7.5356 7.981 8.9208
1.9932 1.5397 1.5006 1.0038
1524 16
2 6 2 8
3.9172 7.5679 7.9705 8.9338
1.9839 1.5681 1.5136 0.98832
1525 16
2 6 2 8
3.9765 7.4966 8.1034 8.9526
1.92 1.5161 1.5037 1.0118
1526 16
3 8 3 2 8 5
2.0248 4.9381 6.0246 7.9219 8.8519 11.981
1.4782 1.9526 1.5743 1.4679 0.87538 2.0263
1527 16
3 8 3 2 8 5
1.9473 4.9749 6.053 8.0676 9.006 12.075
1.4321 2.0324 1.5035 1.4202 0.93346 2.0023
1528 16
3 8 3 2 8 5
1.9602 4.9881 5.9842 8.0447 8.944 12.025
1.5016 1.9537 1.458 1.5557 1.0495 2.0064
1529 16
3 8 3 2 8 5
2.0332 4.9465 6.0409 7.9787 9.0102 12.018
1.4611 1.9397 1.42 1.4202 1.0354 2.0787
1530 16
3 8 3 2 8 5
5.9618 9.0109 9.0254 11.014 11.954 12.112
1.5239 1.045 1.4663 1.5665 1.4689 2.0269
1531 16
3 8 3 2 8 5
6.0675 9.1244 9.0769 10.976 12.042 11.926
1.5711 1.0109 1.4795 1.4501 1.5958 2.0539
1532 16
3 8 3 2 8 5
6.0239 9.0485 8.9571 10.938 12.03 12.022
1.4763 1.0471 1.5455 1.4925 1.5138 2.0497
1533 16
3 8 3 2 8 5
5.9506 9.1 9.0665 10.989 12.08 12.089
1.4181 1.0134 1.4669 1.4675 1.5124 1.9704
1534 16
4 8 1 2 3 8
4.0257 5.0736 6.0622 8.0091 9.0345 12.031
2.6094 2.0129 1.9431 1.4648 1.5057 1.4716
1535 16
4 8 1 2 3 8
4.0065 4.9427 5.9758 8.0062 8.9637 12.007
2.5179 2.0687 2.0254 1.5384 1.4654 1.4418
1536 16
4 8 1 2 3 8
3.9285 5.0146 6.0209 8.0088 9.0281 12.003
2.4373 1.9515 2.0239 1.5477 1.4705 1.4849
1537 16
4 8 1 2 3 8
4.0693 5.0114 5.9244 8.0704 8.971 11.959
2.468 2.0467 2.0471 1.5413 1.4362 1.5748
1538 16
5 4 3 8 3 5
2.9714 4.0001 5.9992 9.0382 8.975 11.96
1.5456 2.5437 1.5274 1.0263 1.5346 1.9886
1539 16
5 4 3 8 3 5
3.0642 4.0213 6.0064 9.0246 8.9807 11.958
1.5029 2.5391 1.4463 0.97566 1.7164 2.0293
1540 16
5 4 3 8 3 5
3.047 4.0144 5.9562 8.9543 9.0415 12.061
1.4344 2.5328 1.4951 0.94256 1.5306 2.0445
1541 16
5 4 3 8 3 5
2.9895 3.9205 6.0199 9.0599 8.9557 12.096
1.5696 2.5547 1.4425 1.0336 1.5152 2.0729
1542 16
7 5 2 6 8 8
1.9026 2.9435 4.055 7.4909 9.1003 11.98
1.9207 1.5041 2.0147 1.4721 0.98095 1.5721
1543 16
7 5 2 6 8 8
1.9698 3.0173 4.0431 7.5154 8.9417 11.993
2.0289 1.5259 2.0417 1.4727 0.95962 1.4697
1544 16
7 5 2 6 8 8
1.9622 2.9758 4.0557 7.581 8.9864 11.976
1.9448 1.544 2.1036 1.5627 0.97842 1.4681
1545 16
7 5 2 6 8 8
1.956 2.9183 3.9697 7.5806 8.967 11.998
2.0059 1.5016 1.8716 1.4776 1.073 1.5206
1546 16
3 4 8 7 5 2
1.957 3.9518 4.9607 5.9543 7.9904 11.002
1.5382 2.489 2.0604 1.4952 2.0411 1.5199
1547 16
3 4 8 7 5 2
1.9363 4.022 5.0431 6.0154 8.0196 10.935
1.4394 2.4671 1.9653 1.4969 1.9518 1.5478
1548 16
3 4 8 7 5 2
2.0001 3.9732 4.9799 6.1255 8.0041 10.894
1.5057 2.5195 1.9979 1.4731 1.9724 1.5129
1549 16
3 7 5 8 7 8 2 5
1.9734 1.9355 3.0277 4.9902 6.0052 8.997 11.065 11.985
1.4618 2.0156 1.3878 2.0498 1.5307 0.9895 1.3991 1.9453
1550 16
3 7 5 8 7 8 2 5
2.0485 2.0581 2.99 4.9495 5.9356 8.952 10.987 12.037
1.5798 1.9569 1.4411 1.9795 1.5215 1.0449 1.4453 1.992
1551 16
3 7 5 8 7 8 2 5
2.0243 1.9907 2.9446 5.061 6.032 8.9554 10.968 11.936
1.4219 2.0658 1.4532 1.9722 1.4929 0.98388 1.5723 1.9824
1552 16
7 2 3 6 5 8 2 8
1.9844 4.0688 5.9921 7.5348 7.9802 9.0214 10.978 11.909
1.9319 1.9614 1.4332 1.5283 1.954 0.99339 1.4655 1.562
1553 16
7 2 3 6 5 8 2 8
1.9815 3.9909 6.0122 7.4948 8.0486 9.0081 10.997 11.902
2.0622 1.916 1.5694 1.5379 1.9455 0.9615 1.4748 1.5613
1554 16
7 2 3 6 5 8 2 8
1.9943 3.9709 5.9373 7.4423 8.0432 9.0149 10.899 11.94
2.0465 2.029 1.4311 1.4684 2.0001 0.99093 1.4683 1.5033
