41
8279 16
2 4 1 4 6
1.4562 6.0174 10.855 12.473 14.057
2.5617 1.9919 2.2813 1.0872 1.0162
8280 16
1 6 4 3 6
0.014154 1.3759 3.3432 8.9218 12.383
1.7004 2.4152 2.8658 2.998 1.665
8281 16
2 5 4 4 6 1
1.7217 2.7217 3.32 7.7439 11.356 12.761
2.5554 2.6875 2.4505 1.2732 2.1848 2.0167
8282 16
6 4 2 7 8 6 8
2.3205 3.5184 6.4205 8.2715 9.4752 10.873 11.345
2.2248 2.8257 2.9746 2.031 1.2797 2.8568 1.2021
8283 16
2 3 8 1 6 3 1 8
3.3767 6.7479 8.0065 8.6341 9.8649 9.8837 11.287 11.647
2.8368 1.1443 2.5366 1.885 2.7113 1.4009 1.8749 2.9534
8284 16
1 4 3 7
1.94 3.9405 5.9671 5.9927
1.533 2.4348 1.5252 1.4551
8285 16
1 4 3 7
1.9546 3.996 6.111 6.0314
1.4937 2.5377 1.5314 1.5738
8286 16
1 4 3 7
2.0926 4.0629 5.9797 6.0146
1.5658 2.4654 1.5799 1.5205
8287 16
1 4 3 7
1.8645 3.9704 5.9817 6.0287
1.5273 2.5126 1.5058 1.333
8288 16
2 6 2 8
3.936 7.4961 8.0206 9.017
2.0539 1.5681 1.5776 0.96189
8289 16
2 6 2 8
3.9992 7.505 8.0776 9.01
1.9816 1.5017 1.5585 1.0487
8290 16
2 6 2 8
3.9657 7.5004 7.9336 9.0243
1.9489 1.4837 1.583 0.89478
8291 16
2 6 2 8
4.0356 7.5809 7.9638 9.033
2.0001 1.4937 1.4841 0.91122
8292 16
3 8 3 2 8 5
1.9349 4.9459 6.033 7.9627 8.9894 12.03
1.5715 1.9934 1.484 1.5452 0.96236 1.9798
8293 16
3 8 3 2 8 5
1.8983 4.9936 5.9795 7.9729 8.9665 11.957
1.4582 1.9212 1.5279 1.5131 0.96489 2.0575
8294 16
3 8 3 2 8 5
2.0647 5.0315 6.08 8.0986 9.0381 12.052
1.5225 1.9082 1.487 1.4448 1.0622 1.9644
8295 16
3 8 3 2 8 5
2.0206 5.0007 5.9735 7.9475 9.0474 12.036
1.58 1.9822 1.4479 1.5041 0.97943 2.0192
8296 16
3 8 3 2 8 5
5.9463 8.9948 9.0065 10.935 12.013 12.068
1.4757 0.97117 1.4946 1.5547 1.4843 1.9594
8297 16
3 8 3 2 8 5
5.9771 8.9644 8.9629 11.069 11.979 11.979
1.5282 1.0689 1.4664 1.4277 1.5016 1.9389
8298 16
3 8 3 2 8 5
5.9915 9.0711 9.0308 11.02 12.045 11.923
1.5358 1.0384 1.5278 1.4739 1.4414 1.9396
8299 16
3 8 3 2 8 5
6.095 9.0482 9.0404 11.02 12.02 12.048
1.4704 1.0378 1.489 1.46 1.5687 2.0352
8300 16
4 8 1 2 3 8
3.9598 5.0105 5.9908 8.0218 8.978 11.983
2.5694 1.9839 2.0539 1.432 1.5222 1.5237
8301 16
4 8 1 2 3 8
3.9425 4.942 5.9921 8.0043 8.9786 12.032
2.5112 2.0619 1.9785 1.5457 1.5484 1.5467
8302 16
4 8 1 2 3 8
3.9984 5.0246 6.0043 7.9434 9.0475 11.992
2.4165 1.9883 2.0081 1.5233 1.4505 1.4962
8303 16
4 8 1 2 3 8
3.9878 5.0205 6.0013 8.0187 9.0372 12.004
2.4136 2.0768 2.0545 1.5658 1.4959 1.5206
8304 16
5 4 3 8 3 5
2.9163 4.0376 5.9495 8.9971 9.0158 12.043
1.62 2.4285 1.4397 1.0249 1.5031 1.9502
8305 16
5 4 3 8 3 5
2.925 4.0289 6.0414 9.0305 8.9759 11.928
1.5081 2.6 1.5264 0.97891 1.422 2.1045
8306 16
5 4 3 8 3 5
2.8859 4.0538 6.0333 8.9837 8.9977 11.937
1.4782 2.5284 1.4269 0.97563 1.4732 2.0246
8307 16
5 4 3 8 3 5
2.9621 4.012 5.8942 8.9958 9.0105 12.001
1.5118 2.522 1.5041 0.91636 1.5033 1.9976
8308 16
7 5 2 6 8 8
1.9809 3.1035 4.0857 7.5165 9.018 12.012
2.0087 1.4215 1.9781 1.527 1.0784 1.5536
8309 16
7 5 2 6 8 8
2.0363 3.0416 4.0804 7.5015 8.9745 11.997
1.9288 1.5263 2.0438 1.4319 0.97033 1.3907
8310 16
7 5 2 6 8 8
1.8993 2.9376 3.9667 7.4569 9.0247 11.948
1.9462 1.4719 1.964 1.4672 1.0803 1.4922
8311 16
3 4 8 7 5 2
1.9792 3.8801 4.9688 5.9877 8.0073 10.912
1.4722 2.4746 2.0206 1.4659 1.976 1.5009
8312 16
3 4 8 7 5 2
2.0038 3.9688 4.9884 5.9841 8.0574 10.952
1.5121 2.4994 1.9821 1.5404 1.9441 1.4393
8313 16
3 4 8 7 5 2
1.9436 4.0005 5.0376 6.0193 8.0258 11.016
1.4581 2.4607 2.0528 1.5768 2.0665 1.4233
8314 16
3 7 5 8 7 8 2 5
2.0091 1.9624 2.9897 5.0696 6.068 8.9727 10.993 12.011
1.4498 1.953 1.5309 1.9943 1.5069 0.99404 1.4633 2.0683
8315 16
3 7 5 8 7 8 2 5
2.036 1.9837 2.9962 4.9277 5.9547 9.0113 10.977 12.021
1.4894 2.0114 1.4608 2.0684 1.469 0.99339 1.5062 1.9935
8316 16
3 7 5 8 7 8 2 5
1.9444 2.0242 2.9924 5.0392 5.9745 8.9881 10.957 12.041
1.5441 2.0216 1.506 1.8968 1.4789 0.98196 1.5201 2.0293
8317 16
7 2 3 6 5 8 2 8
1.9881 4.0503 5.9571 7.511 7.9334 9.0282 11.064 12.028
2.005 1.9692 1.6069 1.4744 1.9911 0.96341 1.4434 1.5245
8318 16
7 2 3 6 5 8 2 8
2.0705 4.0464 5.9397 7.4361 8.0419 9.0117 11.085 12.03
2.0033 1.9644 1.5091 1.5331 1.9255 1.0387 1.4479 1.5106
8319 16
7 2 3 6 5 8 2 8
2.0348 4.0312 5.9969 7.4831 8.0616 8.9472 10.941 12.032
2.0935 1.9425 1.4842 1.5182 2.004 0.97543 1.4786 1.377
