42
6595 16
2 3 5 7 6
0.88465 3.4497 8.3425 9.134 12.409
1.9225 2.257 2.2215 1.4346 1.0177
6596 16
6 4 1 1 3 2
1.0964 1.4942 1.5724 6.0227 7.3069 8.7299
1.2257 2.5353 1.7243 2.8787 2.1526 2.5554
6597 16
2 7 5 3 1 6 7
5.2716 5.5567 6.4038 7.1413 8.6904 12.434 12.665
1.115 2.8099 1.1303 1.889 1.1853 2.4162 1.7674
6598 16
5 7 3 5
7.5439 9.3153 10.765 11.741
2.7745 1.4777 1.3468 1.6563
6599 16
4 8 4 1 5 7 7
3.4984 4.3887 7.8996 9.1359 9.6572 10.695 14.404
1.9858 1.7412 2.4868 2.9005 1.548 2.5567 1.2045
6600 16
1 4 3 7
1.9278 4.0388 6.0456 5.9994
1.4509 2.3927 1.4744 1.5453
6601 16
1 4 3 7
2.0281 4.0407 5.9984 6.0851
1.5382 2.4285 1.4823 1.4969
6602 16
1 4 3 7
1.944 3.9728 5.9829 5.9924
1.4787 2.5333 1.4865 1.4776
6603 16
1 4 3 7
2.0359 4.0343 5.9902 6.0175
1.542 2.4647 1.5233 1.4945
6604 16
2 6 2 8
4.0251 7.5338 7.9766 9.0346
1.9557 1.4815 1.4623 1.0068
6605 16
2 6 2 8
3.9704 7.4972 8.0546 9.0557
2.0489 1.5328 1.5588 1.0678
6606 16
2 6 2 8
3.9455 7.5366 8.0008 9.0728
2.04 1.3782 1.4928 1.0865
6607 16
2 6 2 8
4.0981 7.4397 8.0084 9.0096
1.96 1.4914 1.4684 1.0051
6608 16
3 8 3 2 8 5
1.9974 5.0249 6.0266 8.0919 8.9505 11.99
1.4912 2.0613 1.493 1.4979 0.99625 1.9417
6609 16
3 8 3 2 8 5
2.0214 5.0401 6.0592 7.9755 8.9873 12.049
1.5076 2.0412 1.5234 1.5342 0.95258 2.0286
6610 16
3 8 3 2 8 5
1.897 4.999 5.9889 7.9774 8.9745 11.988
1.4982 2.0348 1.5219 1.6258 1.0456 2.0193
6611 16
3 8 3 2 8 5
1.9993 5.0005 5.9904 7.9781 8.9542 11.975
1.4631 2.0146 1.4557 1.4933 0.95778 2.0142
6612 16
3 8 3 2 8 5
6.0294 8.9524 9.0104 11.018 12.012 12.032
1.4171 1.0461 1.4767 1.5167 1.5696 1.9723
6613 16
3 8 3 2 8 5
6.0311 9.0279 8.9788 10.955 11.951 12.096
1.4981 0.97509 1.5718 1.4862 1.5323 2.0297
6614 16
3 8 3 2 8 5
5.9351 9.0282 8.9974 10.973 12.011 11.992
1.4953 1.0827 1.4894 1.4819 1.4943 1.9658
6615 16
3 8 3 2 8 5
6.0128 8.9598 8.9875 10.967 11.905 11.943
1.4927 0.90843 1.5091 1.457 1.3905 2.0155
6616 16
4 8 1 2 3 8
3.8787 5.0609 6.0196 7.9074 9.0224 12.02
2.5094 1.9395 2.0684 1.4124 1.5166 1.443
6617 16
4 8 1 2 3 8
3.9533 5.0722 5.9895 7.9593 8.9691 12.006
2.4982 2.0812 1.9636 1.5305 1.5361 1.5246
6618 16
4 8 1 2 3 8
3.9823 5.084 5.9869 8.0397 8.9889 11.938
2.5456 1.9471 1.9633 1.5474 1.5014 1.4325
6619 16
4 8 1 2 3 8
3.9355 4.9789 6.0409 8.0726 9.0116 11.981
2.551 1.9898 1.9466 1.5427 1.4788 1.5389
6620 16
5 4 3 8 3 5
2.9972 3.9982 5.9223 9.0408 9.0517 12.061
1.495 2.5565 1.5585 0.99374 1.4726 2.0394
6621 16
5 4 3 8 3 5
3.0465 3.9951 6.0319 8.9284 9.0009 12.036
1.5498 2.4227 1.4656 0.95112 1.5175 1.9968
6622 16
5 4 3 8 3 5
3.0263 4.1002 5.8208 9.0092 9.0317 12.031
1.5118 2.5601 1.4969 1.0546 1.5022 2.0309
6623 16
5 4 3 8 3 5
2.9405 3.9667 5.914 8.9739 8.9117 11.985
1.4796 2.5089 1.5351 1.0364 1.489 2.0389
6624 16
7 5 2 6 8 8
2.0406 2.9943 4.1645 7.538 9.0156 11.964
1.9571 1.5322 1.9152 1.4977 1.0536 1.4946
6625 16
7 5 2 6 8 8
2.0181 3.0582 3.9463 7.4245 9.0097 12.03
2.067 1.4694 2.0999 1.4221 1.036 1.5918
6626 16
7 5 2 6 8 8
1.9651 3.059 3.9473 7.4821 8.9581 12.003
1.9484 1.4778 1.9358 1.5097 0.99053 1.393
6627 16
7 5 2 6 8 8
1.9479 2.9627 4.0016 7.4791 9.0469 12.099
2.0953 1.5228 1.9943 1.4527 0.92591 1.3839
6628 16
3 4 8 7 5 2
2.0103 4.0153 4.9828 6.0277 7.9704 11.018
1.599 2.5759 1.9167 1.5417 2.0233 1.4913
6629 16
3 4 8 7 5 2
2.1241 4.0373 4.8207 5.9784 7.9434 11.004
1.5088 2.5106 1.969 1.5097 1.9447 1.4358
6630 16
3 4 8 7 5 2
2.0068 4.0018 5.0661 5.9747 7.9041 10.953
1.4302 2.3929 2.0164 1.4755 1.9884 1.5309
6631 16
3 7 5 8 7 8 2 5
1.9934 2.1488 3.064 5.0479 5.9868 9.0354 10.94 12.064
1.5152 1.936 1.4051 2.0016 1.4733 1.0783 1.5527 2.0148
6632 16
3 7 5 8 7 8 2 5
2.0604 2.0274 3.0252 4.9973 6.1095 9.0216 10.947 11.887
1.478 1.9465 1.535 2.0233 1.4912 0.96361 1.4844 1.9956
6633 16
3 7 5 8 7 8 2 5
1.958 1.9946 2.8355 4.9747 5.9972 9.0898 10.967 11.897
1.4441 2.0357 1.5544 2.0003 1.4743 1.108 1.4588 1.9798
6634 16
7 2 3 6 5 8 2 8
1.8365 4.0247 5.9424 7.4852 7.9127 9.0505 11.001 11.947
2.0371 2.0912 1.4613 1.4689 1.9705 0.91575 1.5765 1.4816
6635 16
7 2 3 6 5 8 2 8
1.9654 4.0259 6.071 7.5559 7.9822 9.0137 10.953 12.094
2.0403 1.9934 1.6161 1.5274 1.9685 0.95831 1.549 1.4615
6636 16
7 2 3 6 5 8 2 8
1.9871 4.0923 5.9965 7.5806 8.0054 8.9698 10.951 12.02
2.0652 2.057 1.5061 1.5296 2.0095 1.0096 1.5207 1.4983
