42
3109 16
7 3 8 7 5 5
1.0251 1.8362 2.3974 5.3088 7.7361 12.878
1.3538 1.1286 2.8876 2.3123 1.3021 1.248
3110 16
3 8 1 2 8 2 5
0.13393 2.1584 4.8828 9.3702 10.792 11.43 12.105
1.2231 2.7694 1.4645 1.9493 1.5548 1.5865 1.2016
3111 16
8 4 7 6
2.8665 3.5858 3.8793 9.0515
2.325 2.1981 2.5607 2.6303
3112 16
6 2 8 7 5 6 1 8
1.1697 4.3996 8.4346 8.8914 10.921 11.162 11.913 12.299
1.8775 1.6239 1.1009 2.142 1.4113 1.3593 1.7142 1.1492
3113 16
8 7 4 2 8
1.3768 3.0496 4.2935 6.9786 11.56
1.8829 2.6018 1.1356 1.9759 1.8923
3114 16
1 4 3 7
2.0055 3.9765 6.0087 5.978
1.5802 2.4982 1.549 1.5437
3115 16
1 4 3 7
2.0133 3.9537 6.035 6.0506
1.462 2.4267 1.4493 1.4241
3116 16
1 4 3 7
1.9564 4.0586 6.0036 5.9787
1.5814 2.4512 1.5067 1.5548
3117 16
1 4 3 7
2.0693 4.0046 6.034 6.0388
1.4399 2.5501 1.5016 1.4809
3118 16
2 6 2 8
3.9642 7.538 7.9556 9.0034
2.0528 1.4513 1.4567 1.0429
3119 16
2 6 2 8
4.0373 7.5039 7.9078 9.001
2.0053 1.439 1.5024 0.95176
3120 16
2 6 2 8
4.0248 7.4747 8.0659 8.9767
1.8986 1.5463 1.5174 1.0139
3121 16
2 6 2 8
3.9875 7.4609 8.0084 8.996
2.0126 1.5318 1.4771 0.9783
3122 16
3 8 3 2 8 5
1.9959 4.9936 6.0337 8.0026 8.9402 12.047
1.6276 1.9817 1.5151 1.5413 0.99768 1.9221
3123 16
3 8 3 2 8 5
1.9902 4.939 6.0523 8.0588 9.0254 12.05
1.4516 1.9628 1.5945 1.4682 0.97516 1.9467
3124 16
3 8 3 2 8 5
1.9917 5.0221 5.9836 7.9387 8.9548 12.106
1.4641 2.1126 1.4637 1.5343 0.92599 2.0319
3125 16
3 8 3 2 8 5
1.9943 4.9853 6.0694 7.9584 9.0578 12.134
1.5035 2.0028 1.5389 1.4666 1.0677 1.9516
3126 16
3 8 3 2 8 5
6.0106 8.97 9.0441 11.048 11.952 11.948
1.4814 0.90179 1.514 1.4284 1.5022 1.9659
3127 16
3 8 3 2 8 5
6.0609 9.0831 9.0769 11.005 11.979 12.049
1.4779 0.9589 1.4691 1.5362 1.5424 2.036
3128 16
3 8 3 2 8 5
5.9636 8.9502 8.9903 11.015 12.044 12.018
1.6033 0.88891 1.4859 1.3976 1.432 1.9774
3129 16
3 8 3 2 8 5
5.9592 9.0411 9.0061 10.99 12.035 12.07
1.4063 0.968 1.5698 1.497 1.4487 2.0901
3130 16
4 8 1 2 3 8
4.0359 5.0069 6.0577 7.951 9.0401 11.932
2.4014 1.9788 2.056 1.5322 1.4987 1.5614
3131 16
4 8 1 2 3 8
4.0457 5.0082 5.9734 8.0452 8.951 11.941
2.4916 1.9881 1.927 1.5897 1.4824 1.5202
3132 16
4 8 1 2 3 8
3.9638 4.9543 5.9718 7.9489 8.9339 12.001
2.5597 2.0127 1.9969 1.557 1.4777 1.4855
3133 16
4 8 1 2 3 8
3.9922 4.9956 5.9898 8.0645 9.0317 12.027
2.4879 2.0558 1.9983 1.543 1.4473 1.4443
3134 16
5 4 3 8 3 5
3.027 4.0336 5.9981 9.0386 8.9857 11.952
1.5062 2.5352 1.4457 1.0117 1.5421 1.9901
3135 16
5 4 3 8 3 5
2.9406 3.926 5.8319 9.0794 8.958 11.906
1.4344 2.4909 1.4362 1.0156 1.5745 2.0069
3136 16
5 4 3 8 3 5
3.0163 3.8968 5.9192 8.9547 8.9924 11.961
1.5676 2.4934 1.5043 1.0739 1.5001 1.9778
3137 16
5 4 3 8 3 5
2.9715 3.9975 6.0147 8.9973 8.9683 12.024
1.5023 2.5164 1.5129 1.008 1.4732 1.9793
3138 16
7 5 2 6 8 8
2.0664 2.9745 3.9579 7.4715 8.955 12.063
1.9716 1.5772 2.0472 1.4199 1.0881 1.5552
3139 16
7 5 2 6 8 8
2.0174 2.9663 4.0012 7.4316 8.9631 11.988
1.9585 1.5679 2.0571 1.5193 1.0353 1.5243
3140 16
7 5 2 6 8 8
2.0265 2.956 3.9933 7.3713 9.0734 12.007
2.0362 1.4817 2.0568 1.5228 0.96611 1.4923
3141 16
7 5 2 6 8 8
1.9981 2.9428 4.0128 7.4906 8.9892 12.003
1.9267 1.5019 1.9841 1.4928 1.0237 1.5063
3142 16
3 4 8 7 5 2
2.0101 4.0588 4.9848 6.028 8.0754 11.017
1.5367 2.5378 2.0062 1.5276 1.9212 1.4601
3143 16
3 4 8 7 5 2
1.9748 3.9948 5.0883 5.9929 8.0258 10.994
1.5078 2.5782 1.9876 1.5131 2.0001 1.5773
3144 16
3 4 8 7 5 2
1.9455 4.0688 5.0817 5.9695 7.9003 10.985
1.5101 2.4649 2.108 1.5915 1.9761 1.488
3145 16
3 7 5 8 7 8 2 5
2.0203 1.9607 2.9564 4.9602 5.9517 8.9617 11.078 12.096
1.466 1.9928 1.4842 2.0589 1.5338 1.1327 1.4755 2.0074
3146 16
3 7 5 8 7 8 2 5
2.0723 1.9206 2.9945 4.9722 5.9606 8.9946 10.941 12.105
1.5417 1.9661 1.3999 1.9236 1.5467 1.0321 1.5553 1.9637
3147 16
3 7 5 8 7 8 2 5
2.0308 1.899 2.9454 4.997 6.0307 8.9526 10.929 11.986
1.4744 1.9936 1.549 2.0147 1.5547 1.0372 1.4116 2.0846
3148 16
7 2 3 6 5 8 2 8
2.0401 3.8916 5.9728 7.5278 7.9716 9.0061 10.979 11.978
1.9778 1.9602 1.5897 1.5485 2.0285 0.92978 1.4348 1.5397
3149 16
7 2 3 6 5 8 2 8
1.9891 3.9585 6.0958 7.5873 7.9276 9.0095 11.046 12
2.0236 2.0431 1.461 1.4221 2.0307 0.94296 1.4642 1.4771
3150 16
7 2 3 6 5 8 2 8
1.9694 4.0099 6.0784 7.5515 7.9878 8.9405 10.954 11.958
1.9647 2.1043 1.5016 1.4983 2.1171 0.97993 1.4978 1.4383
