42
1933 16
1 4 5 1 6 2 4
1.1146 1.3034 3.0662 3.5704 5.9843 7.3284 11.395
2.0771 1.8572 2.9319 1.8403 2.9403 1.9522 2.9424
1934 16
2 5 8 6 3
0.38816 1.824 2.1801 2.8459 3.7483
1.6249 1.3191 1.1803 2.3768 2.9869
1935 16
6 3 6 8
4.7886 4.8962 11.802 13.086
2.1558 1.8194 2.714 2.2428
1936 16
2 8 6 3 1 3
3.0644 3.8033 5.3341 8.1437 9.5316 12.651
2.2704 2.3393 1.5143 2.0754 1.8293 2.3576
1937 16
2 6 1 3 4 7
1.842 3.8578 5.408 5.4228 7.8169 12.155
2.8316 1.0149 2.9681 2.3575 2.6721 1.878
1938 16
1 4 3 7
1.9615 3.9785 5.8776 5.9737
1.4932 2.5235 1.4693 1.5335
1939 16
1 4 3 7
2.004 4.0607 5.9202 5.9282
1.5345 2.5056 1.5458 1.4582
1940 16
1 4 3 7
1.9275 3.9362 5.9651 6.0245
1.4695 2.5339 1.5184 1.454
1941 16
1 4 3 7
1.9733 3.958 6.0471 5.9812
1.4654 2.4561 1.5141 1.4854
1942 16
2 6 2 8
3.968 7.5502 8.0085 8.9889
2.0341 1.516 1.496 0.95626
1943 16
2 6 2 8
3.9935 7.4339 7.9694 9.0689
2.0165 1.5052 1.5438 0.91955
1944 16
2 6 2 8
4.0885 7.5108 7.9941 9.0929
1.9604 1.4665 1.4898 1.0431
1945 16
2 6 2 8
4.0446 7.4574 7.9469 9.0075
1.9319 1.4435 1.5785 1.0109
1946 16
3 8 3 2 8 5
2.0327 5.0734 5.9597 8.0248 9.0425 12.006
1.5114 2.0315 1.5236 1.4817 0.99321 1.9454
1947 16
3 8 3 2 8 5
1.9517 5.0593 6.035 7.9845 9.1221 12.039
1.5163 2.0298 1.5329 1.5461 1.0352 1.9755
1948 16
3 8 3 2 8 5
2.0334 4.982 6.0206 8.0771 9.0549 12.069
1.5309 2.0389 1.5088 1.5312 1.0069 2.0583
1949 16
3 8 3 2 8 5
2.0315 4.9494 5.9516 7.9651 8.9924 11.997
1.4854 2.0504 1.4733 1.5127 1.0081 2.002
1950 16
3 8 3 2 8 5
5.9567 8.9585 8.9519 11.043 12.006 12.058
1.4899 1.0532 1.4213 1.3962 1.5272 1.9904
1951 16
3 8 3 2 8 5
6.0829 8.928 8.9209 11.021 12.118 12.015
1.5673 1.1243 1.5525 1.5071 1.4405 1.9477
1952 16
3 8 3 2 8 5
5.9354 8.9924 8.9384 11.048 11.964 11.991
1.487 1.0478 1.4946 1.5258 1.5153 1.9503
1953 16
3 8 3 2 8 5
6.038 9.0027 9.0215 10.97 12.076 12.065
1.4393 1.0355 1.5949 1.4383 1.5245 1.9203
1954 16
4 8 1 2 3 8
4.047 5.0163 5.9907 8.0624 8.9918 11.963
2.4874 2.0381 1.9513 1.5634 1.5451 1.5088
1955 16
4 8 1 2 3 8
4.0255 5.0698 5.9499 8.0143 8.9628 12.066
2.6135 1.9943 1.9779 1.4879 1.5957 1.4534
1956 16
4 8 1 2 3 8
3.9887 4.9766 5.9956 7.9065 8.9866 11.963
2.5615 1.8928 2.1117 1.5291 1.4574 1.562
1957 16
4 8 1 2 3 8
4.0007 5.0273 5.8425 7.9837 9.0076 11.956
2.46 2.04 1.9412 1.5098 1.4608 1.4567
1958 16
5 4 3 8 3 5
3.0084 4.0199 5.9887 9.0252 9.0709 11.937
1.5026 2.4882 1.5024 1.1286 1.5396 2.0178
1959 16
5 4 3 8 3 5
3.1036 3.9857 5.9984 8.9975 9.0036 11.941
1.4839 2.506 1.4917 1.0105 1.5315 2.0766
1960 16
5 4 3 8 3 5
2.9808 3.9418 6.0503 9.0368 9.0737 12.03
1.5383 2.485 1.4154 1.0641 1.6897 1.973
1961 16
5 4 3 8 3 5
3.0182 4.0015 5.962 9.0678 8.9063 12.024
1.5245 2.5021 1.4519 0.87622 1.5285 2.0239
1962 16
7 5 2 6 8 8
2.0607 3.0067 3.971 7.5264 9.0767 11.997
1.9863 1.5162 2.0142 1.5681 0.99193 1.4825
1963 16
7 5 2 6 8 8
2.0053 2.9374 3.944 7.473 9.0867 12.082
1.9809 1.521 2.0586 1.5718 0.93394 1.5551
1964 16
7 5 2 6 8 8
2.0104 2.9745 4.0042 7.5186 8.9939 11.948
1.9658 1.4107 1.9931 1.5303 0.9653 1.5193
1965 16
7 5 2 6 8 8
1.9871 2.9228 3.9437 7.4869 8.9781 11.986
2.0721 1.4974 2.0678 1.587 0.96801 1.5054
1966 16
3 4 8 7 5 2
1.9752 4.0208 4.9964 6.0532 7.9745 11.01
1.5651 2.5238 2.0634 1.5397 1.9864 1.3915
1967 16
3 4 8 7 5 2
2.0693 4.0236 5.032 6.0084 8.1004 11.04
1.4524 2.4923 2.0026 1.5433 2.0259 1.5378
1968 16
3 4 8 7 5 2
1.9331 4.0243 5.0715 6.0375 7.9671 11.016
1.4292 2.5102 2.0534 1.502 1.8969 1.473
1969 16
3 7 5 8 7 8 2 5
1.8801 1.977 3.0624 5.0101 6.0686 8.9294 11.027 12.018
1.4717 2.0007 1.5568 2.0064 1.4509 0.99601 1.4584 2.0631
1970 16
3 7 5 8 7 8 2 5
1.9735 1.9695 2.9859 5.0825 5.8769 9.0857 10.989 12.01
1.4829 1.9717 1.3807 1.9863 1.5465 1.0487 1.5646 2.0004
1971 16
3 7 5 8 7 8 2 5
1.9269 2.0603 3.0362 5.0434 6.0524 9.0239 10.886 11.992
1.5616 2.0066 1.481 2.0857 1.5321 0.98157 1.529 1.9533
1972 16
7 2 3 6 5 8 2 8
1.9981 3.9973 6.0167 7.4506 8.0474 8.926 10.99 12.055
2.0421 2.024 1.4771 1.4282 2.0104 1.1019 1.536 1.4785
1973 16
7 2 3 6 5 8 2 8
2.0181 4.09 6.0071 7.4926 7.8687 9.0849 11.001 12.023
1.9421 2.0158 1.5607 1.5328 2.0544 1.0437 1.4445 1.4755
1974 16
7 2 3 6 5 8 2 8
2.1028 4.0442 5.9537 7.5134 8.0414 8.9461 11.041 12.017
2.0129 2.0731 1.5582 1.5506 2.026 0.93036 1.4393 1.4788
