42
5083 16
6 8 5 3 5 6
1.8068 2.9785 6.9203 10.265 11.183 13.966
1.3863 1.4541 2.8694 1.1418 2.4166 1.6201
5084 16
4 6 7 4 1 6 5 4
0.27404 0.80254 1.6014 3.842 8.0778 10.473 12.218 12.862
2.3356 2.2136 1.0939 1.6949 1.3607 1.5486 1.0658 2.1902
5085 16
2 5 8 3 2 1
1.7691 2.6551 6.3395 6.8277 7.5292 8.0053
2.4478 1.6302 1.5342 2.983 2.3977 1.2911
5086 16
8 7 7 4 8
1.3247 2.1985 5.1461 7.7624 12.489
2.3762 1.261 2.1362 2.5629 1.3315
5087 16
8 2 8 6 2 3 6 3
1.1017 2.1864 3.5733 3.7612 5.0176 5.1522 10.402 11.92
2.1695 2.07 1.6127 1.4462 2.6288 1.3439 1.0433 1.6461
5088 16
1 4 3 7
1.9843 3.9875 6.0071 5.9906
1.4663 2.5132 1.5823 1.5774
5089 16
1 4 3 7
2.0394 4.0823 5.9314 6.0336
1.4907 2.5036 1.5566 1.479
5090 16
1 4 3 7
2.018 3.9667 6.0285 6.0393
1.472 2.4267 1.4865 1.5126
5091 16
1 4 3 7
2.0388 4.0809 5.9971 5.999
1.6002 2.6363 1.4571 1.5364
5092 16
2 6 2 8
4.0638 7.5202 8.0781 8.995
2.0257 1.5088 1.6125 0.96047
5093 16
2 6 2 8
3.9934 7.5257 8.1136 8.9
1.9416 1.5135 1.5172 0.91337
5094 16
2 6 2 8
4.0598 7.4953 8.0797 9.0402
2.0182 1.4886 1.4504 1.0649
5095 16
2 6 2 8
4.0278 7.4382 7.9512 8.9616
1.9854 1.4889 1.5106 1.0325
5096 16
3 8 3 2 8 5
1.9584 5.04 6.0475 7.9862 8.9398 11.958
1.5074 2.0363 1.4654 1.6644 1.0209 1.9312
5097 16
3 8 3 2 8 5
1.9183 4.9874 6.05 8.0004 8.9376 11.949
1.5138 2.0104 1.5947 1.4924 1.0084 1.975
5098 16
3 8 3 2 8 5
2.0055 4.9713 5.9915 8.0348 9.005 12.004
1.5772 2.015 1.4336 1.5351 0.94504 1.9741
5099 16
3 8 3 2 8 5
1.9674 5.0741 5.9991 7.9879 8.9242 12.022
1.4764 1.9953 1.5822 1.5477 0.98654 1.9329
5100 16
3 8 3 2 8 5
6.0597 9.0393 9.0913 10.995 11.975 11.935
1.5337 1.0032 1.563 1.5079 1.5401 2.0052
5101 16
3 8 3 2 8 5
5.9847 9.0235 8.9822 10.951 12.056 11.982
1.5357 1.0018 1.4517 1.4685 1.5319 2.0001
5102 16
3 8 3 2 8 5
5.9813 8.9431 8.9973 10.953 12.068 12.017
1.4876 1.0337 1.3894 1.4753 1.5402 1.9887
5103 16
3 8 3 2 8 5
5.9977 8.9374 9.0379 10.992 11.992 12.051
1.4686 0.88177 1.476 1.5179 1.5961 1.9969
5104 16
4 8 1 2 3 8
4.1136 4.9732 5.9786 8.0141 8.9463 11.979
2.5534 1.9823 1.9804 1.4997 1.5819 1.4382
5105 16
4 8 1 2 3 8
3.9404 4.9382 6.0424 8.0163 8.9158 12.107
2.557 2.0445 2.0468 1.5657 1.5394 1.4479
5106 16
4 8 1 2 3 8
3.984 5.0037 6.0753 8.0369 9.0575 12.066
2.5358 2.0188 2.0101 1.5422 1.5162 1.5205
5107 16
4 8 1 2 3 8
4.0162 5.0717 5.9877 8.0708 9.0914 12
2.5389 2.0776 2.0253 1.4865 1.5051 1.5336
5108 16
5 4 3 8 3 5
2.9292 3.9918 5.9754 9.0595 9.1022 12.001
1.5139 2.472 1.3708 1.1616 1.6141 2.1127
5109 16
5 4 3 8 3 5
3.0291 4.0008 6.0101 8.9794 9.0528 12.016
1.4841 2.5304 1.4388 1.0205 1.4663 1.9678
5110 16
5 4 3 8 3 5
2.983 4.0795 5.8726 9.0369 8.9432 12.066
1.5062 2.4565 1.436 0.98218 1.5352 2.0883
5111 16
5 4 3 8 3 5
2.9684 4.0063 6.0122 8.9998 8.9659 11.996
1.4267 2.4655 1.5112 0.97923 1.5395 1.9636
5112 16
7 5 2 6 8 8
1.9867 2.9961 3.9056 7.5588 8.9874 11.92
2.0091 1.4737 2.022 1.5319 0.99956 1.5017
5113 16
7 5 2 6 8 8
2.0292 3.0069 4.0393 7.5841 9.0625 12.02
2.0387 1.5306 1.9675 1.5147 0.96836 1.5023
5114 16
7 5 2 6 8 8
2.0313 2.9537 4.0382 7.455 8.9831 12.026
2.035 1.5794 1.9058 1.4865 1.04 1.5183
5115 16
7 5 2 6 8 8
1.9313 2.9591 3.937 7.5289 9.0202 11.95
2.0049 1.4446 1.9818 1.5527 0.96672 1.4574
5116 16
3 4 8 7 5 2
2.0143 4.0694 4.9743 5.9993 8.0791 10.997
1.5481 2.5375 2.0541 1.5374 1.957 1.5794
5117 16
3 4 8 7 5 2
2.056 3.9918 5.0134 5.949 7.9968 10.975
1.5757 2.5009 2.0561 1.5575 1.9383 1.5338
5118 16
3 4 8 7 5 2
2.0496 3.9347 5.0064 5.8811 7.9621 11.03
1.513 2.5624 2.003 1.5064 2.0159 1.517
5119 16
3 7 5 8 7 8 2 5
2.0203 1.9527 3.0313 5.1132 5.9511 9.0315 10.956 11.995
1.54 1.9771 1.5796 2.1286 1.4509 0.92363 1.5875 1.9419
5120 16
3 7 5 8 7 8 2 5
2.0266 2.0526 3.009 4.9142 5.9926 8.9398 11.037 12.098
1.4812 1.9685 1.4878 1.9944 1.5716 1.0281 1.5855 2.0626
5121 16
3 7 5 8 7 8 2 5
2.0389 2.0702 2.9104 4.9301 6.028 9.0265 10.94 11.997
1.5117 1.9836 1.4134 2.0314 1.5089 1.0051 1.5469 1.9825
5122 16
7 2 3 6 5 8 2 8
1.9082 3.9135 5.947 7.5451 7.9543 8.8523 10.956 11.947
1.9918 2.0172 1.5269 1.5458 1.9874 1 1.544 1.5363
5123 16
7 2 3 6 5 8 2 8
2.0011 3.9683 5.9794 7.5709 7.9515 9.0313 11.087 12.02
1.9834 2.0191 1.5179 1.4948 1.9591 1.007 1.5797 1.5375
5124 16
7 2 3 6 5 8 2 8
2.0403 3.934 6.0314 7.5453 7.984 8.9876 10.934 11.903
2.0151 1.9805 1.4248 1.5219 2.0689 1.0474 1.3928 1.573
