41
8320 16
8 4 5 6 3 1
0.91178 2.519 2.5521 3.507 6.5894 6.6635
2.8315 2.7707 2.8205 2.9912 1.5082 1.3512
8321 16
5 2 7 7
3.6697 4.3561 11.147 13.594
2.519 1.8872 1.2936 1.1002
8322 16
3 8 4 7 5 6
0.30768 0.63912 6.5652 6.8317 8.701 8.9614
1.2182 1.0402 1.8649 2.24 1.0841 1.3119
8323 16
1 6 8 4
3.2137 4.076 6.7978 12.96
1.2157 1.3128 2.8154 1.9446
8324 16
5 4 4 3 6 1 2 6
1.4172 2.4569 5.8671 7.1952 8.8513 9.4543 10.368 12.077
2.6045 1.3229 2.5932 1.8676 2.6273 2.6617 2.3839 2.2241
8325 16
1 4 3 7
1.9698 3.9776 5.9457 5.9622
1.5224 2.4745 1.4874 1.5038
8326 16
1 4 3 7
2.0121 3.9603 6.019 6.0304
1.4941 2.4151 1.365 1.5223
8327 16
1 4 3 7
1.9299 4.0139 5.9072 5.985
1.5838 2.5504 1.5881 1.4857
8328 16
1 4 3 7
2.0421 3.9816 5.9864 6.1383
1.4491 2.5186 1.5552 1.5036
8329 16
2 6 2 8
3.9897 7.5121 8.0131 8.9504
1.9673 1.496 1.4908 0.91663
8330 16
2 6 2 8
4.0363 7.4848 8.0448 9.0358
1.9806 1.5221 1.5207 1.0437
8331 16
2 6 2 8
4.018 7.5347 8.0667 9.0476
1.9658 1.5424 1.5568 0.90922
8332 16
2 6 2 8
4.0835 7.5657 8.045 8.999
1.9569 1.4287 1.4675 1.0223
8333 16
3 8 3 2 8 5
2.0397 4.9687 6.0473 7.9489 9.0593 12.031
1.4664 2.028 1.5327 1.4108 1.0159 1.916
8334 16
3 8 3 2 8 5
1.992 4.9516 6.0796 7.9831 9.0105 12.091
1.521 2.0487 1.4433 1.4992 0.96061 2.0482
8335 16
3 8 3 2 8 5
1.9234 5.0079 5.9598 7.8984 9.0226 12.06
1.4238 1.9977 1.502 1.4938 0.94516 1.9508
8336 16
3 8 3 2 8 5
2.0044 5.0983 5.9497 8.0826 9.0648 11.958
1.5279 2.0219 1.5307 1.4308 0.99049 1.9658
8337 16
3 8 3 2 8 5
6.0194 9.0126 9.0131 10.939 12.057 11.989
1.4615 1.0819 1.4824 1.5509 1.5362 2.0118
8338 16
3 8 3 2 8 5
6.0589 9.0367 8.985 10.968 12.096 12.11
1.5067 1.0242 1.4871 1.4896 1.5301 1.9943
8339 16
3 8 3 2 8 5
6.0775 9.0876 8.9623 11.032 12.043 12.073
1.4737 1.0362 1.4656 1.5561 1.4213 2.0886
8340 16
3 8 3 2 8 5
6.0189 8.9597 9.0158 11.028 11.928 12.032
1.475 0.95831 1.5327 1.5456 1.503 2.065
8341 16
4 8 1 2 3 8
3.9694 5.005 5.9352 8.1242 9.0039 11.961
2.4949 2.0221 1.9779 1.5098 1.523 1.5414
8342 16
4 8 1 2 3 8
3.9906 4.9912 6.0083 8.0756 9.0788 12.028
2.6464 2.03 1.9978 1.5213 1.5195 1.4604
8343 16
4 8 1 2 3 8
3.991 5.0134 6.0407 8.0748 8.9971 12.06
2.4924 2.0111 2.0234 1.5129 1.4487 1.5152
8344 16
4 8 1 2 3 8
4.0274 4.9524 5.9544 8.0403 9.0244 11.976
2.4649 1.9417 2.053 1.5147 1.5486 1.4538
8345 16
5 4 3 8 3 5
2.9686 4.0102 5.9696 9.0584 9.0398 12.018
1.483 2.4947 1.5094 1.0109 1.4399 1.9242
8346 16
5 4 3 8 3 5
2.9681 3.9765 5.9372 8.9882 8.9957 12.101
1.4911 2.4495 1.5255 0.9437 1.5179 1.9368
8347 16
5 4 3 8 3 5
2.9359 4.029 6.0398 9.0028 8.9472 11.978
1.4966 2.6062 1.4566 0.97611 1.4927 2.0251
8348 16
5 4 3 8 3 5
3.0584 3.9965 6.0914 8.9704 8.9689 12.027
1.487 2.4529 1.5879 0.91715 1.6552 2.005
8349 16
7 5 2 6 8 8
1.9885 2.9878 3.976 7.4791 9.0382 12.017
1.9381 1.5282 2.0323 1.5007 0.93698 1.5271
8350 16
7 5 2 6 8 8
1.9942 2.965 4.1036 7.3927 9.0164 11.962
1.8847 1.5275 2.0057 1.5855 0.97083 1.414
8351 16
7 5 2 6 8 8
1.9983 3.0352 4.0036 7.5391 8.9104 11.999
2.0009 1.4744 2.0577 1.5107 1.0186 1.4371
8352 16
3 4 8 7 5 2
1.9618 4.0239 5.0845 6.0417 8.0361 10.992
1.6781 2.525 2.0803 1.5785 1.8987 1.4949
8353 16
3 4 8 7 5 2
2.0202 4.027 4.97 6.0586 8.0015 10.946
1.4896 2.4835 2.028 1.4519 1.941 1.5951
8354 16
3 4 8 7 5 2
1.9921 3.9201 4.9755 5.998 7.989 10.955
1.488 2.4822 2.1099 1.4793 1.974 1.4867
8355 16
3 7 5 8 7 8 2 5
2.0032 1.9669 2.9837 5.0081 6.0274 8.9969 11.025 12.003
1.534 1.9867 1.5059 2.0008 1.4571 1.0028 1.3713 1.9895
8356 16
3 7 5 8 7 8 2 5
1.9052 1.9918 2.9418 5.0121 5.9752 8.9609 11.006 11.938
1.4825 2.1377 1.6034 2.0644 1.502 1.0139 1.4719 2.0032
8357 16
3 7 5 8 7 8 2 5
2.0187 2.0076 2.9641 5.0283 6.0491 9.0405 10.943 11.991
1.6048 1.9909 1.551 1.9054 1.53 0.96303 1.4966 1.9776
8358 16
7 2 3 6 5 8 2 8
1.954 3.9584 5.989 7.5502 7.9974 9.0267 10.947 12.032
1.9413 2.0703 1.5587 1.4416 1.9288 0.91616 1.5484 1.4721
8359 16
7 2 3 6 5 8 2 8
2.0865 3.9922 5.9811 7.4958 7.9844 8.9843 11.035 12.038
1.9174 1.9662 1.4387 1.5179 2.0544 1.0069 1.4725 1.5706
8360 16
7 2 3 6 5 8 2 8
2.1158 3.9879 5.9782 7.3984 7.958 9.0252 10.968 11.929
2.0232 2.0029 1.5289 1.5563 1.8772 1.0279 1.4658 1.4919
