41
7992 16
7 2 5 7 2
4.0552 6.3938 7.235 7.8019 9.5834
2.2631 1.2771 1.3235 2.5138 1.2475
7993 16
7 1 7 5 8 2 8 1
1.1743 2.8116 4.4527 5.4855 6.8244 10.906 12.722 14.341
2.6292 2.6367 2.7834 2.7849 2.4741 2.806 1.4017 1.6133
7994 16
8 5 1 3 7 6 5 4
1.3236 1.7214 8.814 8.9348 9.2246 9.2399 10.425 11.193
2.0563 1.2792 1.7339 1.5829 2.0707 2.7422 1.2528 2.8734
7995 16
1 5 8 4 7 3
4.6816 5.3186 6.1968 6.3422 6.6447 8.4633
1.1684 1.7051 1.2538 2.8976 2.2 1.1722
7996 16
1 3 2 4 8 1
0.094046 1.4834 3.3275 7.1237 7.8859 8.7734
2.0138 2.5169 1.4737 1.0871 1.5447 1.3204
7997 16
1 4 3 7
1.9419 4.0006 5.9823 5.9783
1.5537 2.5009 1.5054 1.5067
7998 16
1 4 3 7
2.0407 3.9886 5.974 5.928
1.5781 2.3579 1.5502 1.4528
7999 16
1 4 3 7
2.0161 4.0503 6.0629 5.9683
1.5048 2.5593 1.5286 1.5667
8000 16
1 4 3 7
1.9483 4.0868 5.9504 5.9453
1.488 2.5357 1.4971 1.4651
8001 16
2 6 2 8
3.9437 7.5374 8.0294 8.9941
2.0024 1.4793 1.51 1.0335
8002 16
2 6 2 8
3.9608 7.5331 7.9371 9.0075
2.0654 1.4556 1.4991 1.0212
8003 16
2 6 2 8
4.0567 7.4712 8.0321 9.0177
1.974 1.5199 1.4392 0.9962
8004 16
2 6 2 8
3.9529 7.5866 8.0166 8.9182
2.0572 1.5683 1.5063 0.99546
8005 16
3 8 3 2 8 5
1.9557 4.9948 5.9928 8.0207 8.9269 11.994
1.5306 1.9659 1.4917 1.4494 1.0236 1.9634
8006 16
3 8 3 2 8 5
1.9939 4.9555 5.9143 7.9287 9.0199 11.978
1.4673 2.0602 1.5133 1.4611 0.97111 2.0296
8007 16
3 8 3 2 8 5
1.9967 5.0084 5.9417 8.1302 9.0531 12.031
1.4985 1.9786 1.5686 1.5345 0.97368 1.9816
8008 16
3 8 3 2 8 5
2.0086 4.9966 5.9234 7.9803 9.0182 12.037
1.4795 2 1.549 1.4799 0.97229 2.1408
8009 16
3 8 3 2 8 5
5.9591 9.0391 9.0333 10.992 12.072 12.004
1.5456 1.0065 1.5156 1.4674 1.4119 2.0173
8010 16
3 8 3 2 8 5
5.9967 8.9125 9.0222 11.015 12.025 12.02
1.42 0.95973 1.5168 1.5628 1.4921 2.1038
8011 16
3 8 3 2 8 5
5.9704 8.9437 9.0379 11.007 12.017 12.021
1.5228 0.986 1.5025 1.6078 1.6052 2.0133
8012 16
3 8 3 2 8 5
5.9655 8.9443 9.0098 11.008 12.022 11.899
1.4987 0.98866 1.4766 1.5639 1.501 2.1102
8013 16
4 8 1 2 3 8
3.9761 4.9643 6.0122 7.9633 9.0106 11.997
2.5964 2.0173 2.0516 1.524 1.4659 1.5521
8014 16
4 8 1 2 3 8
3.9315 5.086 5.9302 8.0491 8.921 11.995
2.5219 1.9321 1.9371 1.4881 1.5426 1.3984
8015 16
4 8 1 2 3 8
3.9621 4.9731 5.9502 8.0493 8.9575 12.049
2.5231 2.0717 1.9658 1.4744 1.4988 1.566
8016 16
4 8 1 2 3 8
3.8844 4.9391 5.9531 8.0209 9.0428 12.038
2.4351 1.9545 1.9893 1.4734 1.5786 1.434
8017 16
5 4 3 8 3 5
2.9378 3.9481 5.9576 8.9991 8.9827 11.936
1.5351 2.4823 1.5254 0.95239 1.4687 1.9686
8018 16
5 4 3 8 3 5
2.9816 4.0212 6.0213 8.9831 8.9491 11.969
1.4851 2.4238 1.5125 0.9753 1.5646 2.0572
8019 16
5 4 3 8 3 5
2.9186 4.0167 5.9553 9.0474 9.0137 11.989
1.4528 2.5412 1.4352 1.0408 1.3791 1.9635
8020 16
5 4 3 8 3 5
3.0657 3.9911 5.9991 8.9556 9.0202 12.026
1.4481 2.4655 1.4687 1.0238 1.5031 2.0079
8021 16
7 5 2 6 8 8
1.8595 2.9992 4.0194 7.5288 9.1157 12.038
2.0624 1.4152 2.0009 1.4808 0.92774 1.496
8022 16
7 5 2 6 8 8
1.9275 2.9108 3.9961 7.5154 8.9591 11.964
1.9717 1.4665 1.9516 1.5069 1.0537 1.5389
8023 16
7 5 2 6 8 8
1.957 3.061 3.9813 7.4681 9.0099 11.998
2.0151 1.4865 2.0403 1.5632 0.98663 1.5869
8024 16
3 4 8 7 5 2
2.0074 4.0041 4.9849 5.9996 7.9894 10.93
1.4671 2.4753 2.0286 1.5427 2.0325 1.4364
8025 16
3 4 8 7 5 2
1.8781 4.0165 4.9596 5.9761 7.9137 11.011
1.5944 2.4902 2.0221 1.553 1.9711 1.5183
8026 16
3 4 8 7 5 2
1.9634 4.0489 4.9962 5.9905 7.9088 11.075
1.5159 2.5581 2.013 1.4737 1.97 1.5022
8027 16
3 7 5 8 7 8 2 5
1.9554 1.9631 2.9637 4.9989 5.9903 8.9378 11.013 12.028
1.5476 2.0031 1.5491 2.0053 1.5497 1.0011 1.5111 2.0288
8028 16
3 7 5 8 7 8 2 5
1.9697 2.0524 3.0561 4.8645 6.0335 9.0023 11.078 12.011
1.4152 2.0185 1.4197 1.9975 1.4814 1.0269 1.525 1.9515
8029 16
3 7 5 8 7 8 2 5
1.9185 1.9867 3.0006 4.9498 6.0454 8.9361 10.99 11.963
1.5532 2.0239 1.5874 1.95 1.5275 0.98949 1.4768 2.0573
8030 16
7 2 3 6 5 8 2 8
1.9947 4.0031 5.9694 7.4346 7.9577 8.951 10.911 11.978
2.0521 2.0458 1.4195 1.5766 1.9785 1.0157 1.5035 1.4574
8031 16
7 2 3 6 5 8 2 8
2.0651 3.8049 5.9536 7.5266 7.9969 8.9302 10.942 12.011
1.9761 1.9531 1.4937 1.4577 1.9288 1.0163 1.4466 1.5639
8032 16
7 2 3 6 5 8 2 8
1.9749 4.0974 6.0188 7.5355 8.0057 9.0705 10.997 12.064
2.0194 2.082 1.6579 1.452 2.0358 1.0355 1.5983 1.5154
