42
2227 16
8 4 2 2 6
2.6573 4.4047 4.9168 6.0578 6.1567
2.4524 1.7903 1.1147 2.0526 1.4513
2228 16
5 7 5 1 7
4.5844 4.9872 6.1087 11.666 12.963
1.3133 2.6848 1.8742 1.5548 2.0797
2229 16
7 5 1 6 8 6 3
4.4892 4.6373 5.3109 5.3241 6.0733 12.509 13.295
1.9112 2.1558 1.6214 1.9719 1.5349 2.6377 2.5595
2230 16
5 2 2 4
1.7918 2.2414 6.4697 10.464
1.6658 1.6462 2.3767 1.6704
2231 16
6 3 4 3
1.8564 5.2683 5.3449 10.581
2.5224 1.8673 1.1664 2.1599
2232 16
1 4 3 7
1.9704 4.0177 6.0508 5.9536
1.5295 2.4632 1.5073 1.4793
2233 16
1 4 3 7
2.0539 4.0502 5.9925 5.9816
1.5288 2.4748 1.4939 1.5721
2234 16
1 4 3 7
2.0247 3.9304 5.9203 5.9996
1.4688 2.4879 1.5447 1.5125
2235 16
1 4 3 7
2.0306 4.0576 5.9318 5.9538
1.5152 2.5952 1.5319 1.4804
2236 16
2 6 2 8
4.0983 7.4965 8.0634 9.0232
1.8958 1.5401 1.4641 0.96811
2237 16
2 6 2 8
3.9596 7.5696 7.9539 9.0158
1.9541 1.4849 1.4641 0.9749
2238 16
2 6 2 8
3.9145 7.4539 8.0541 9.0345
2.0166 1.4502 1.4769 0.98528
2239 16
2 6 2 8
4.0526 7.5959 7.9009 9.0318
2.0586 1.4838 1.4735 1.005
2240 16
3 8 3 2 8 5
1.9913 5.0137 5.9886 7.9394 9.0383 11.974
1.4298 1.9272 1.5121 1.5002 1.0471 1.8804
2241 16
3 8 3 2 8 5
1.9571 4.9984 6.0311 7.9994 9.0752 11.955
1.3952 2.0509 1.652 1.4986 0.95612 1.9661
2242 16
3 8 3 2 8 5
1.9541 4.9751 6.0345 8.0236 9.0727 12.005
1.4734 2.0702 1.5142 1.4799 1.0641 1.9293
2243 16
3 8 3 2 8 5
1.9332 4.9611 5.9904 7.9795 8.9955 12.021
1.4915 1.9536 1.6177 1.4417 0.94888 1.9999
2244 16
3 8 3 2 8 5
5.906 9.0533 8.9023 10.948 12.001 12.039
1.5143 1.0694 1.5439 1.4687 1.4568 2.0084
2245 16
3 8 3 2 8 5
5.9905 9.0096 8.9973 11.034 12.069 12.043
1.4311 1.0827 1.5614 1.4988 1.5174 1.9575
2246 16
3 8 3 2 8 5
6.0041 8.9816 9.0126 11.002 12.075 12.032
1.4844 1.0611 1.5358 1.4401 1.4791 2.1645
2247 16
3 8 3 2 8 5
6.0111 9.0518 9.0348 11.033 12.012 11.977
1.4774 0.93957 1.3839 1.4346 1.5816 2.0245
2248 16
4 8 1 2 3 8
4.0171 5.0001 6.0823 8.0931 9.0914 11.938
2.4845 2.008 2.1128 1.4405 1.4956 1.5058
2249 16
4 8 1 2 3 8
4.0447 4.9684 6.0044 7.9546 8.9543 12
2.5528 2.012 2.0161 1.4397 1.5087 1.5511
2250 16
4 8 1 2 3 8
4.0183 5.012 6.0327 7.9187 9.0163 11.978
2.4506 2.0717 2.0049 1.5459 1.5214 1.4225
2251 16
4 8 1 2 3 8
3.9223 5.046 5.961 8.0151 8.9201 11.946
2.467 1.9972 1.9666 1.5425 1.4623 1.5576
2252 16
5 4 3 8 3 5
2.9322 3.9811 5.988 9.007 8.9513 11.959
1.5238 2.4866 1.5017 0.95188 1.5365 1.9804
2253 16
5 4 3 8 3 5
2.977 4.103 6.0613 9.0066 9.0171 11.964
1.5435 2.5567 1.5758 0.92826 1.5583 2.0219
2254 16
5 4 3 8 3 5
2.9528 4.076 5.9649 8.9174 8.9461 11.996
1.5753 2.5157 1.5047 1.0941 1.5904 1.9651
2255 16
5 4 3 8 3 5
3.038 4.0351 6.0027 8.9975 9.0118 11.971
1.6228 2.4964 1.5577 0.99826 1.5041 1.9903
2256 16
7 5 2 6 8 8
1.9682 2.9659 3.9429 7.5601 8.9848 11.971
1.9587 1.4778 2.0323 1.3767 0.99151 1.5003
2257 16
7 5 2 6 8 8
2.0382 2.9966 3.988 7.511 8.9561 12
1.9619 1.5468 2.0685 1.4597 1.0524 1.4606
2258 16
7 5 2 6 8 8
1.9867 2.9847 4.0153 7.4593 8.9651 11.959
1.9022 1.4883 1.9003 1.5652 0.93303 1.5185
2259 16
7 5 2 6 8 8
1.9584 3.0238 4.1245 7.515 8.9943 12.03
1.9935 1.5061 2.0506 1.4091 0.99125 1.5854
2260 16
3 4 8 7 5 2
2.0153 4.0182 5.0307 6.0812 7.9768 11.038
1.5701 2.5229 1.9148 1.4228 1.955 1.4178
2261 16
3 4 8 7 5 2
2.019 4.0349 5.0075 6.0389 8.034 11.017
1.5435 2.5565 1.9034 1.5187 1.9666 1.4943
2262 16
3 4 8 7 5 2
1.9704 4.019 5.1171 6.1043 8.0001 11.076
1.4178 2.5044 1.9968 1.5539 1.8894 1.5268
2263 16
3 7 5 8 7 8 2 5
2.0549 2.0395 2.9551 5.0392 6.0715 8.9883 11.077 12.015
1.5881 1.9843 1.4664 2.0043 1.4941 0.9639 1.6548 1.9738
2264 16
3 7 5 8 7 8 2 5
2.0406 1.9947 3.0805 5.0393 6.0383 9.0352 10.946 11.969
1.5526 2.0358 1.5397 2.0679 1.4726 0.96929 1.5267 2.0061
2265 16
3 7 5 8 7 8 2 5
1.9772 2.0431 3.0259 4.9626 6.0095 8.9943 10.909 11.963
1.5917 1.9657 1.4536 2.0198 1.5605 0.92733 1.5267 2.0458
2266 16
7 2 3 6 5 8 2 8
2.0314 3.9829 5.9077 7.4962 7.9611 9.0087 11.01 12.025
1.9718 1.912 1.4279 1.4327 2.017 0.91364 1.4903 1.4677
2267 16
7 2 3 6 5 8 2 8
1.9372 4.0439 6.0403 7.6084 8.0934 8.9595 10.944 12.08
2.0601 2.0552 1.6172 1.4782 1.8963 1.0428 1.5997 1.5111
2268 16
7 2 3 6 5 8 2 8
1.9899 3.9869 5.9832 7.5509 8.002 8.9782 11.039 12.036
1.9672 1.9808 1.4932 1.5629 1.9508 1.0343 1.4035 1.4737
