41
9796 16
6 4 2 6 4
0.7927 1.3544 4.2384 7.4472 14.298
1.3916 2.9265 1.9598 2.845 1.3562
9797 16
3 2 4 3 4
3.0762 3.908 4.3689 8.3165 11.811
1.227 2.1764 2.4767 1.7293 1.3544
9798 16
3 7 6 1 5
6.502 6.8674 7.8606 11.451 11.583
2.1824 2.5642 1.8743 2.6588 1.656
9799 16
3 5 4 6
9.382 9.4256 11.333 11.46
1.1281 1.2383 2.7216 2.8363
9800 16
6 1 7 8 1 2 2
1.0947 2.6606 5.994 8.2859 8.5851 9.5224 14.1
1.541 2.3709 2.8525 2.971 2.8326 1.529 1.058
9801 16
1 4 3 7
1.9614 4.0636 5.9682 6.0859
1.4829 2.5139 1.4414 1.3963
9802 16
1 4 3 7
1.9358 3.997 6.0451 6.0118
1.5127 2.5266 1.5103 1.503
9803 16
1 4 3 7
2.0757 3.9914 6.0206 6.0385
1.5562 2.492 1.4942 1.497
9804 16
1 4 3 7
2.0044 4.0388 5.9011 5.963
1.5145 2.5513 1.5289 1.489
9805 16
2 6 2 8
4.0434 7.5212 8.056 9.01
2.0276 1.5048 1.4959 0.92739
9806 16
2 6 2 8
3.9984 7.4425 8.0397 8.9378
2.0613 1.4961 1.4369 1.094
9807 16
2 6 2 8
4.0099 7.5176 8.0557 9.0855
1.9352 1.5012 1.5364 1.0906
9808 16
2 6 2 8
4.0386 7.5813 8.0138 8.9833
1.9539 1.4706 1.543 0.9776
9809 16
3 8 3 2 8 5
2.063 4.9834 5.991 8.0579 9.0602 11.957
1.5599 2.0238 1.5144 1.4841 0.99795 2.0499
9810 16
3 8 3 2 8 5
2.0189 5.0131 6.0286 7.9238 8.9647 11.964
1.5687 2.0255 1.4693 1.4513 1.0821 1.9163
9811 16
3 8 3 2 8 5
1.959 4.9639 5.9963 8.0338 9.1346 12.08
1.5176 1.9877 1.3821 1.4743 1.0463 2.0034
9812 16
3 8 3 2 8 5
2.0792 4.9614 6.0132 7.9709 8.8465 12.023
1.5491 1.943 1.5565 1.5449 1.0236 1.9659
9813 16
3 8 3 2 8 5
5.9945 9.0195 8.9559 11.061 12.011 12.063
1.5138 0.9653 1.5479 1.5038 1.4977 1.9648
9814 16
3 8 3 2 8 5
6.0186 9.046 8.9838 11.002 12.026 12.086
1.5604 0.93921 1.4811 1.5484 1.5166 2.011
9815 16
3 8 3 2 8 5
5.9186 8.9205 9.0838 11.019 11.967 11.949
1.5137 0.94669 1.4862 1.4121 1.3992 2.0077
9816 16
3 8 3 2 8 5
5.9746 8.9653 9.0455 10.992 12.052 11.948
1.4991 0.98129 1.5379 1.5022 1.5482 1.9539
9817 16
4 8 1 2 3 8
3.9617 5.0452 6.0096 8.0385 8.9385 12.061
2.3797 2.0634 2.038 1.5051 1.602 1.4185
9818 16
4 8 1 2 3 8
3.9704 4.9643 5.9861 8.0034 8.9095 12.041
2.4723 1.967 1.9999 1.5017 1.4848 1.5302
9819 16
4 8 1 2 3 8
4.0168 4.9691 5.9609 7.9979 9.0092 11.96
2.4892 2.0288 1.9012 1.5362 1.4727 1.4281
9820 16
4 8 1 2 3 8
4.0591 4.9563 5.9561 7.956 9.0391 11.924
2.611 2.0498 1.9872 1.5226 1.4624 1.5364
9821 16
5 4 3 8 3 5
2.966 3.9413 5.9845 9.0148 8.9993 11.981
1.5085 2.5549 1.5139 1.0337 1.3927 2.0605
9822 16
5 4 3 8 3 5
3.0178 3.9529 5.9324 9.1219 9.0633 11.932
1.6053 2.5677 1.4669 1.0427 1.4858 1.9735
9823 16
5 4 3 8 3 5
2.9541 4.0663 5.9712 8.9868 8.9827 12.045
1.4844 2.5169 1.5503 1.0174 1.5768 1.9435
9824 16
5 4 3 8 3 5
2.9903 3.9864 5.9614 8.9458 8.9702 11.951
1.4708 2.5115 1.5202 1.0024 1.4666 1.8672
9825 16
7 5 2 6 8 8
1.9753 2.9643 4.0224 7.509 8.9983 12.027
1.9424 1.4096 1.9979 1.5056 1.0632 1.3821
9826 16
7 5 2 6 8 8
1.9992 2.9671 4.0081 7.5912 8.9508 11.983
2.029 1.5 1.9974 1.4881 0.95545 1.5981
9827 16
7 5 2 6 8 8
2.0073 2.9538 3.9392 7.4407 9.0269 12.116
1.9996 1.5227 2.0717 1.4609 1.0419 1.493
9828 16
3 4 8 7 5 2
2.0391 4.02 4.9368 5.9973 8.1101 11.07
1.4575 2.5642 2.0047 1.5487 1.9894 1.5541
9829 16
3 4 8 7 5 2
2.062 4.02 5.0231 5.9587 8.014 11.005
1.5138 2.4724 2.0355 1.4309 1.9871 1.3764
9830 16
3 4 8 7 5 2
1.9269 3.9476 4.9902 6.117 7.9284 11.052
1.518 2.5234 2.0131 1.4305 2.0354 1.4318
9831 16
3 7 5 8 7 8 2 5
2.1573 1.9619 3.0435 5.0347 6.0381 8.9205 11.021 12.051
1.5474 1.9879 1.5253 1.9781 1.5167 0.97254 1.4731 2.1635
9832 16
3 7 5 8 7 8 2 5
1.9489 2.0306 3.0024 4.9833 6.0001 9.0236 11.037 12.019
1.4262 2.0701 1.5619 1.9834 1.5373 1.0265 1.4884 2.0729
9833 16
3 7 5 8 7 8 2 5
2.0758 2.0102 2.988 5.0448 5.9148 9.0025 10.991 12.037
1.4549 2.004 1.4389 2.0317 1.5168 1.025 1.4687 2.0292
9834 16
7 2 3 6 5 8 2 8
2.0017 3.9376 6.0313 7.4756 7.9997 8.9296 11.003 11.976
2.0068 2.0587 1.5106 1.5983 1.9742 1.0039 1.488 1.6331
9835 16
7 2 3 6 5 8 2 8
1.918 4.0456 6.0441 7.4746 7.9642 8.9753 11.012 12.058
2.0272 2.0114 1.4743 1.4996 1.9251 1.0047 1.5174 1.5032
9836 16
7 2 3 6 5 8 2 8
1.9889 3.9945 5.9631 7.5218 8.0288 8.9716 10.975 11.96
1.9712 2.0422 1.5264 1.514 1.9973 0.94703 1.4987 1.5201
