42
2521 16
8 6 2 3
0.79952 3.1006 5.7366 12.727
2.0072 1.7178 1.389 1.4612
2522 16
1 8 7 7 6 6 7 3
0.49539 0.86604 2.2732 5.2182 9.2639 10.801 11.404 13.906
1.256 2.9596 1.2378 1.8 1.2539 2.769 1.4417 1.6543
2523 16
5 3 2 4
1.9997 3.2344 8.0641 9.6975
1.8285 1.1167 2.8878 2.2748
2524 16
7 4 5 3 1 2 3 8
1.022 3.3754 3.6801 7.2333 8.9006 12.122 12.477 13.414
2.6147 2.0931 1.2242 2.7576 2.9787 1.7843 2.4727 1.7294
2525 16
6 2 7 4 6 3
7.9686 8.4732 8.6082 9.1789 10.978 11.969
2.0607 2.8907 2.8495 2.9663 1.6898 1.2209
2526 16
1 4 3 7
1.9911 4.0098 5.9777 6.0131
1.4807 2.5111 1.5993 1.5501
2527 16
1 4 3 7
1.977 3.9782 6.0136 6.0956
1.5019 2.5146 1.567 1.5907
2528 16
1 4 3 7
2.0219 4.0492 6.0052 5.9935
1.4458 2.5229 1.5449 1.44
2529 16
1 4 3 7
1.9545 3.9695 6.0145 6.0294
1.5664 2.5861 1.5168 1.5197
2530 16
2 6 2 8
3.9569 7.5431 7.9461 9.0128
1.941 1.4863 1.4177 0.98279
2531 16
2 6 2 8
3.9538 7.5014 8.004 9.1328
2.0365 1.5235 1.4321 0.94029
2532 16
2 6 2 8
3.9763 7.5317 8.0761 8.9471
2.0523 1.4307 1.5742 0.9861
2533 16
2 6 2 8
3.9101 7.4544 7.9888 9.0086
1.9865 1.424 1.4408 0.94971
2534 16
3 8 3 2 8 5
2.0226 4.9474 5.9563 8.0333 8.9779 12.013
1.4475 2.0827 1.481 1.4276 0.96806 2.0607
2535 16
3 8 3 2 8 5
1.9424 5.0019 6.0477 8.0604 9.0264 11.999
1.535 2.0066 1.4308 1.5793 0.89347 1.9222
2536 16
3 8 3 2 8 5
2.0493 4.9948 6.0192 7.9419 8.9706 12.056
1.4061 1.9974 1.5454 1.4581 1.038 1.8826
2537 16
3 8 3 2 8 5
1.9763 5.0292 5.9669 8.0029 9.0638 11.993
1.5483 1.9966 1.5269 1.4599 0.93988 1.944
2538 16
3 8 3 2 8 5
6.0083 9.0063 8.9057 10.991 11.986 11.971
1.4741 1.0062 1.5199 1.464 1.5708 2.0658
2539 16
3 8 3 2 8 5
6.0274 9.0315 9.0387 11.008 11.936 12
1.537 0.98815 1.5468 1.515 1.5208 2.0011
2540 16
3 8 3 2 8 5
5.9307 8.9232 8.8417 10.982 12.013 11.938
1.5091 1.0264 1.5808 1.5364 1.5057 1.9655
2541 16
3 8 3 2 8 5
5.9651 9.0416 8.9345 11.059 11.937 12.03
1.4912 0.93928 1.4995 1.483 1.4745 2.0652
2542 16
4 8 1 2 3 8
4.1025 5.0087 5.9816 8.0875 8.9866 12.03
2.4405 1.9794 1.988 1.5297 1.4313 1.5316
2543 16
4 8 1 2 3 8
3.9733 5.0031 5.9962 8.0385 9.0099 12
2.4867 1.9106 2.0162 1.5819 1.6031 1.5635
2544 16
4 8 1 2 3 8
3.975 4.9991 5.9684 8.0006 8.9663 11.948
2.4403 2.0049 1.9777 1.5156 1.5566 1.5437
2545 16
4 8 1 2 3 8
4.0469 4.9763 5.8734 7.9426 9.0385 11.998
2.4746 2.0126 1.9962 1.5622 1.4643 1.5399
2546 16
5 4 3 8 3 5
3.0785 3.9287 5.9911 9.0332 9.0812 12.044
1.5196 2.4725 1.5907 0.96402 1.4514 1.9329
2547 16
5 4 3 8 3 5
2.9754 3.9805 6.0068 8.9972 8.9951 11.978
1.55 2.4878 1.4929 0.96907 1.3948 1.9182
2548 16
5 4 3 8 3 5
3.0081 4.11 6.0595 9.0251 8.9352 11.958
1.4663 2.5114 1.5509 1.0219 1.5629 2.0737
2549 16
5 4 3 8 3 5
3.0379 3.962 5.9887 8.9197 8.9392 11.995
1.5292 2.3966 1.3571 0.96262 1.5196 2.0185
2550 16
7 5 2 6 8 8
1.9365 2.953 3.9668 7.5582 9.0871 11.979
1.9988 1.5263 2.0834 1.4659 0.90009 1.4203
2551 16
7 5 2 6 8 8
2.0285 2.9521 4.007 7.5696 9.047 12.001
1.9378 1.579 1.9832 1.5926 1.0646 1.474
2552 16
7 5 2 6 8 8
1.9913 2.9524 3.9396 7.4887 9.0276 12.077
2.0208 1.4764 2.1022 1.5145 1.0767 1.5406
2553 16
7 5 2 6 8 8
2.0008 3.0183 4.0763 7.4675 8.9339 12.079
1.9851 1.4763 1.9424 1.5322 1.012 1.4403
2554 16
3 4 8 7 5 2
2.0039 4.0082 4.9332 5.9297 8.1026 10.987
1.4802 2.4625 2.0316 1.4838 1.9501 1.5773
2555 16
3 4 8 7 5 2
1.9402 3.9102 5.0753 6.0008 8.0108 10.987
1.4989 2.4344 1.9661 1.4859 1.9499 1.4827
2556 16
3 4 8 7 5 2
1.9631 4.126 5.0209 6.0015 7.9472 11.019
1.5128 2.5345 2.012 1.4468 2.0444 1.5686
2557 16
3 7 5 8 7 8 2 5
2.041 2.0048 3.0328 4.9723 5.9429 9.0037 11.007 11.967
1.6249 1.9933 1.5309 1.9937 1.4647 1.0237 1.4585 1.9709
2558 16
3 7 5 8 7 8 2 5
1.9447 2.0527 2.9619 4.989 5.9776 9.0571 11.038 12.058
1.5604 1.9527 1.4915 1.9623 1.4256 0.96226 1.3769 1.9544
2559 16
3 7 5 8 7 8 2 5
2.0446 1.9626 2.9753 5.0099 6.0317 9.0266 11.013 11.935
1.5539 2.0316 1.5141 2.0523 1.4047 1.0931 1.5191 1.9617
2560 16
7 2 3 6 5 8 2 8
2.0128 3.9551 5.9499 7.4119 8.1136 9.0112 11.017 11.931
2.0322 2.0117 1.4854 1.5532 1.9682 0.88293 1.6061 1.4415
2561 16
7 2 3 6 5 8 2 8
1.9427 3.8987 5.9962 7.5211 7.9784 9.0182 10.982 11.929
2.0093 2.0198 1.4687 1.545 1.9765 1.0457 1.5551 1.4383
2562 16
7 2 3 6 5 8 2 8
1.9273 3.979 5.9225 7.5698 7.9399 9.0564 11.039 11.973
2.033 2.025 1.5367 1.5532 1.9798 1.0232 1.5332 1.5017
