41
9919 16
2 8 6 1 5 7 8
1.889 3.657 6.3968 6.9001 7.9663 8.1579 13.377
2.8541 1.9408 2.9338 2.0193 2.8214 1.8602 2.5488
9920 16
6 5 3 8
4.2054 7.6844 11.312 12.067
2.275 1.4508 2.0412 1.9332
9921 16
3 7 8 6 1 6 1 4
1.5447 1.5703 5.0551 5.3395 7.8476 8.1985 12.383 14.003
2.3335 2.8702 1.6724 1.8982 1.5716 1.628 1.5493 1.6118
9922 16
1 2 4 5 2 1 2
5.1413 6.9029 7.0939 7.3934 8.5022 12.177 14.266
1.0681 1.108 2.0046 2.2861 2.3745 1.6799 1.1983
9923 16
8 3 1 7 4 8 7
4.0775 4.7932 8.2826 9.6148 11.465 12.411 14.575
1.8057 1.7545 2.6752 2.2102 2.7261 1.7504 1.166
9924 16
1 4 3 7
1.9529 4.0119 5.9866 6.0635
1.53 2.571 1.5552 1.4837
9925 16
1 4 3 7
2.0418 3.9701 5.9562 6.0075
1.3552 2.5163 1.4901 1.4977
9926 16
1 4 3 7
2.0336 3.9438 5.9351 6.0132
1.4769 2.5094 1.4752 1.4039
9927 16
1 4 3 7
1.9501 3.9578 6.0036 5.9381
1.4755 2.4922 1.4817 1.4855
9928 16
2 6 2 8
4.1619 7.4955 8.0472 8.9925
2.046 1.5193 1.5737 0.98564
9929 16
2 6 2 8
4.0231 7.5922 7.9821 9.0739
1.9617 1.5111 1.4981 0.98946
9930 16
2 6 2 8
4.0528 7.4931 7.9979 9.1031
1.9859 1.5095 1.4723 1.0291
9931 16
2 6 2 8
4.0434 7.5395 7.9976 9.0262
2.0147 1.58 1.4764 1.0882
9932 16
3 8 3 2 8 5
1.9258 4.9759 5.9877 7.939 9.0297 11.955
1.4822 2.0388 1.4757 1.3897 0.91941 1.9782
9933 16
3 8 3 2 8 5
1.994 4.9989 6.0412 8.033 9.0216 12.008
1.5029 2.079 1.4158 1.4666 1.0071 2.0368
9934 16
3 8 3 2 8 5
2.0107 5.0814 6.0174 7.951 9.0159 12.053
1.5564 1.9797 1.4556 1.5 1.0038 1.973
9935 16
3 8 3 2 8 5
2.0163 4.9555 6.0424 7.944 9.0228 12.027
1.547 1.9946 1.6055 1.5252 0.96781 1.9786
9936 16
3 8 3 2 8 5
6.0113 9.0051 9.0289 10.965 12.1 12.003
1.4593 1.0074 1.5659 1.4899 1.5407 1.9959
9937 16
3 8 3 2 8 5
5.9732 9.084 9.0624 10.983 12.005 11.987
1.4506 0.96745 1.5868 1.5321 1.4684 2.0608
9938 16
3 8 3 2 8 5
6.1219 9.0109 9.0043 10.981 12.039 12.025
1.5839 0.9991 1.4245 1.5425 1.3879 2.0802
9939 16
3 8 3 2 8 5
5.9825 8.9736 8.9903 11.041 11.993 11.999
1.4908 0.91807 1.5198 1.4518 1.3971 2.016
9940 16
4 8 1 2 3 8
3.9776 4.859 6.0258 7.9734 9.0819 11.977
2.5178 2.0756 2.0662 1.438 1.55 1.4859
9941 16
4 8 1 2 3 8
4.0715 4.9281 6.0338 7.98 9.0695 11.988
2.549 2.165 1.9614 1.4929 1.4857 1.4066
9942 16
4 8 1 2 3 8
3.9479 4.9928 5.9944 8.0239 9.0375 12.024
2.5702 2.039 2.022 1.446 1.4655 1.4588
9943 16
4 8 1 2 3 8
3.9828 5.0206 5.9317 7.9311 9.0367 12
2.425 1.972 1.9469 1.4981 1.4913 1.5376
9944 16
5 4 3 8 3 5
3.1072 4.0546 6.0235 8.9833 8.9993 11.999
1.5059 2.4464 1.5712 0.96925 1.4997 2.093
9945 16
5 4 3 8 3 5
2.975 4.0617 6.0152 9.0109 8.9842 11.971
1.5413 2.5679 1.4516 1.047 1.5752 2.0325
9946 16
5 4 3 8 3 5
3.0132 4.1081 6.0481 9.0452 9.0972 11.91
1.4951 2.5753 1.4823 1.0531 1.453 2.0062
9947 16
5 4 3 8 3 5
3.0121 3.9739 6.0708 8.9131 8.8772 11.978
1.4923 2.5643 1.5926 1.0567 1.5584 1.9777
9948 16
7 5 2 6 8 8
2.0764 3.0516 3.9861 7.5287 8.9748 12.002
1.962 1.5158 1.8867 1.3851 0.94769 1.4586
9949 16
7 5 2 6 8 8
2.0226 2.9913 4.0227 7.4349 9.039 12.01
2.0178 1.5052 1.9843 1.4464 1.0124 1.5151
9950 16
7 5 2 6 8 8
1.9975 3.0483 3.9642 7.4421 9.0408 12.017
2.0263 1.6002 1.943 1.4729 0.99444 1.5084
9951 16
3 4 8 7 5 2
1.9872 4.0213 4.9253 6.1373 7.9736 11.032
1.5457 2.4112 1.93 1.5365 1.9437 1.5332
9952 16
3 4 8 7 5 2
2.1084 3.9955 5.0363 5.9129 7.9106 11.062
1.4941 2.5033 1.9698 1.5377 1.9232 1.4563
9953 16
3 4 8 7 5 2
2.047 4.0632 5.0105 5.9962 8.0417 10.944
1.491 2.4686 2.0393 1.4923 1.9778 1.455
9954 16
3 7 5 8 7 8 2 5
1.9951 2.009 2.9735 5.0407 5.9947 8.9941 10.959 11.949
1.5042 2.0719 1.4195 2.0146 1.4824 1.0432 1.578 2.015
9955 16
3 7 5 8 7 8 2 5
2.0276 2.0865 2.9957 4.9507 5.9611 9.022 10.941 11.958
1.5934 2.0587 1.4963 2.034 1.5135 1.0345 1.4841 1.9494
9956 16
3 7 5 8 7 8 2 5
1.9036 1.946 2.9499 5.0063 6.0186 9.0349 10.953 12.056
1.4758 2.0516 1.4609 2.0702 1.4842 1.039 1.5202 1.9608
9957 16
7 2 3 6 5 8 2 8
2.0612 4.0449 5.9904 7.4929 7.9324 8.9745 10.952 12.059
1.9046 1.9624 1.4558 1.5016 2.0262 1.0326 1.5002 1.4719
9958 16
7 2 3 6 5 8 2 8
1.9269 3.9815 6.0276 7.4542 8.008 9.097 10.978 11.991
1.9773 1.9581 1.5281 1.4851 1.9567 1.0189 1.5561 1.5027
9959 16
7 2 3 6 5 8 2 8
2.0411 3.9738 6.0433 7.407 7.9841 8.9768 10.999 12.027
2.1077 1.9557 1.5282 1.5568 2.0455 1.0453 1.5146 1.4694
