42
6427 16
8 3 3 1 8 6 5 2
0.71864 1.082 5.2472 9.5529 10.195 11.182 11.439 11.751
1.9303 1.302 2.8978 2.7902 1.6147 1.5672 1.9999 2.0717
6428 16
5 5 5 3
1.3059 3.8167 12.605 14.365
1.2449 1.9512 2.5883 1.1616
6429 16
4 5 2 6
1.9605 7.5277 8.6332 9.4658
1.4406 2.5304 1.8409 2.9215
6430 16
4 7 1 7
1.2528 1.4775 7.2625 10.054
2.9534 1.6584 2.8167 2.9767
6431 16
4 8 2 8 8 4
0.66567 2.2055 4.9527 7.2553 9.7663 13.443
1.5402 2.9765 1.1205 1.0459 2.7705 2.3969
6432 16
1 4 3 7
2.0386 4.1061 5.979 5.9452
1.5706 2.4607 1.5644 1.4983
6433 16
1 4 3 7
2.0294 4.0709 6.072 6.013
1.4554 2.5222 1.5832 1.4848
6434 16
1 4 3 7
2.1031 3.9506 5.943 6.0031
1.4862 2.5052 1.4616 1.5192
6435 16
1 4 3 7
2.0024 3.9556 5.9007 6.0203
1.5155 2.5688 1.4328 1.496
6436 16
2 6 2 8
3.9814 7.4558 8.0568 8.9862
1.959 1.4884 1.5085 1.0988
6437 16
2 6 2 8
4.0092 7.5646 7.9178 9.0607
2.0175 1.502 1.5083 1.0325
6438 16
2 6 2 8
3.9928 7.5417 7.988 8.9737
1.9428 1.6064 1.4508 0.98295
6439 16
2 6 2 8
3.9496 7.5676 7.8917 9.0681
1.9862 1.5859 1.5161 0.94468
6440 16
3 8 3 2 8 5
2.0194 4.9705 6.0218 7.9523 9.0331 11.993
1.5472 2.0101 1.5328 1.4554 0.95733 1.9666
6441 16
3 8 3 2 8 5
1.9741 5.0229 5.9831 7.9973 9.101 11.993
1.5034 2.0104 1.5622 1.5033 1.0218 2.0256
6442 16
3 8 3 2 8 5
1.9279 5.0135 5.9512 8.0245 9.016 11.916
1.5005 2.0497 1.4606 1.6195 0.92925 2.015
6443 16
3 8 3 2 8 5
2.0035 4.9552 5.9698 7.9623 9.0764 12.081
1.4615 2.0172 1.439 1.5704 1.0068 2.0323
6444 16
3 8 3 2 8 5
6.0637 9.0152 9.0083 11.006 11.941 11.995
1.6036 1.0241 1.4834 1.5393 1.4094 1.9653
6445 16
3 8 3 2 8 5
6.0261 8.9584 8.9509 11.001 11.942 11.966
1.4823 0.93034 1.4822 1.4234 1.4916 1.9093
6446 16
3 8 3 2 8 5
5.9686 9.004 8.9513 11.026 11.943 11.986
1.4963 1.0765 1.6154 1.6377 1.5185 1.9873
6447 16
3 8 3 2 8 5
5.9843 9.1163 9.0042 10.997 12.132 12.049
1.4925 0.94534 1.5334 1.4342 1.4487 2.0332
6448 16
4 8 1 2 3 8
4.057 5.0309 6.0008 7.9828 9.0877 11.976
2.4465 2.0515 1.9763 1.4902 1.4235 1.5117
6449 16
4 8 1 2 3 8
3.9949 4.9549 6.0651 8.0656 9.1526 11.968
2.5749 1.9255 1.8937 1.5385 1.4837 1.4726
6450 16
4 8 1 2 3 8
3.9752 5.0728 6.0061 7.9974 9.0302 12.02
2.5115 2.0987 2.0141 1.4572 1.5711 1.4835
6451 16
4 8 1 2 3 8
4.014 4.9398 5.9411 8.0415 8.9966 11.974
2.5278 2.0135 2.0094 1.5143 1.5589 1.4936
6452 16
5 4 3 8 3 5
2.9861 3.941 5.9838 9.0825 8.9785 11.991
1.4966 2.4988 1.5878 0.93106 1.475 2.0813
6453 16
5 4 3 8 3 5
2.9145 4.0352 5.9859 9.0161 9.1324 11.938
1.5337 2.5516 1.4824 1.0198 1.5635 1.9795
6454 16
5 4 3 8 3 5
3.068 4.0412 5.8933 9.0157 9.0401 11.975
1.5651 2.526 1.4654 0.87733 1.5116 2.0052
6455 16
5 4 3 8 3 5
2.9942 3.9183 6.0637 8.9675 8.9213 11.965
1.4397 2.5235 1.4959 0.98759 1.4869 2.0433
6456 16
7 5 2 6 8 8
2.0422 2.9827 3.9824 7.4903 9.1236 12.005
1.9322 1.5043 2.0111 1.4728 0.94092 1.4981
6457 16
7 5 2 6 8 8
1.971 3.0109 3.9504 7.4781 8.982 11.991
1.9645 1.4082 1.9704 1.4641 0.99074 1.4661
6458 16
7 5 2 6 8 8
2.0557 2.9088 4.0786 7.5116 9.0216 11.924
1.9888 1.5228 1.9681 1.5131 1.0704 1.5061
6459 16
7 5 2 6 8 8
1.9623 2.9549 4.0071 7.5858 9.0493 12.009
2.0211 1.5167 1.9542 1.5729 0.99401 1.5333
6460 16
3 4 8 7 5 2
2.0393 3.9746 5.023 5.9192 7.9518 10.99
1.5326 2.4897 2.0022 1.4726 1.9503 1.5077
6461 16
3 4 8 7 5 2
1.9458 4.0277 4.9291 5.9737 7.9612 10.965
1.5607 2.4545 2.0188 1.5914 1.9039 1.4799
6462 16
3 4 8 7 5 2
1.8781 3.9577 5.0098 6.0553 7.9971 10.933
1.5387 2.5043 2.1239 1.5759 2.0525 1.5238
6463 16
3 7 5 8 7 8 2 5
2.0373 2.0137 2.9473 5.0152 6.0423 9.0059 10.967 11.976
1.5048 1.9887 1.5365 2.0897 1.5242 0.95761 1.623 1.9924
6464 16
3 7 5 8 7 8 2 5
1.9742 1.9731 3.0032 4.9097 6.0214 8.955 11.054 12.001
1.5624 2.0675 1.5084 2.0367 1.4743 0.95859 1.5711 1.9986
6465 16
3 7 5 8 7 8 2 5
1.9836 1.9495 3.0058 5.0334 6.0519 8.9949 10.957 12.065
1.4631 2.1538 1.5152 1.9728 1.4572 0.96739 1.5545 1.9744
6466 16
7 2 3 6 5 8 2 8
1.9277 4.0545 5.9173 7.4925 7.9404 9.0401 11.03 12.015
1.9709 2.0453 1.5344 1.5714 2.0311 0.9755 1.4699 1.5033
6467 16
7 2 3 6 5 8 2 8
2.0047 3.9839 5.947 7.4312 7.9589 9.02 10.964 12.127
1.9609 1.9667 1.5622 1.5343 1.9543 0.98699 1.426 1.5306
6468 16
7 2 3 6 5 8 2 8
2.0012 3.9662 5.9753 7.5286 7.9287 9.0324 10.993 11.984
2.0409 2.0562 1.493 1.5074 1.9729 0.97882 1.437 1.5
