42
3613 16
7 4 7 1 2
4.8597 6.2424 9.415 11.39 13.06
2.693 2.6513 1.5583 2.8684 1.1688
3614 16
1 6 7 2 3 1 5 2
1.8821 2.1252 2.7981 2.9771 3.8747 6.6425 10.687 11.725
1.5416 2.2454 2.4701 2.0344 1.6487 1.5835 2.4281 2.6824
3615 16
1 4 1 2 5
1.5221 2.0339 5.7508 6.3117 8.0325
2.3418 2.4088 1.387 1.8931 1.2022
3616 16
6 4 3 5 7 5 3 1
0.60443 2.3257 2.5467 8.5365 9.5124 12.656 12.821 13.589
2.536 1.5071 2.4905 2.2732 2.7926 1.5439 1.9878 2.1194
3617 16
7 5 1 2 8 6 1
2.7624 3.4346 3.7096 3.9174 5.2297 9.4192 12.661
2.8668 2.1695 1.92 2.9499 2.9329 1.2551 1.8045
3618 16
1 4 3 7
2.054 4.0013 5.9194 5.9664
1.4279 2.4188 1.4241 1.5278
3619 16
1 4 3 7
1.872 3.9662 6.0601 5.9711
1.4668 2.4868 1.4564 1.5172
3620 16
1 4 3 7
2.0353 3.9899 5.9413 5.9704
1.5722 2.4923 1.4957 1.4451
3621 16
1 4 3 7
2.0178 3.9557 5.9169 5.9997
1.4866 2.5502 1.5064 1.5044
3622 16
2 6 2 8
3.9887 7.5117 7.9984 9.0665
2.0323 1.5374 1.5509 0.99227
3623 16
2 6 2 8
3.9706 7.5657 8.0837 9.0038
1.9994 1.5251 1.5237 0.98425
3624 16
2 6 2 8
4.0407 7.5206 7.9399 9.0036
1.9865 1.4469 1.4019 1.0506
3625 16
2 6 2 8
3.9406 7.5248 7.9431 9.0021
2.0467 1.4825 1.4609 0.9617
3626 16
3 8 3 2 8 5
2.1538 4.9826 6.0003 8.0685 9.0169 12.016
1.482 2.0124 1.4576 1.4499 0.9967 1.9998
3627 16
3 8 3 2 8 5
2.0239 5.008 6.0719 8.0185 8.9022 11.929
1.4868 1.9712 1.6107 1.3841 1.0129 2.0483
3628 16
3 8 3 2 8 5
2.0386 5.0265 5.9936 7.966 9.0033 12.027
1.4992 1.8811 1.4878 1.5274 0.99851 2.0437
3629 16
3 8 3 2 8 5
1.9899 5.0203 6.0092 8.0386 8.9595 11.987
1.4683 1.9921 1.531 1.4836 1.0356 2.0241
3630 16
3 8 3 2 8 5
6.0268 8.9654 8.9284 10.987 12.019 12.026
1.5141 0.90622 1.4633 1.4381 1.5187 2.0703
3631 16
3 8 3 2 8 5
5.9582 9.0015 8.9541 10.998 11.916 12.041
1.4822 0.9178 1.5526 1.5474 1.4927 2.0068
3632 16
3 8 3 2 8 5
5.9668 9.0074 9.1186 10.936 11.959 12.035
1.533 1.0114 1.4638 1.5856 1.4894 2.0246
3633 16
3 8 3 2 8 5
5.987 8.9172 8.9941 10.999 11.937 11.947
1.4471 0.94045 1.3397 1.5332 1.5228 2.0149
3634 16
4 8 1 2 3 8
3.9341 4.9931 6.006 7.9407 9.0209 11.983
2.4424 1.9445 2.0223 1.4928 1.4708 1.5692
3635 16
4 8 1 2 3 8
3.9638 4.9928 5.9949 8.006 9.0474 12.055
2.6173 2.0307 1.98 1.4757 1.5421 1.5177
3636 16
4 8 1 2 3 8
3.9709 4.9909 6.003 7.941 9.016 12.026
2.5077 1.9912 1.9718 1.483 1.4898 1.4991
3637 16
4 8 1 2 3 8
3.9758 4.9985 6.001 8.0075 9.0006 12.028
2.5697 1.9461 1.8979 1.5629 1.444 1.4811
3638 16
5 4 3 8 3 5
3.0282 3.9278 6.0476 8.9567 8.9759 11.988
1.5327 2.5141 1.5295 0.987 1.5494 2.0255
3639 16
5 4 3 8 3 5
3.0108 3.946 6.0395 9.0349 8.9762 11.955
1.5113 2.4157 1.4583 1.1054 1.4813 2.0303
3640 16
5 4 3 8 3 5
2.9184 4.0048 6.007 9.0154 9.0021 12.028
1.4338 2.4749 1.5544 0.9353 1.4888 2.0214
3641 16
5 4 3 8 3 5
3.0181 4.0023 6.0019 8.9474 8.963 11.955
1.5054 2.4654 1.5592 1.0289 1.542 2.0848
3642 16
7 5 2 6 8 8
1.9625 2.9999 3.9953 7.5682 8.9515 12.062
1.9527 1.6003 1.9156 1.5035 1.0724 1.505
3643 16
7 5 2 6 8 8
1.9333 2.9822 3.9166 7.517 9.0303 11.962
1.9967 1.5335 1.9811 1.54 1.0461 1.5859
3644 16
7 5 2 6 8 8
2.0108 3.155 4.05 7.5558 8.9783 12.025
1.9399 1.5019 1.9526 1.5148 1.0372 1.5352
3645 16
7 5 2 6 8 8
2.0044 3.0505 3.961 7.4695 9.0614 12.138
2.0074 1.5026 2.0066 1.5523 0.94884 1.4976
3646 16
3 4 8 7 5 2
2.0523 3.9352 5.0112 6.0298 8.048 10.997
1.5502 2.5533 1.9956 1.4977 2.0525 1.4854
3647 16
3 4 8 7 5 2
2.0938 4.0109 4.9361 5.9596 8.0261 10.941
1.5203 2.5001 2.0704 1.4988 2.0695 1.5576
3648 16
3 4 8 7 5 2
2.0802 3.9512 4.9974 5.9549 7.9726 11.044
1.6082 2.4877 1.9033 1.5544 1.9787 1.4751
3649 16
3 7 5 8 7 8 2 5
2.0261 2.0835 2.9909 5.0085 5.9526 9.0548 11.075 12.015
1.525 2.0485 1.4705 1.9585 1.5425 1.048 1.4756 2.0689
3650 16
3 7 5 8 7 8 2 5
1.99 1.9759 3.0651 4.894 6.0482 8.9803 10.957 12.12
1.4708 2.0001 1.4848 2.0339 1.5089 0.99401 1.4712 1.9818
3651 16
3 7 5 8 7 8 2 5
1.9273 2.0623 2.9821 5.0322 5.9855 8.9276 11.026 11.97
1.5146 2.0281 1.4068 1.9156 1.4266 1.002 1.5486 2.0341
3652 16
7 2 3 6 5 8 2 8
2.0049 4.0201 5.9608 7.457 7.9865 8.9569 11.073 12.037
1.9844 2.0201 1.4627 1.6183 2.0422 0.99585 1.451 1.5115
3653 16
7 2 3 6 5 8 2 8
1.9679 3.9104 6.0552 7.4853 8.0061 8.9933 11 11.982
2.0645 2.0812 1.4295 1.5239 1.9611 1.0374 1.5017 1.5178
3654 16
7 2 3 6 5 8 2 8
1.9665 3.9472 5.9617 7.4859 7.9718 8.8815 10.915 11.988
1.9532 2.0376 1.4969 1.5471 2.0366 0.9445 1.4889 1.5131
