42
1807 16
6 7 2 5 6 3 4
7.0606 8.3192 9.4313 9.8219 10.952 11.707 12.169
2.9858 2.7901 2.8446 1.1383 1.2887 1.1606 1.578
1808 16
1 5 2 6 4 5
3.1375 9.9627 10.265 10.336 11.292 13.196
2.083 2.9555 1.3188 2.6129 1.5116 1.3751
1809 16
1 6 2 8 4 6 5
2.7974 5.4406 6.1203 8.149 10.842 11.64 12.138
1.3327 1.7925 1.716 1.3145 1.7001 1.1239 2.308
1810 16
1 3 7 3 6 2 8 6
0.15839 1.341 4.4026 9.4178 10.483 11.353 11.816 12.428
1.4844 2.1732 2.4059 1.7998 1.7479 2.1469 1.3067 2.418
1811 16
8 7 2 3 2 4
2.287 3.5315 3.7739 6.6744 11.276 13.072
2.4727 2.3985 2.1592 2.6921 2.1069 2.1438
1812 16
1 4 3 7
2.0041 4.0397 5.9949 5.9839
1.4909 2.5316 1.5646 1.4667
1813 16
1 4 3 7
1.9266 3.9348 5.9829 5.935
1.471 2.4642 1.5535 1.5384
1814 16
1 4 3 7
1.9745 3.9359 5.9344 5.9117
1.4728 2.3811 1.4431 1.5089
1815 16
1 4 3 7
2.0521 4.0939 5.9858 5.976
1.5166 2.491 1.4754 1.4939
1816 16
2 6 2 8
3.9373 7.502 8.0839 8.8744
2.0259 1.4894 1.4599 0.98632
1817 16
2 6 2 8
4.0562 7.5683 8.0267 9.0639
2.0366 1.5379 1.478 1.0514
1818 16
2 6 2 8
4.0742 7.5575 7.9141 9.057
1.958 1.41 1.553 0.91268
1819 16
2 6 2 8
4.0209 7.4396 8.0045 8.996
1.9393 1.5388 1.4508 0.99153
1820 16
3 8 3 2 8 5
1.9198 5.0032 6.0202 8.0162 9.0777 12.021
1.4722 1.9657 1.4735 1.4533 0.93755 2.0394
1821 16
3 8 3 2 8 5
1.9928 5.0578 5.9551 7.9898 9.0901 12.056
1.4348 1.9851 1.4889 1.4718 0.97811 2.0246
1822 16
3 8 3 2 8 5
2.0314 4.9306 6.0957 7.983 8.9576 12.042
1.4433 1.9594 1.539 1.4155 0.99191 2.0324
1823 16
3 8 3 2 8 5
2.0873 4.9811 6.0497 7.9586 8.992 11.972
1.4389 1.9118 1.3669 1.5424 1.0007 1.9679
1824 16
3 8 3 2 8 5
6.0112 9.0362 9.0599 10.932 11.958 11.997
1.3941 0.98259 1.4973 1.5053 1.5197 1.9496
1825 16
3 8 3 2 8 5
6.0054 9.0284 9.1095 10.994 12.075 12.004
1.5624 1.0047 1.4198 1.5679 1.4433 2.0808
1826 16
3 8 3 2 8 5
6.0062 8.9685 9.0295 10.963 11.99 12.003
1.4961 1.1152 1.4432 1.4088 1.6725 2.0099
1827 16
3 8 3 2 8 5
5.9748 8.9925 8.9895 11.019 11.993 11.926
1.4934 0.97218 1.436 1.5255 1.4036 2.0417
1828 16
4 8 1 2 3 8
3.9957 4.908 6.0614 8.0362 8.9833 11.968
2.4635 1.9655 2.0206 1.5295 1.4432 1.5017
1829 16
4 8 1 2 3 8
4.0187 4.995 5.9672 8.1239 9.0569 12.113
2.5684 1.9625 2.0024 1.5066 1.6225 1.5905
1830 16
4 8 1 2 3 8
3.9868 5.0156 5.9844 8.0766 8.9991 12.08
2.5374 1.9547 1.9333 1.499 1.4953 1.3832
1831 16
4 8 1 2 3 8
4.0313 4.9634 6.0797 7.9298 9.0261 11.997
2.5188 2.0016 2.0507 1.4187 1.6194 1.5135
1832 16
5 4 3 8 3 5
3.0487 4.0247 5.98 9.0316 9.0869 12
1.5868 2.4616 1.5847 0.85103 1.4259 1.9169
1833 16
5 4 3 8 3 5
3.0487 3.9905 5.9846 8.8959 9.0069 11.988
1.5254 2.5519 1.53 1.0102 1.4888 1.9658
1834 16
5 4 3 8 3 5
3.0438 3.9781 5.9618 8.9955 8.993 11.955
1.5261 2.4605 1.4876 1.0191 1.4954 1.9656
1835 16
5 4 3 8 3 5
2.9747 4.114 6.0743 9.0565 9.0352 11.998
1.5205 2.4711 1.518 0.94978 1.4342 1.9828
1836 16
7 5 2 6 8 8
2.018 2.9972 4.0929 7.5146 8.9479 11.948
2.0516 1.5102 2.0165 1.5348 1.0436 1.478
1837 16
7 5 2 6 8 8
1.8739 2.8966 4.0594 7.4637 8.9211 11.988
2.0435 1.5653 2.0223 1.4887 1.0028 1.5254
1838 16
7 5 2 6 8 8
1.9692 2.9697 4.0645 7.5296 8.9941 12.024
2.0234 1.5199 2.0298 1.4318 0.97049 1.4314
1839 16
7 5 2 6 8 8
1.967 3.0138 3.9979 7.5592 9.0495 12.1
1.9838 1.5279 1.9307 1.389 0.96988 1.5647
1840 16
3 4 8 7 5 2
2.0107 4.0351 4.9543 6.0912 8.0207 10.976
1.4577 2.5241 2.0104 1.5201 1.9454 1.4561
1841 16
3 4 8 7 5 2
1.8952 4.0572 5.0406 6.0564 7.9923 10.951
1.5385 2.5736 1.9821 1.4915 2.0819 1.4804
1842 16
3 4 8 7 5 2
2.0195 3.9153 4.999 6.0571 7.9936 10.944
1.5636 2.4516 1.9474 1.4635 2.0348 1.5558
1843 16
3 7 5 8 7 8 2 5
2.0029 1.9537 3.0095 5.0187 6.0215 8.994 10.998 11.962
1.4958 1.9652 1.455 2.003 1.4761 0.98767 1.5264 2.0539
1844 16
3 7 5 8 7 8 2 5
1.887 2.0292 3.0416 5.0683 6.0585 8.83 10.912 11.996
1.4082 1.9359 1.5471 1.9245 1.5671 0.99879 1.4955 1.958
1845 16
3 7 5 8 7 8 2 5
1.894 1.9322 3.0162 5.0296 6.0235 8.9363 10.95 12.03
1.4649 2.0692 1.434 1.9837 1.56 0.96787 1.5851 1.8501
1846 16
7 2 3 6 5 8 2 8
2.0656 4.0339 5.9689 7.4313 7.9703 9.1087 11.021 11.962
2.0003 2.0695 1.5226 1.5265 2.0664 0.98544 1.5666 1.5683
1847 16
7 2 3 6 5 8 2 8
1.9785 4.0137 5.9603 7.4301 7.9985 8.984 10.961 12.116
1.9511 1.9962 1.4443 1.572 1.9764 0.96697 1.4813 1.4592
1848 16
7 2 3 6 5 8 2 8
1.9774 3.9747 6.0419 7.4898 8.023 8.988 10.872 12.03
1.8627 1.9806 1.5386 1.4661 1.9626 0.99348 1.5365 1.5214
