42
6385 16
4 8 1 7 4
1.5537 3.192 6.7141 10.849 14.148
1.9192 1.307 1.6791 2.2437 1.3742
6386 16
6 7 4 6 7 3 7
0.46488 6.8384 8.9533 9.1667 10.197 10.408 13.478
2.1783 1.3845 1.9095 1.4741 2.442 1.9911 1.7847
6387 16
1 6 4 2 4 4 7
3.4388 3.7528 4.2994 5.9581 7.6689 11.272 12.513
1.3958 2.0918 1.0817 1.1575 2.8215 1.3571 1.5895
6388 16
3 4 8 3
1.9093 2.9512 4.437 12.789
1.7215 2.2443 2.3963 1.4003
6389 16
8 3 4 8 5 1 7
1.1782 1.5755 6.6413 8.5622 8.5894 13.187 14.155
2.7442 2.1383 1.5619 2.1756 2.3957 2.8061 1.8026
6390 16
1 4 3 7
2.0063 4.0385 6.0162 5.9736
1.5683 2.4984 1.4965 1.5102
6391 16
1 4 3 7
2.1147 3.9544 6.0516 6.005
1.4854 2.4553 1.4633 1.4317
6392 16
1 4 3 7
1.9108 3.9547 6.0092 5.9801
1.5441 2.4832 1.6039 1.4043
6393 16
1 4 3 7
1.9901 4.0336 6.018 5.9231
1.4534 2.5278 1.4806 1.4751
6394 16
2 6 2 8
3.959 7.4896 7.9484 9.0429
1.9723 1.542 1.524 1.0282
6395 16
2 6 2 8
4.0021 7.57 8.0342 8.9287
1.916 1.5035 1.5269 0.98167
6396 16
2 6 2 8
3.9924 7.4264 7.906 9.0214
1.9469 1.3666 1.4311 1.0475
6397 16
2 6 2 8
4.0067 7.5118 7.9832 8.9632
1.9435 1.4705 1.5304 1.0064
6398 16
3 8 3 2 8 5
2.0367 5.0838 6.0641 8.0426 8.9707 11.984
1.5068 2.0247 1.5756 1.5137 1.0401 2.0361
6399 16
3 8 3 2 8 5
1.992 5.0249 6.0081 7.9486 8.9074 12.017
1.5301 1.9297 1.4115 1.5483 0.91368 1.9757
6400 16
3 8 3 2 8 5
1.9207 4.9588 6.0344 8.016 9.0617 12.096
1.4975 1.9957 1.5257 1.4967 0.98801 1.9606
6401 16
3 8 3 2 8 5
1.9089 5.0042 6.0515 8.0169 8.9732 12.001
1.48 1.9605 1.4643 1.4455 0.92122 2.1131
6402 16
3 8 3 2 8 5
5.9832 8.9533 8.9831 11.033 11.932 12.033
1.5122 0.99382 1.5245 1.4761 1.4961 2.0643
6403 16
3 8 3 2 8 5
5.9031 9.0257 9.0297 10.968 12.019 11.912
1.4157 1.0571 1.5479 1.4649 1.4102 2.0074
6404 16
3 8 3 2 8 5
5.9401 8.9281 9.1338 10.97 11.956 12.047
1.5026 1.0825 1.5695 1.6031 1.5828 2.0148
6405 16
3 8 3 2 8 5
5.9822 8.9994 9.0289 11.021 12.001 11.974
1.4678 0.99975 1.4613 1.5326 1.5044 2.0291
6406 16
4 8 1 2 3 8
4.06 5.0637 5.986 8.0459 9.0286 12.039
2.4687 1.9679 1.9729 1.5606 1.4853 1.5387
6407 16
4 8 1 2 3 8
3.9302 4.9887 6.0228 8.01 9.0654 12.009
2.3724 1.9695 2.0748 1.4743 1.6129 1.486
6408 16
4 8 1 2 3 8
4.0147 5.1083 6.0139 8.0263 9.0019 11.989
2.4716 2.0797 2.0406 1.5182 1.4149 1.4928
6409 16
4 8 1 2 3 8
3.9833 5.025 5.9295 7.973 8.95 12.039
2.513 1.9597 2.0196 1.4325 1.5663 1.5728
6410 16
5 4 3 8 3 5
3.0497 3.9783 5.911 8.9743 9.0104 11.984
1.5429 2.5168 1.5488 0.96928 1.5358 2.1107
6411 16
5 4 3 8 3 5
3.136 4.0661 6.0795 9.0086 8.961 12.098
1.4949 2.4603 1.4808 1.0252 1.4142 1.9906
6412 16
5 4 3 8 3 5
2.8972 3.9895 6.0924 8.9635 9.0682 11.984
1.4715 2.4301 1.4297 1.102 1.5928 2.0585
6413 16
5 4 3 8 3 5
2.923 4.0772 6.0631 8.9628 8.9533 12.059
1.4853 2.4675 1.4745 1.0012 1.5362 1.9776
6414 16
7 5 2 6 8 8
1.9792 2.9725 3.9734 7.4592 9.037 12.041
2.0013 1.4921 2.0118 1.4633 0.94972 1.5054
6415 16
7 5 2 6 8 8
2.088 3.1119 3.986 7.5022 9.0193 12.027
2.0154 1.5236 1.9125 1.3491 1.0264 1.3775
6416 16
7 5 2 6 8 8
2.0072 3.0848 3.9818 7.5742 8.9787 12.042
2.0367 1.6191 1.953 1.5588 1.0137 1.5253
6417 16
7 5 2 6 8 8
1.8901 3.0603 3.9925 7.5755 8.9112 12.038
2.0325 1.3937 2.1074 1.5032 0.9726 1.5261
6418 16
3 4 8 7 5 2
2.1131 3.9814 5.0213 6.034 7.9619 11.081
1.5768 2.4493 1.9525 1.4025 1.9335 1.5231
6419 16
3 4 8 7 5 2
2.0201 3.9393 5.0271 6.0085 8.0454 10.986
1.4368 2.5378 1.9782 1.6218 1.9525 1.5066
6420 16
3 4 8 7 5 2
1.9544 4.0125 5.0175 6.0289 8.0224 10.946
1.5061 2.5216 2.01 1.5098 2.0411 1.425
6421 16
3 7 5 8 7 8 2 5
1.9419 1.9321 2.9439 4.9926 5.9648 9.0047 11.026 12.053
1.5046 2.0457 1.5424 2.0756 1.4961 1.0171 1.4518 1.9594
6422 16
3 7 5 8 7 8 2 5
1.9861 2.0349 2.9953 5.0181 5.9548 9.019 10.941 11.975
1.4237 1.9495 1.4436 2.0936 1.5398 0.97179 1.5312 1.9746
6423 16
3 7 5 8 7 8 2 5
1.9798 1.9901 3.0908 4.9921 5.9661 8.9269 10.975 12.059
1.4912 1.993 1.4483 2.0005 1.397 0.95433 1.4853 1.9723
6424 16
7 2 3 6 5 8 2 8
2.0401 3.9893 6.0337 7.5066 8.055 8.9734 11.005 12.012
1.8604 1.9764 1.4748 1.4954 1.9791 0.99716 1.478 1.5235
6425 16
7 2 3 6 5 8 2 8
2.0247 4.0455 6.0136 7.4333 7.9225 8.9295 10.983 12.072
2.0899 2.0367 1.4107 1.4732 1.9408 1.135 1.5536 1.5516
6426 16
7 2 3 6 5 8 2 8
2.0115 3.987 5.9367 7.5165 8.0096 9.0854 11.028 12.015
2.0335 2.0013 1.5608 1.5301 2.0081 0.98429 1.4965 1.4145
