41
9181 16
1 3 7 8 6 8 6 1
0.90179 1.8674 4.3041 4.344 7.7942 8.5104 10.434 10.477
1.0542 1.952 1.998 2.606 2.1024 1.2914 2.3019 2.6623
9182 16
7 4 6 8 6 3 7 1
1.4188 3.8633 7.4762 7.5136 11.5 12.675 12.717 13.185
1.6597 1.613 2.8377 2.255 2.162 1.9348 2.0098 2.0656
9183 16
1 3 1 5 1 8 5
0.71817 0.86746 7.6846 9.1644 9.5172 11.55 12.666
1.1453 2.0942 1.3821 1.2875 1.5739 2.8963 2.4858
9184 16
3 8 3 2 4 5 5
4.0194 4.7373 6.9148 7.643 9.0645 9.5076 12.499
1.7937 2.3198 2.9435 2.4162 2.1404 2.9387 2.5337
9185 16
3 5 7 3 1 8 7 2
2.6072 3.6998 4.8058 5.0355 5.2987 6.3173 11.525 13.854
1.818 2.0492 1.4346 2.5322 2.2563 1.8349 2.6228 1.3427
9186 16
1 4 3 7
1.9361 4.0177 6.0376 6.0208
1.4234 2.4514 1.5536 1.5083
9187 16
1 4 3 7
1.9688 3.9409 5.9968 5.9528
1.4188 2.4322 1.5264 1.5443
9188 16
1 4 3 7
1.8854 3.8887 6.0859 6.0535
1.4312 2.4295 1.5515 1.4146
9189 16
1 4 3 7
1.9509 4.0092 5.8929 6.0224
1.5459 2.5098 1.5347 1.5113
9190 16
2 6 2 8
4.0069 7.4293 8.0178 9.0236
1.9002 1.5263 1.4741 0.89534
9191 16
2 6 2 8
3.9401 7.4388 8.0804 9.0152
2.0361 1.4549 1.462 0.89306
9192 16
2 6 2 8
4.0182 7.4527 7.939 9.0176
1.9923 1.542 1.5147 1.0066
9193 16
2 6 2 8
3.9983 7.4898 7.9438 9.067
2.0493 1.4611 1.4737 0.95529
9194 16
3 8 3 2 8 5
1.9345 4.9134 5.8901 7.9595 8.9604 12.022
1.5928 1.9646 1.4601 1.4959 0.97113 1.9509
9195 16
3 8 3 2 8 5
2.0087 5.0241 5.9972 7.9617 8.9948 11.942
1.4485 2.0481 1.5087 1.4249 1.025 2.0279
9196 16
3 8 3 2 8 5
1.957 4.9427 6.0354 8.089 8.9911 11.984
1.5331 1.9729 1.5007 1.5606 1.0126 2.1309
9197 16
3 8 3 2 8 5
2.0099 4.9962 5.9323 8.0139 9.031 11.945
1.4839 2.0868 1.5107 1.4658 1.0174 1.9901
9198 16
3 8 3 2 8 5
6.045 8.9228 8.9831 11.078 11.922 11.96
1.4471 1.0151 1.4577 1.519 1.5502 1.9605
9199 16
3 8 3 2 8 5
6.0903 9.0061 9.12 10.985 11.942 11.986
1.4435 1.0717 1.4046 1.4538 1.4394 1.9703
9200 16
3 8 3 2 8 5
5.9908 8.9942 8.9418 11.048 11.989 11.985
1.4863 0.94839 1.472 1.5208 1.5149 1.9403
9201 16
3 8 3 2 8 5
6.0045 8.9979 9.0775 10.934 11.928 12.025
1.5058 1.0368 1.4543 1.4214 1.4461 1.9443
9202 16
4 8 1 2 3 8
4.0092 5.0685 5.9922 7.9996 8.9359 11.945
2.5429 1.9636 2.023 1.4856 1.5744 1.4725
9203 16
4 8 1 2 3 8
4.0586 5.0249 6.0449 7.9743 8.9744 11.904
2.54 2.0455 1.9605 1.5269 1.5112 1.5011
9204 16
4 8 1 2 3 8
4.0712 5.0252 5.9875 8.0045 8.9804 12.004
2.5462 2.0663 1.9993 1.428 1.5056 1.5024
9205 16
4 8 1 2 3 8
4.0247 5.0483 6.0557 7.997 8.9879 11.95
2.5005 1.9963 2.0115 1.5657 1.5572 1.4556
9206 16
5 4 3 8 3 5
2.9706 4.0298 5.9672 9.1351 8.9711 12.033
1.4601 2.5467 1.5391 1.0603 1.5773 2.0733
9207 16
5 4 3 8 3 5
3.0309 4.0667 5.9132 9.0515 9.0218 11.986
1.574 2.515 1.5731 0.96205 1.5102 2.0503
9208 16
5 4 3 8 3 5
2.9705 4.0022 5.9669 8.9585 9.0233 12.021
1.4452 2.5074 1.481 0.94333 1.5541 1.9807
9209 16
5 4 3 8 3 5
3.0525 3.983 5.9591 9.0116 8.9408 11.997
1.4433 2.4793 1.5309 1.0149 1.5271 1.9487
9210 16
7 5 2 6 8 8
2.0775 3.098 4.0485 7.5285 8.9551 12.025
1.9826 1.4526 1.9395 1.439 0.95499 1.3864
9211 16
7 5 2 6 8 8
1.9324 2.9831 3.9758 7.488 9.0033 12.056
2.0123 1.5585 2.1006 1.481 0.91966 1.5628
9212 16
7 5 2 6 8 8
1.9531 3.0634 3.9849 7.5048 9.07 11.952
2.0346 1.5728 2.1675 1.4402 0.99819 1.559
9213 16
3 4 8 7 5 2
1.9444 4.0158 5.0431 6.0648 7.9665 10.97
1.5194 2.5664 1.9513 1.5141 1.9495 1.5414
9214 16
3 4 8 7 5 2
1.9748 3.984 4.9063 5.9957 7.977 10.973
1.5448 2.479 2.0009 1.4993 2.068 1.5464
9215 16
3 4 8 7 5 2
1.9518 4.0054 5.0563 5.9717 7.9288 10.932
1.432 2.4398 2.0513 1.453 2.0537 1.512
9216 16
3 7 5 8 7 8 2 5
1.9521 2.0085 2.998 5.0641 6.034 8.9686 10.951 11.992
1.5022 1.9868 1.4928 2.0625 1.5745 1.0476 1.6062 1.9978
9217 16
3 7 5 8 7 8 2 5
2.0578 1.9884 3.0317 5.0538 5.991 9.0992 11.023 11.949
1.4858 1.9429 1.4932 2.0319 1.504 0.96968 1.4522 1.9699
9218 16
3 7 5 8 7 8 2 5
2.027 2.0932 3.0646 5.0371 5.9649 9.0059 11.047 12.028
1.5391 1.9878 1.6008 1.9948 1.5034 1.0494 1.52 1.9544
9219 16
7 2 3 6 5 8 2 8
2.0339 3.8995 6.0013 7.5134 7.9093 9.0186 10.979 11.997
2.0473 2.0323 1.5256 1.5286 2.0948 1.0075 1.4602 1.5184
9220 16
7 2 3 6 5 8 2 8
2.0093 4.0359 6.0372 7.5046 8.0052 9.0123 10.977 12.062
1.9905 2.0098 1.4955 1.4883 2.0673 1.0097 1.5564 1.5428
9221 16
7 2 3 6 5 8 2 8
1.9721 4.0361 6.0107 7.4858 7.9874 9.0258 11.049 12.008
2.0117 2.049 1.5217 1.5255 1.9884 1.0119 1.4464 1.4842
