42
3025 16
6 4 3 2 4 6 3 4
4.0705 4.2918 5.2121 8.6982 8.7398 12.051 12.247 13.337
1.5144 1.1048 1.3923 2.0703 1.285 2.9877 2.19 1.0843
3026 16
6 7 5 6 2 4 5
2.3072 2.7511 5.0137 10.963 12.099 13.198 13.874
2.8976 1.8701 2.698 2.3202 2.2283 2.2337 1.8645
3027 16
2 8 8 6
1.2455 1.6629 5.183 12.823
2.7757 1.4372 1.4727 2.7267
3028 16
3 6 1 2 5 7 8 1
0.27257 1.2432 1.7701 6.107 6.288 7.49 9.32 10.112
2.0294 1.8271 1.4827 1.3711 1.3929 1.5813 2.9076 2.2301
3029 16
1 6 1 7 2 4 2
2.3501 3.6588 5.0026 5.9471 6.4167 7.4053 10.028
1.4808 1.9091 2.5217 2.1863 2.0183 2.5559 1.0205
3030 16
1 4 3 7
1.9005 4.0442 6.0318 5.9385
1.4798 2.5262 1.4519 1.5659
3031 16
1 4 3 7
1.945 4.0993 6.076 5.9731
1.4418 2.4773 1.5658 1.5321
3032 16
1 4 3 7
2.0386 4.0191 5.9699 6.0293
1.4981 2.5598 1.5003 1.5469
3033 16
1 4 3 7
1.9668 4.0144 5.9667 5.9509
1.4077 2.4625 1.4366 1.4102
3034 16
2 6 2 8
4.0771 7.4754 8.0495 8.9889
2.0093 1.4962 1.4954 1.0291
3035 16
2 6 2 8
4.0175 7.4769 8.0234 9.0883
2.0345 1.472 1.5639 0.95966
3036 16
2 6 2 8
4.0525 7.4773 8.0308 8.9712
2.0252 1.5541 1.5087 1.035
3037 16
2 6 2 8
4.0525 7.5288 7.9232 9.0271
2.0557 1.5046 1.4724 1.0114
3038 16
3 8 3 2 8 5
2.0756 5.0413 6.0367 7.9936 8.9926 12.042
1.4524 2.0512 1.5169 1.4454 0.93725 2.0353
3039 16
3 8 3 2 8 5
2.0289 5.0193 5.9639 8.0016 8.9418 12.055
1.4797 1.929 1.3969 1.4143 0.99212 1.9436
3040 16
3 8 3 2 8 5
2.0489 4.9725 5.9956 7.9473 9.0504 12.02
1.364 2.0493 1.5278 1.5307 1.0004 1.954
3041 16
3 8 3 2 8 5
2.0537 5.0667 5.9942 7.9218 9.0332 11.985
1.479 1.9319 1.4975 1.4203 1.0469 2.0113
3042 16
3 8 3 2 8 5
5.9825 8.9989 9.0458 10.986 11.992 11.998
1.5026 0.99584 1.5455 1.5021 1.5016 1.92
3043 16
3 8 3 2 8 5
5.9076 9.0714 8.9589 10.955 11.997 12.058
1.3951 0.97739 1.4407 1.4826 1.4723 1.9733
3044 16
3 8 3 2 8 5
6.0599 9.0353 8.9542 10.956 11.941 11.958
1.4811 1.028 1.449 1.4652 1.4621 2.013
3045 16
3 8 3 2 8 5
6.0248 8.9766 9.0456 10.987 11.961 12.017
1.5043 0.97347 1.5076 1.5692 1.6296 2.0335
3046 16
4 8 1 2 3 8
3.9454 5.034 6.0453 8.0011 9.0159 11.927
2.5131 2.0554 1.9878 1.5536 1.3283 1.5117
3047 16
4 8 1 2 3 8
3.987 5.0735 6.0014 8.0555 8.9963 11.981
2.453 1.9807 1.9914 1.5649 1.417 1.5286
3048 16
4 8 1 2 3 8
4.0492 4.8974 5.975 7.9605 9.0282 12.007
2.3789 1.9697 2.025 1.4045 1.6048 1.4921
3049 16
4 8 1 2 3 8
3.9407 5.0779 5.9799 7.9869 9.0724 12.079
2.566 1.8698 1.954 1.4901 1.5022 1.4549
3050 16
5 4 3 8 3 5
3.0078 3.9727 5.994 8.9806 9.0011 11.975
1.5365 2.4323 1.4519 0.98492 1.4145 2.0433
3051 16
5 4 3 8 3 5
3.0422 4.0476 6.039 9.007 8.9724 12.002
1.5184 2.5467 1.4074 0.91436 1.4889 2.0296
3052 16
5 4 3 8 3 5
3.0193 4.0188 6.0364 8.9554 9.0206 12.05
1.4639 2.4692 1.4066 0.9425 1.4267 1.9652
3053 16
5 4 3 8 3 5
2.9906 4.0406 5.9198 9.0384 9.0181 12.035
1.5306 2.6327 1.559 0.9761 1.4716 2.0381
3054 16
7 5 2 6 8 8
1.9522 3.0846 4.026 7.5392 9.0408 11.981
1.9605 1.4475 1.9902 1.6179 1.0337 1.4981
3055 16
7 5 2 6 8 8
1.9604 2.942 3.9493 7.5015 8.9973 12.025
2.1148 1.4808 2.0235 1.5103 1.1193 1.522
3056 16
7 5 2 6 8 8
2.0016 3.0014 4.0053 7.5856 9.061 11.946
1.9693 1.4471 2.0028 1.5002 1.027 1.4934
3057 16
7 5 2 6 8 8
1.9866 2.9435 4.0056 7.5029 8.9684 12.052
2.0799 1.4559 2.046 1.5337 1.054 1.4912
3058 16
3 4 8 7 5 2
1.9402 4.0595 5.0521 5.973 8.0946 11.015
1.5421 2.4798 1.9832 1.5049 1.956 1.4919
3059 16
3 4 8 7 5 2
2.0004 3.9199 4.9933 5.9344 7.9963 10.945
1.3964 2.4945 2.0024 1.5746 1.9485 1.4723
3060 16
3 4 8 7 5 2
2.0737 4.0298 5.022 5.9108 8.0327 11.025
1.4288 2.4672 2.0432 1.5061 1.9289 1.4772
3061 16
3 7 5 8 7 8 2 5
2.0075 1.9601 2.9955 5.0617 6.0486 9.098 10.983 12.043
1.539 1.9519 1.4653 1.9421 1.5115 0.98343 1.592 2.009
3062 16
3 7 5 8 7 8 2 5
2.0371 2.0184 3.029 4.9829 6.0021 9.0187 10.913 11.93
1.4371 2.0141 1.5647 2.0114 1.4918 1.0467 1.5193 1.9791
3063 16
3 7 5 8 7 8 2 5
1.9529 1.9656 3.0531 4.8765 5.984 8.9924 10.961 12.002
1.4892 2.0527 1.6067 2.0492 1.5082 0.9333 1.4593 2.0328
3064 16
7 2 3 6 5 8 2 8
1.9592 4.0858 5.9576 7.4247 7.9432 9.0135 10.963 11.958
1.9587 2.1122 1.4542 1.4539 1.9949 0.97084 1.5893 1.5099
3065 16
7 2 3 6 5 8 2 8
2.1028 3.9158 6.0657 7.516 8.0491 8.9831 11.027 12.044
1.9789 1.9915 1.45 1.5371 2.0081 0.94119 1.571 1.4286
3066 16
7 2 3 6 5 8 2 8
2.0232 3.9884 6.0754 7.6056 7.9561 9.0191 10.947 12.053
2.0205 1.989 1.4987 1.5256 2.0076 1.0026 1.5106 1.5022
