41
7213 16
8 4 2 7 1 8 6
0.53644 5.4042 6.0113 6.0274 6.3144 6.457 13.212
2.78 2.9379 1.8267 2.3076 2.8953 2.7493 2.0263
7214 16
3 2 4 8 3 5 3
2.1157 4.4945 4.6313 5.8923 5.915 6.6063 10.852
2.7854 2.6421 2.0815 1.6099 2.3161 2.6798 2.0152
7215 16
6 1 1 4 1
3.3823 3.4561 6.9396 7.5181 11.818
2.993 2.9063 1.4881 2.7744 2.4358
7216 16
2 8 6 5 5
1.14 4.4241 8.4488 11.741 13.87
2.8524 2.8612 2.5242 1.3093 1.523
7217 16
8 5 1 7 4 3 2
1.2552 2.4447 3.6048 5.8498 8.7275 10.353 14.34
2.505 1.6943 2.2338 2.1804 1.9249 1.7071 1.2614
7218 16
1 4 3 7
1.9844 4.0462 6.126 6.0189
1.4733 2.5249 1.5419 1.5013
7219 16
1 4 3 7
2.001 3.9256 5.9999 5.9982
1.4577 2.5732 1.5798 1.4825
7220 16
1 4 3 7
1.9468 3.9546 5.9689 6.0183
1.4611 2.4681 1.5474 1.5051
7221 16
1 4 3 7
2.0113 3.9808 5.9987 5.9907
1.5067 2.4212 1.4849 1.4679
7222 16
2 6 2 8
3.9548 7.5092 7.9828 8.9879
2.0103 1.4647 1.5261 0.92
7223 16
2 6 2 8
3.987 7.5003 8.02 9.03
2.0117 1.5767 1.523 0.97107
7224 16
2 6 2 8
3.9824 7.4701 7.9766 8.9698
1.921 1.4142 1.4704 1.0209
7225 16
2 6 2 8
3.9931 7.4572 8.0087 8.9929
1.9912 1.5275 1.4934 1.0118
7226 16
3 8 3 2 8 5
2.0482 4.935 5.9739 8.0697 9.0136 11.98
1.5512 1.985 1.6062 1.4892 0.97782 1.9634
7227 16
3 8 3 2 8 5
2.0112 4.962 6.0802 7.9759 9.0356 11.988
1.4384 1.9738 1.4777 1.5937 1.0476 2.0663
7228 16
3 8 3 2 8 5
2.0276 5.0463 5.918 7.9543 9.01 11.945
1.5016 1.9426 1.4447 1.5331 1.0792 2.0494
7229 16
3 8 3 2 8 5
1.963 4.9928 6.0172 8.0395 9.0417 11.934
1.5668 2.0077 1.5172 1.5997 0.99325 1.9033
7230 16
3 8 3 2 8 5
6.0285 8.9229 8.9655 11.101 12.004 11.983
1.538 0.89906 1.4681 1.5389 1.4912 2.0288
7231 16
3 8 3 2 8 5
5.8948 8.9322 9.0584 10.943 11.917 11.993
1.4071 1.0289 1.5389 1.5704 1.5598 2.0167
7232 16
3 8 3 2 8 5
5.9192 9.0436 9.0252 10.987 12.061 11.97
1.5264 1.0368 1.5295 1.5503 1.4733 1.9963
7233 16
3 8 3 2 8 5
5.9494 8.9543 8.9451 10.941 12.002 12.035
1.4995 1.0186 1.4812 1.5648 1.5164 2.0749
7234 16
4 8 1 2 3 8
3.9366 4.9764 6.0741 8.025 8.9284 12.036
2.5496 1.9436 2.0698 1.5167 1.5264 1.5228
7235 16
4 8 1 2 3 8
4.0251 5.0129 5.9704 8.065 8.9992 12.05
2.5751 2.0154 1.8995 1.4894 1.5399 1.4931
7236 16
4 8 1 2 3 8
3.9559 5.0826 6.01 7.9904 8.9962 12.028
2.4853 2.0693 2.0151 1.4863 1.56 1.5611
7237 16
4 8 1 2 3 8
4.0102 5.0618 6.0289 8.0237 9.0357 12.026
2.4574 1.9643 2.0712 1.4275 1.5439 1.5249
7238 16
5 4 3 8 3 5
2.9607 3.9875 6.0213 9.0306 9.0361 11.959
1.5234 2.5139 1.4982 1.0404 1.4899 1.992
7239 16
5 4 3 8 3 5
3.0257 3.9347 6.0373 9.0605 9.0809 12.003
1.5133 2.5311 1.5329 1.0208 1.4372 1.994
7240 16
5 4 3 8 3 5
2.9775 4.0027 6.0426 9.096 9.0288 11.916
1.4985 2.3948 1.5467 1.0197 1.5289 1.9613
7241 16
5 4 3 8 3 5
2.9841 3.9199 6.1298 8.9893 8.9962 12.001
1.581 2.5144 1.4902 1.0154 1.4464 1.8925
7242 16
7 5 2 6 8 8
1.9896 3.0197 3.9369 7.4609 9.0529 12.059
1.8928 1.5725 2.0311 1.3484 1.0418 1.4916
7243 16
7 5 2 6 8 8
1.9727 2.942 4.0048 7.4802 8.9938 11.981
2.0013 1.4173 1.9599 1.4878 1.0768 1.5409
7244 16
7 5 2 6 8 8
1.9143 3.0243 3.9546 7.5982 8.916 12.019
2.0514 1.5927 2.0212 1.4163 0.90881 1.4651
7245 16
3 4 8 7 5 2
1.9879 4.0472 5.0225 5.9803 7.9132 11.016
1.581 2.4946 1.9775 1.4943 1.9503 1.5064
7246 16
3 4 8 7 5 2
2.0739 3.9265 4.9903 6.0278 7.9973 10.937
1.4572 2.5806 2.0529 1.5188 2.0025 1.4724
7247 16
3 4 8 7 5 2
2.0294 4.0747 5.0232 6.0393 7.9563 11.067
1.4781 2.4802 2.0144 1.5075 2.001 1.5517
7248 16
3 7 5 8 7 8 2 5
1.9947 2.0265 3.045 5.0337 5.9504 8.9964 11.019 11.957
1.5472 2.0176 1.5181 1.9547 1.487 1.0085 1.5519 2.0552
7249 16
3 7 5 8 7 8 2 5
1.9647 1.9484 3.01 4.9598 5.9643 9.1002 11.007 11.951
1.4019 1.9893 1.5193 2.0272 1.4668 1.0571 1.4525 1.9606
7250 16
3 7 5 8 7 8 2 5
2.1144 2.0707 3.0387 4.9462 5.9962 8.9955 11.02 12.029
1.5304 1.9727 1.5217 2.0001 1.4162 0.95525 1.4304 2.1294
7251 16
7 2 3 6 5 8 2 8
1.9348 4.0289 6.094 7.6064 8.0106 9.0296 10.98 11.967
2.0915 1.996 1.497 1.4919 2.0706 0.99636 1.4785 1.5604
7252 16
7 2 3 6 5 8 2 8
1.9319 3.918 5.9501 7.5291 7.9501 8.9387 10.971 12.001
1.9807 1.9413 1.5413 1.5552 2.0819 0.99862 1.4586 1.5862
7253 16
7 2 3 6 5 8 2 8
2.0633 4.0169 5.9788 7.6182 8.0053 9.0355 11.045 11.948
2.0331 1.9418 1.4636 1.5179 2.0639 0.96923 1.4394 1.5402
