41
8730 16
4 6 3 4 7
0.16504 1.5814 2.3283 2.9008 3.054
2.3377 1.7097 1.2291 1.0826 1.6365
8731 16
6 5 2 4 8 1 8 5
0.2406 0.49974 0.64686 1.9462 6.1487 7.7482 9.5327 12.44
2.8236 2.1812 1.3746 2.7796 2.4162 1.1813 1.3862 1.1614
8732 16
1 3 1 8 1 2
4.7906 7.3726 8.8778 10.779 11.627 13.347
2.3203 2.2905 1.0996 2.426 1.5444 1.6284
8733 16
4 8 7 1 5
10.265 10.706 11.386 11.66 14.469
1.5359 2.8314 2.9945 2.9605 1.1399
8734 16
6 3 3 5 3 2 5
0.8366 3.7092 7.7335 7.9417 11.603 12.487 14.234
2.5153 2.14 2.3034 1.6853 2.5674 2.1349 1.3658
8735 16
1 4 3 7
2.0002 4.0464 6.0488 5.9947
1.5631 2.5487 1.4453 1.5081
8736 16
1 4 3 7
1.9128 3.9682 6.0241 5.9288
1.5173 2.5698 1.5174 1.5394
8737 16
1 4 3 7
2.0356 3.9576 6.0531 6.0094
1.5054 2.5106 1.5158 1.4643
8738 16
1 4 3 7
2.075 4.0762 5.9255 5.9333
1.3946 2.4742 1.6093 1.5143
8739 16
2 6 2 8
4.0403 7.5073 7.9332 8.9625
2.0129 1.4896 1.5184 1.0209
8740 16
2 6 2 8
4.0581 7.524 7.9891 9.0235
2.0359 1.5176 1.4609 1.0302
8741 16
2 6 2 8
4.0336 7.4911 8.1023 9.0434
1.9828 1.409 1.542 1.0704
8742 16
2 6 2 8
3.9654 7.4838 7.9752 9.0168
1.9928 1.4562 1.5662 0.98687
8743 16
3 8 3 2 8 5
2.0159 4.9713 6.0378 8.0387 9.0011 11.996
1.4517 2.0688 1.4744 1.4432 1.0248 1.912
8744 16
3 8 3 2 8 5
1.998 4.9527 6.0321 7.9467 8.9155 12.057
1.48 1.9594 1.4386 1.5324 1.0269 2.0375
8745 16
3 8 3 2 8 5
2.0578 5.0064 6.0454 7.9779 8.9722 11.921
1.5246 1.9404 1.4827 1.538 1.0198 2.0443
8746 16
3 8 3 2 8 5
1.9829 5.0714 5.9038 8.0127 9.0769 12.1
1.4819 2.064 1.5768 1.4388 1.0129 1.9576
8747 16
3 8 3 2 8 5
6.0209 8.946 9.0129 11.072 12.073 11.987
1.4675 0.9637 1.4841 1.5045 1.4955 2.048
8748 16
3 8 3 2 8 5
5.9791 8.9556 8.9617 10.971 12.105 12.037
1.4579 0.99919 1.4888 1.4631 1.5247 2.054
8749 16
3 8 3 2 8 5
5.9224 9.0625 9.0432 10.927 12.091 12.005
1.4346 0.97616 1.4303 1.4256 1.4892 1.9812
8750 16
3 8 3 2 8 5
6.0452 8.9522 8.9877 11.084 11.939 11.926
1.4455 1.0468 1.5566 1.4472 1.4502 2.0136
8751 16
4 8 1 2 3 8
3.9667 4.9988 6.0491 7.953 9.0819 12.057
2.4965 2.0474 1.9542 1.5754 1.4081 1.5553
8752 16
4 8 1 2 3 8
3.9793 5.0561 5.9884 7.9745 9.0481 12.041
2.4892 2.01 2.0589 1.4919 1.5126 1.558
8753 16
4 8 1 2 3 8
4.0283 4.9806 5.9948 8.0126 8.9716 12.097
2.5351 1.9504 1.9816 1.5046 1.5549 1.4492
8754 16
4 8 1 2 3 8
4.017 4.977 6.0725 8.0593 9.1138 11.955
2.3602 2.0742 2.0698 1.4981 1.5034 1.5051
8755 16
5 4 3 8 3 5
3.0324 4.0176 5.9645 8.9651 9.0199 12.01
1.5317 2.5119 1.5262 1.0091 1.5207 2.129
8756 16
5 4 3 8 3 5
3.0027 3.9982 6.0758 9.0478 8.9327 11.901
1.4527 2.5274 1.5015 1.0265 1.5074 2.0379
8757 16
5 4 3 8 3 5
2.9502 3.9872 5.9657 9.0218 9.0991 11.95
1.4389 2.5148 1.5114 0.87975 1.546 2.0393
8758 16
5 4 3 8 3 5
2.9795 4.0391 5.9918 8.9787 8.9798 12.009
1.5225 2.5629 1.5686 0.98926 1.4803 2.0037
8759 16
7 5 2 6 8 8
2.0589 3.0116 4.0424 7.5894 9.1168 12.1
2.049 1.4875 2.0229 1.5748 1.1529 1.5453
8760 16
7 5 2 6 8 8
1.9947 2.9896 3.994 7.4664 8.9969 11.987
2.0341 1.5008 1.9398 1.5437 1.0734 1.5518
8761 16
7 5 2 6 8 8
1.9641 2.9864 4.0255 7.5946 9.0849 12.026
1.9784 1.4356 1.9403 1.4539 1.0382 1.4702
8762 16
3 4 8 7 5 2
1.9634 4.0755 4.9917 6.0127 7.9446 10.949
1.4643 2.5163 2.0655 1.5303 1.9429 1.4691
8763 16
3 4 8 7 5 2
2.0405 3.9688 5.0388 6.0392 7.9607 10.968
1.4786 2.4899 1.9758 1.4461 2.0522 1.4776
8764 16
3 4 8 7 5 2
2.0155 3.9959 5.0006 6.0639 8.0069 11.025
1.4343 2.4803 1.9915 1.5236 2.0604 1.529
8765 16
3 7 5 8 7 8 2 5
1.953 2.0469 3.0071 5.011 5.9847 8.9655 10.905 12.03
1.4409 1.9893 1.5395 2.0057 1.466 0.96578 1.4769 1.9938
8766 16
3 7 5 8 7 8 2 5
2.0662 2.0642 3.0106 5.0712 6.0322 8.9462 11.057 12.046
1.4502 2.0964 1.4827 1.9816 1.5452 1.0797 1.5144 1.9533
8767 16
3 7 5 8 7 8 2 5
2.0677 1.9097 3.0554 4.9665 5.9672 9.0123 11.036 11.921
1.5279 2.0616 1.5221 2.0281 1.5246 1.0275 1.5193 2.0571
8768 16
7 2 3 6 5 8 2 8
2.0583 4.0096 5.959 7.4836 8.035 8.94 11.013 11.96
1.9645 2.036 1.5447 1.4829 2.0026 0.95945 1.5667 1.5564
8769 16
7 2 3 6 5 8 2 8
1.9914 4.0496 6.0149 7.5214 8.0165 8.9798 10.977 12.043
2.0755 2.0122 1.4811 1.4684 1.9715 1.0993 1.4995 1.5496
8770 16
7 2 3 6 5 8 2 8
2.0243 4.0157 5.9824 7.4104 7.9927 8.9915 10.952 11.986
2.0147 2.0444 1.4807 1.6193 1.9508 1.0523 1.4565 1.5379
