41
7131 16
1 3 8 5 4
3.1221 3.6018 6.2579 6.2916 9.861
2.8449 1.6976 2.44 2.4415 2.7253
7132 16
8 6 6 2 5
2.9511 6.3144 10.019 11.861 14.586
1.7171 1.0823 2.5161 1.6395 1.3052
7133 16
4 7 1 4 8 2
0.40264 4.972 8.1859 9.4123 11.503 11.555
1.4015 2.7483 1.7077 1.7063 2.1429 1.053
7134 16
1 1 5 3 8 7 2 3
1.9249 5.9357 5.969 7.2034 7.4195 9.8006 10.748 13.973
2.215 2.2834 2.8632 1.0673 2.0459 1.3074 1.3901 1.3101
7135 16
7 8 3 8 5 8 5
0.40363 2.0405 2.581 7.5423 8.1281 11.386 12.044
2.9238 1.0971 1.0971 2.7101 1.9764 1.5717 2.428
7136 16
1 4 3 7
2.0616 3.9545 5.9497 5.9152
1.5028 2.5793 1.5192 1.4422
7137 16
1 4 3 7
2.12 3.934 6.1698 6.0026
1.4672 2.4363 1.4069 1.483
7138 16
1 4 3 7
2.0443 4.0237 5.9373 5.981
1.4858 2.5179 1.4588 1.5897
7139 16
1 4 3 7
1.9561 3.9095 5.9196 6.0486
1.4471 2.4311 1.4234 1.5163
7140 16
2 6 2 8
3.9942 7.5226 8.0261 8.9866
1.95 1.5492 1.5719 0.98243
7141 16
2 6 2 8
4.0889 7.4492 7.9295 9.0558
1.9585 1.4632 1.5254 1.0129
7142 16
2 6 2 8
4.0278 7.5276 7.9997 8.9387
2.0425 1.4136 1.4946 0.87002
7143 16
2 6 2 8
3.9672 7.5164 7.9331 9.0041
2.0761 1.5285 1.5576 0.95067
7144 16
3 8 3 2 8 5
1.9596 4.9961 6.0731 8.0834 9.003 12.037
1.6091 1.9988 1.5626 1.5261 1.0517 2.0138
7145 16
3 8 3 2 8 5
2.0395 4.999 6.0492 7.9549 8.9782 12.075
1.517 1.9645 1.444 1.484 0.99366 2.0194
7146 16
3 8 3 2 8 5
2.0193 4.9391 5.9927 7.8801 9.0155 12.12
1.4604 1.9593 1.5324 1.4063 0.97623 1.9555
7147 16
3 8 3 2 8 5
2.0458 5.0243 5.9801 8.0993 8.896 11.989
1.5068 2.0195 1.4782 1.5395 0.9815 1.969
7148 16
3 8 3 2 8 5
6.1146 9.0389 9.0127 11.047 11.942 11.981
1.4872 0.99727 1.5656 1.5155 1.4132 1.9868
7149 16
3 8 3 2 8 5
5.9651 8.9447 9.0024 11.01 12.027 12.074
1.5461 0.91931 1.5601 1.5999 1.4383 2.0018
7150 16
3 8 3 2 8 5
6.0172 9.039 8.9598 10.963 11.941 11.977
1.4772 0.94644 1.4339 1.4692 1.5547 1.9595
7151 16
3 8 3 2 8 5
5.9789 8.9855 9.0176 11.042 11.974 11.889
1.5758 0.98239 1.5465 1.5042 1.4222 1.9
7152 16
4 8 1 2 3 8
4.0073 5.0738 5.9255 7.9747 9.0237 12.015
2.5228 1.9446 1.9785 1.5257 1.495 1.5493
7153 16
4 8 1 2 3 8
4.0609 4.9655 6.0627 8.0463 8.9882 12.089
2.5135 2.0733 1.9236 1.5834 1.493 1.4691
7154 16
4 8 1 2 3 8
4.0311 4.9825 6.0056 7.9877 9.048 12.005
2.5309 1.912 2.1697 1.4741 1.4303 1.5135
7155 16
4 8 1 2 3 8
4.0491 4.9089 5.962 8.0697 9.0131 11.961
2.545 1.9326 1.9831 1.5009 1.5773 1.48
7156 16
5 4 3 8 3 5
3.0115 4.0282 5.9406 8.9488 9.0099 11.99
1.4352 2.5629 1.4258 1.0069 1.4725 1.9449
7157 16
5 4 3 8 3 5
3.0463 4.0554 5.9815 9.0377 9.008 12.068
1.4282 2.4589 1.5071 1.0323 1.6076 1.9337
7158 16
5 4 3 8 3 5
2.996 4.0835 6.0326 8.9156 9.0097 11.856
1.4668 2.5637 1.439 1.0114 1.5566 2.0365
7159 16
5 4 3 8 3 5
3.0302 4.0062 6.0954 9.0573 9.0817 12.006
1.4687 2.5281 1.5364 0.97993 1.5107 2.0764
7160 16
7 5 2 6 8 8
1.9987 2.9973 4.0774 7.5238 8.9993 12.073
2.0637 1.5554 2.0397 1.4618 1.1341 1.5199
7161 16
7 5 2 6 8 8
1.8976 2.9593 4.0615 7.516 8.9768 11.983
2.015 1.5575 2.0212 1.524 0.9624 1.4403
7162 16
7 5 2 6 8 8
2.0036 3.0243 3.9506 7.4674 9.0509 12.007
2.0587 1.4636 1.9494 1.4426 0.96594 1.4549
7163 16
3 4 8 7 5 2
1.9759 4.0039 5.0428 5.9981 7.9506 10.968
1.4436 2.4715 2.0399 1.5308 1.8825 1.5554
7164 16
3 4 8 7 5 2
2.1121 3.9996 5.0034 6.0059 7.9877 11.094
1.513 2.5183 2.0049 1.4714 2.0021 1.4959
7165 16
3 4 8 7 5 2
2.0311 4.0426 4.9444 6.0001 8.0076 11.07
1.5493 2.5172 2.0214 1.4603 1.9229 1.4234
7166 16
3 7 5 8 7 8 2 5
1.973 1.9723 2.9783 4.9631 6.0233 9.0103 10.945 12.039
1.5556 2.1031 1.5542 2.0967 1.5596 0.94495 1.5728 1.9369
7167 16
3 7 5 8 7 8 2 5
1.9871 2.0332 2.9652 4.9676 5.9953 8.959 10.991 12.015
1.4944 1.9922 1.5004 1.9858 1.5237 1.0158 1.5275 2.0734
7168 16
3 7 5 8 7 8 2 5
1.8926 1.9236 3.0477 5.0555 6.0257 8.9892 10.987 12.074
1.54 2.0298 1.4836 2.0271 1.5756 1.0827 1.4838 1.9973
7169 16
7 2 3 6 5 8 2 8
2.0692 4.0181 6.0042 7.5877 8.0517 8.9565 10.997 11.904
1.9781 2.0257 1.5183 1.4587 2.0041 0.96233 1.5945 1.5205
7170 16
7 2 3 6 5 8 2 8
2.044 3.9499 6.0417 7.4339 8.04 8.9327 10.992 12.022
1.9952 1.985 1.4595 1.493 2.0199 1.0793 1.4781 1.54
7171 16
7 2 3 6 5 8 2 8
2.03 4.0206 6.0608 7.5425 8.037 8.9829 10.943 11.974
2.0522 2.0615 1.5008 1.4389 1.9031 1.0166 1.4947 1.5756
