42
3655 16
8 4 7 3 4
1.9897 2.1572 3.1221 3.7282 8.8105
1.7158 2.7948 1.6385 2.5107 1.7854
3656 16
2 8 5 4 7 4 1
0.85103 1.1078 1.6733 1.9735 3.625 8.1616 10.881
1.9197 2.9077 1.7306 1.9826 2.3873 2.487 2.4185
3657 16
1 1 4 7
6.5806 11.626 13.337 14
1.2543 1.2665 2.1877 1.9597
3658 16
5 1 8 3
6.7366 6.9016 7.3457 12.06
2.1125 2.4387 2.9352 1.8292
3659 16
2 6 5 3
3.7326 4.5143 4.9567 11.173
2.3943 1.7569 1.6852 1.9722
3660 16
1 4 3 7
2.0288 4.002 6.0543 6.0476
1.4987 2.571 1.4172 1.516
3661 16
1 4 3 7
1.9498 3.9553 5.9786 6.005
1.5851 2.6091 1.4487 1.4923
3662 16
1 4 3 7
1.921 3.963 6.0769 6.0344
1.5353 2.4404 1.4632 1.5178
3663 16
1 4 3 7
2.0298 3.9746 6.0104 6.0395
1.6579 2.5192 1.5606 1.4418
3664 16
2 6 2 8
3.9551 7.4115 8.0302 8.8964
1.9354 1.4915 1.5144 0.9332
3665 16
2 6 2 8
3.9456 7.4796 8.0465 8.9167
2.0321 1.5531 1.6516 1.0038
3666 16
2 6 2 8
4.0011 7.5773 7.9791 8.9901
2.0288 1.4367 1.4908 1.0069
3667 16
2 6 2 8
3.9417 7.5336 7.9942 8.98
1.8764 1.4858 1.4639 1.0536
3668 16
3 8 3 2 8 5
1.9602 4.9855 6.0201 8.0234 9.1076 11.904
1.4948 2.0233 1.4966 1.5132 0.99814 1.9514
3669 16
3 8 3 2 8 5
2.033 4.95 6.0141 7.9538 8.9508 12.038
1.4976 1.9412 1.5417 1.4843 0.97274 1.9225
3670 16
3 8 3 2 8 5
1.9503 4.9519 6.0361 7.9639 9.0976 12.038
1.4819 1.9991 1.4916 1.4993 0.97591 1.9377
3671 16
3 8 3 2 8 5
2.0174 5.0455 6.008 7.9892 8.9752 11.976
1.516 2.115 1.4201 1.5285 1.0415 2.0459
3672 16
3 8 3 2 8 5
6.0454 9.0341 8.977 10.987 11.974 11.924
1.556 0.96174 1.5088 1.4893 1.5234 1.9944
3673 16
3 8 3 2 8 5
5.995 9.0164 9.0319 10.996 12.023 12.065
1.5123 1.0522 1.4424 1.4982 1.5643 1.9318
3674 16
3 8 3 2 8 5
5.9022 8.9651 8.9908 10.976 12.056 12.026
1.5456 1.0425 1.5282 1.5018 1.4521 1.9868
3675 16
3 8 3 2 8 5
6 8.9537 9.0078 10.985 12.071 12
1.4571 1.0227 1.5643 1.4592 1.462 1.975
3676 16
4 8 1 2 3 8
4.0117 5.06 6.0045 7.9763 9.0352 11.986
2.4607 1.9968 2.0858 1.5244 1.4351 1.462
3677 16
4 8 1 2 3 8
3.9991 5.0585 5.9956 8.0293 9.0379 11.941
2.4812 2.0776 1.9808 1.4359 1.4291 1.5016
3678 16
4 8 1 2 3 8
3.9887 4.994 5.9829 8.024 8.9881 12.021
2.508 2.0066 2.0047 1.4724 1.4645 1.5021
3679 16
4 8 1 2 3 8
3.9416 4.9506 5.9605 8.0696 8.9843 12.003
2.3996 2.0288 1.9439 1.4271 1.5199 1.4202
3680 16
5 4 3 8 3 5
3.0045 3.9477 6.0547 8.999 8.9856 12.044
1.5568 2.4897 1.5842 0.98152 1.526 2.0513
3681 16
5 4 3 8 3 5
2.9928 4.0028 6.0561 8.9399 9.0257 11.931
1.5257 2.5192 1.4414 1.0308 1.4881 2.0574
3682 16
5 4 3 8 3 5
2.994 4.0081 6.0055 8.9954 9.0253 12.039
1.5729 2.4529 1.4956 1.0616 1.4334 1.9081
3683 16
5 4 3 8 3 5
3.0296 4.0104 6.0254 9.051 8.9869 11.967
1.5978 2.4438 1.5618 1.0369 1.4696 1.986
3684 16
7 5 2 6 8 8
2.0143 2.9919 4.0409 7.5176 9.0868 11.947
1.9389 1.473 1.966 1.4776 0.99682 1.5156
3685 16
7 5 2 6 8 8
2.0416 3.0066 3.9395 7.4481 9.0462 12.014
2.0872 1.4317 1.9246 1.4711 0.94019 1.492
3686 16
7 5 2 6 8 8
1.9104 2.9806 4.1258 7.5085 8.9404 12.06
2.063 1.602 1.9345 1.484 0.99239 1.5437
3687 16
7 5 2 6 8 8
1.9835 2.923 3.9898 7.4244 8.9575 11.812
1.9935 1.5296 2.0242 1.4513 1.0269 1.509
3688 16
3 4 8 7 5 2
2.1054 3.9583 4.9986 5.9963 8.0481 10.898
1.5455 2.4576 2.0109 1.5364 1.8716 1.5285
3689 16
3 4 8 7 5 2
2.0011 4.0321 5.0108 6.0258 8.0664 11.144
1.532 2.4464 1.9717 1.5194 1.9268 1.5608
3690 16
3 4 8 7 5 2
1.9994 3.9847 4.942 6.0323 7.9633 10.937
1.5352 2.455 2.0076 1.5617 2.0029 1.5729
3691 16
3 7 5 8 7 8 2 5
2.0342 2.0371 3.0127 4.9753 5.9537 9.0323 11.011 11.927
1.5483 2.0341 1.52 1.9716 1.4398 0.98426 1.5709 1.9095
3692 16
3 7 5 8 7 8 2 5
2.0329 2.0024 3.0334 4.9866 6.0371 9.0479 10.924 12.089
1.5704 1.9416 1.456 2.0233 1.4207 1.0636 1.4983 1.9182
3693 16
3 7 5 8 7 8 2 5
2.0637 1.9546 2.9918 5.1369 5.9441 8.9575 10.981 12.002
1.4684 1.9474 1.4229 2.002 1.4657 0.898 1.5261 1.9957
3694 16
7 2 3 6 5 8 2 8
1.9821 4.0478 5.9946 7.4278 7.9967 9.0216 11.008 11.994
1.9888 2.0026 1.4047 1.4334 2.034 1.0061 1.5522 1.3975
3695 16
7 2 3 6 5 8 2 8
2.045 3.9385 5.9553 7.4457 8.0377 8.9845 10.937 12.024
1.9842 1.9521 1.4571 1.4804 2.0395 1.1058 1.5584 1.4969
3696 16
7 2 3 6 5 8 2 8
1.9855 4.024 6.0083 7.5054 7.9665 8.945 11.004 12.006
2.0889 2.0576 1.4866 1.4631 1.9731 0.99263 1.4302 1.5153
