42
3361 16
1 4 2 7
0.6528 0.74683 3.7292 14.263
2.9279 2.6764 2.358 1.4692
3362 16
2 4 7 1 4 5 3 8
0.56078 2.2168 8.1704 8.8157 9.7159 9.8722 11.269 12.915
2.3338 2.074 1.2606 1.8428 1.566 1.8874 1.8164 1.7755
3363 16
3 5 5 3 1
1.9821 3.8045 9.9885 10.193 10.505
2.8555 1.4729 1.5729 1.4302 2.1755
3364 16
8 4 1 5
0.95182 2.1207 3.467 8.1654
2.6875 1.8359 2.1777 2.2149
3365 16
8 3 6 6 2
4.6796 6.8867 10.067 12.934 13.591
2.2656 2.9711 2.0612 1.892 2.2184
3366 16
1 4 3 7
1.9282 3.8459 6.0226 6.0393
1.5496 2.5026 1.5898 1.4432
3367 16
1 4 3 7
1.9163 4.0283 5.9654 6.0613
1.5147 2.4391 1.6014 1.4675
3368 16
1 4 3 7
2.0064 4.0179 5.9755 5.9873
1.5576 2.4713 1.5046 1.5081
3369 16
1 4 3 7
1.9982 3.9918 6.0473 5.9285
1.4646 2.4535 1.4382 1.4645
3370 16
2 6 2 8
4.0026 7.5063 7.9915 8.9911
2.0097 1.5929 1.4343 1.0379
3371 16
2 6 2 8
3.9688 7.4431 8.0516 8.9405
2.0175 1.5937 1.5324 0.88734
3372 16
2 6 2 8
4.0109 7.5649 8.0071 8.9499
1.9854 1.5984 1.4925 1.1042
3373 16
2 6 2 8
4.0472 7.5161 7.9554 8.9742
2.084 1.6385 1.5022 1.0623
3374 16
3 8 3 2 8 5
1.9992 4.965 6.0861 8.0024 9.0228 12.013
1.4894 2.1493 1.5334 1.3822 0.80587 2.1288
3375 16
3 8 3 2 8 5
2.0194 4.951 5.9728 8.0127 8.9243 12.013
1.441 2.0478 1.4903 1.5631 0.99253 2.1275
3376 16
3 8 3 2 8 5
1.9808 5.0022 6.0289 8.0547 9.0426 11.977
1.5355 2.101 1.4864 1.5578 0.94606 1.9997
3377 16
3 8 3 2 8 5
1.9649 4.9506 5.9865 7.9879 8.9372 11.912
1.4568 2.0715 1.5026 1.4588 0.99296 1.8986
3378 16
3 8 3 2 8 5
5.995 9.0005 9.0126 11.051 12.008 11.937
1.5324 1.0235 1.5004 1.5515 1.4898 1.9932
3379 16
3 8 3 2 8 5
6.0353 8.9648 8.9625 10.995 12.04 11.997
1.5514 0.99688 1.5384 1.4494 1.4775 2.0473
3380 16
3 8 3 2 8 5
5.9617 8.9761 8.9802 10.921 11.926 12.07
1.45 1.0005 1.5337 1.4505 1.4798 2.0245
3381 16
3 8 3 2 8 5
5.9997 8.9782 9.0074 10.97 11.985 12.091
1.4935 0.94646 1.4774 1.5619 1.4482 1.9523
3382 16
4 8 1 2 3 8
4.0342 5.0435 6.0129 8.074 9.0385 11.917
2.6046 2.1072 2.0275 1.5125 1.5063 1.5342
3383 16
4 8 1 2 3 8
3.9916 5.0428 5.977 7.9372 8.9306 12.008
2.444 2.009 1.9662 1.4932 1.4331 1.4985
3384 16
4 8 1 2 3 8
4.0416 5.0776 6.0885 7.9968 9.036 11.95
2.4692 2.0978 2.0625 1.4889 1.5032 1.4603
3385 16
4 8 1 2 3 8
4.0446 4.9972 5.9568 8.0064 9.0414 11.997
2.5483 2.0114 1.9626 1.4138 1.5612 1.5031
3386 16
5 4 3 8 3 5
2.9693 3.9783 5.999 8.9118 9.052 11.922
1.4956 2.5401 1.5774 0.9404 1.6393 2.0466
3387 16
5 4 3 8 3 5
2.9699 4.1176 5.9415 8.9951 8.967 11.924
1.6179 2.3651 1.4929 0.96367 1.545 1.9133
3388 16
5 4 3 8 3 5
3.0233 4.0089 6.0353 9.0193 8.9657 12.051
1.4715 2.494 1.4224 0.96232 1.6052 1.9891
3389 16
5 4 3 8 3 5
3.0088 3.8594 5.9899 9.0148 9.0037 12.091
1.472 2.4683 1.4002 1.0876 1.4127 1.9124
3390 16
7 5 2 6 8 8
1.9832 2.9809 4.0212 7.5893 8.9592 11.978
2.0501 1.5247 2.0163 1.4776 0.99959 1.5331
3391 16
7 5 2 6 8 8
1.9294 2.995 4.0086 7.5918 8.9579 11.965
1.9341 1.5495 2.0496 1.5264 1.0492 1.4981
3392 16
7 5 2 6 8 8
2.0826 2.9858 4.0937 7.6065 8.9818 12.008
2.0331 1.4528 1.9525 1.5702 0.99067 1.5135
3393 16
7 5 2 6 8 8
2.0244 3.018 4.0996 7.5664 8.9328 12.023
2.0123 1.4685 1.979 1.468 1.0254 1.465
3394 16
3 4 8 7 5 2
1.9502 3.929 5.0224 5.9941 7.9794 10.957
1.4538 2.5442 1.9244 1.5976 2.0064 1.485
3395 16
3 4 8 7 5 2
1.9128 3.9758 4.9877 5.9493 7.9625 10.957
1.455 2.4958 2.0224 1.5366 1.9778 1.3941
3396 16
3 4 8 7 5 2
2.0225 4.002 5.0181 6.0359 7.9997 11.038
1.5631 2.5346 2.0185 1.4976 1.9355 1.5404
3397 16
3 7 5 8 7 8 2 5
2.0118 1.9129 3.0697 5.0605 6.0809 8.9275 11.07 12.073
1.4945 1.9323 1.4725 1.9938 1.4678 1.0315 1.4727 1.9898
3398 16
3 7 5 8 7 8 2 5
1.9925 1.9879 3.0348 5.0433 5.9864 8.9341 11.024 12.071
1.5188 1.9368 1.4365 2.0172 1.5404 0.94812 1.5015 1.9954
3399 16
3 7 5 8 7 8 2 5
1.9764 2.0522 2.9959 4.9954 5.9433 8.9805 11.037 12.02
1.4528 1.9819 1.5282 2.0466 1.5121 0.99113 1.4275 2.0318
3400 16
7 2 3 6 5 8 2 8
1.9782 4.0398 6.0057 7.5334 7.888 8.965 11.01 12.011
2.0253 1.9469 1.5104 1.4559 2.0487 1.021 1.572 1.5487
3401 16
7 2 3 6 5 8 2 8
1.9793 4.0399 5.948 7.6037 7.9593 9.0515 10.974 12.05
1.9762 1.9748 1.4593 1.4732 2.023 1.1118 1.429 1.4569
3402 16
7 2 3 6 5 8 2 8
2.0056 4.0335 6.015 7.5436 8.0227 8.8874 11.04 11.925
2.1264 2.0171 1.4589 1.5762 1.9955 0.92805 1.4168 1.4934
