41
8484 16
6 5 7 5 2 1
0.33953 1.5744 2.8144 8.9352 10.427 11.519
1.6585 1.6079 1.875 1.7273 2.4295 1.0522
8485 16
6 8 6 3 2 5
1.8476 4.2332 7.0232 10.014 11.878 12.482
1.5911 2.976 2.1868 2.9518 1.9869 2.4398
8486 16
5 3 8 5
1.7495 2.8813 5.2435 6.6048
1.5292 2.4673 2.1378 1.8594
8487 16
1 3 4 6 1 8 4
1.2613 6.0703 7.2184 8.7265 9.9648 11.926 12.141
1.7051 2.9213 2.807 1.0866 1.944 2.9078 1.8851
8488 16
2 5 2 5
7.5395 7.5687 9.3369 14.804
1.4056 2.4674 1.4797 1.0121
8489 16
1 4 3 7
2.0732 3.9987 6.0784 6.0418
1.4365 2.5899 1.4304 1.4696
8490 16
1 4 3 7
1.9879 4.0113 5.9551 6.0451
1.5388 2.5058 1.5678 1.6467
8491 16
1 4 3 7
2.0812 3.9048 5.9489 5.9041
1.4517 2.4285 1.5543 1.5405
8492 16
1 4 3 7
2.0284 4.0029 5.9954 6.0027
1.5592 2.5449 1.4436 1.4783
8493 16
2 6 2 8
4.0706 7.4994 7.9737 9.0062
1.9859 1.5448 1.4502 0.9604
8494 16
2 6 2 8
4.0634 7.4848 8.0663 9.0455
2.033 1.4885 1.4291 1.0871
8495 16
2 6 2 8
3.9969 7.5636 7.9466 8.9887
1.9901 1.4537 1.4902 0.96211
8496 16
2 6 2 8
4.0492 7.475 7.9609 8.9985
1.9606 1.4132 1.6055 1.0066
8497 16
3 8 3 2 8 5
1.986 5.018 5.995 7.9359 9.0673 12
1.4917 2.1453 1.4371 1.5014 1.0105 1.9537
8498 16
3 8 3 2 8 5
1.955 4.9627 6.0471 7.9756 8.962 12.07
1.3769 1.8825 1.4763 1.4688 0.99119 1.9819
8499 16
3 8 3 2 8 5
2.0132 4.9673 6.013 8.0763 8.9777 11.932
1.5263 1.9898 1.5389 1.5519 1.0651 2.0889
8500 16
3 8 3 2 8 5
1.9992 5.0468 5.9553 7.9552 8.9678 12.034
1.4969 2.0274 1.4908 1.5053 1.0583 2.0639
8501 16
3 8 3 2 8 5
5.9891 9.0419 9.1134 11.072 12.059 11.987
1.5507 0.93182 1.4527 1.4568 1.4157 1.9938
8502 16
3 8 3 2 8 5
5.9452 9.031 8.9828 11.066 12.026 12.06
1.5318 0.95077 1.3824 1.4825 1.5066 2.0311
8503 16
3 8 3 2 8 5
6.046 9.0761 8.9752 10.995 12.023 11.988
1.4972 0.95859 1.5313 1.5965 1.4647 2.0539
8504 16
3 8 3 2 8 5
6.0485 8.9275 9.0287 10.906 12.011 11.998
1.4624 0.98101 1.5312 1.5314 1.4994 1.8763
8505 16
4 8 1 2 3 8
3.9546 5.0233 6.0482 8.0441 9.031 11.979
2.4735 2.0471 1.9948 1.5436 1.4429 1.5792
8506 16
4 8 1 2 3 8
3.9341 5.0079 5.9944 8.0707 8.9696 12.067
2.4421 1.9688 2.0534 1.5903 1.5738 1.524
8507 16
4 8 1 2 3 8
3.9606 5.0028 5.9252 7.9784 9.1163 12.078
2.4664 1.9845 1.9854 1.4091 1.4915 1.5255
8508 16
4 8 1 2 3 8
3.9724 4.992 6.0871 8.0069 9.0286 11.98
2.5158 1.9996 2.123 1.4828 1.5387 1.3865
8509 16
5 4 3 8 3 5
2.9774 4.026 6.0387 8.9747 9.0257 11.994
1.4975 2.5198 1.4679 0.92308 1.5215 2.0378
8510 16
5 4 3 8 3 5
2.9788 3.9615 5.8715 8.9825 9.0285 12.018
1.617 2.5141 1.5177 1.0317 1.556 1.9754
8511 16
5 4 3 8 3 5
3.0261 4.0517 6.0141 8.9559 8.9857 11.966
1.505 2.457 1.4803 0.98928 1.5148 1.8772
8512 16
5 4 3 8 3 5
3.1006 4.0282 5.9899 8.9351 8.9489 11.976
1.5246 2.5303 1.5324 0.96539 1.3926 2.0044
8513 16
7 5 2 6 8 8
1.9807 2.9053 3.9834 7.5108 8.8922 12.007
1.943 1.4598 2.0117 1.5902 1.055 1.4538
8514 16
7 5 2 6 8 8
2.1102 2.99 4.0081 7.5356 9.0183 12.01
2.0082 1.4898 2.0255 1.5146 1.0388 1.5092
8515 16
7 5 2 6 8 8
1.9458 3.0353 4.0084 7.5073 9.0194 11.927
1.9661 1.4046 1.9565 1.4714 1.0062 1.5293
8516 16
3 4 8 7 5 2
2.0988 3.9477 4.9586 5.9529 7.9233 11.024
1.5184 2.4676 2.0428 1.4204 1.967 1.5221
8517 16
3 4 8 7 5 2
2.0833 4.0217 4.9953 6.0079 7.9241 10.988
1.5178 2.4754 1.9418 1.4921 1.9169 1.4587
8518 16
3 4 8 7 5 2
1.9459 3.9999 4.9686 5.983 8.0619 10.941
1.4798 2.5499 2.0282 1.5217 2.0202 1.4383
8519 16
3 7 5 8 7 8 2 5
2.0246 1.974 2.9696 5.0288 6.024 8.989 11.028 11.959
1.5616 1.9737 1.449 2.0323 1.4599 0.93899 1.4089 2.0291
8520 16
3 7 5 8 7 8 2 5
2.0334 2.0558 3.0602 4.9472 6.0943 8.9571 10.908 12.095
1.4461 2.0943 1.4834 2.0078 1.4773 0.90498 1.5717 1.8981
8521 16
3 7 5 8 7 8 2 5
2.0079 1.9682 3.0899 4.9796 5.9585 8.9606 11.035 12.075
1.501 1.9335 1.5103 1.9979 1.6171 1.0208 1.4855 1.9943
8522 16
7 2 3 6 5 8 2 8
2.0109 4.0669 5.9186 7.545 8.0035 8.9528 10.97 11.983
2.0352 1.9788 1.4658 1.5986 1.8645 0.90874 1.5308 1.4143
8523 16
7 2 3 6 5 8 2 8
1.9541 4.0719 5.9676 7.5479 8.0553 9.0184 10.967 11.961
2.0078 1.9825 1.4386 1.4867 2.0482 0.97154 1.4178 1.5819
8524 16
7 2 3 6 5 8 2 8
1.972 4.0534 5.9984 7.5305 8.0254 9.0766 11.031 11.943
2.0083 1.9934 1.4986 1.4967 2.0815 0.9741 1.4866 1.5824
