42
6007 16
1 8 1 8 7
0.14885 2.5493 9.4076 9.6085 10.65
1.7843 1.577 2.2405 2.7561 2.9405
6008 16
7 1 6 2 6 8 2 7
2.3368 3.5429 4.2114 5.8266 8.0527 10.2 10.278 12.117
1.7703 1.665 2.7453 2.7288 1.2134 1.434 1.4623 1.2863
6009 16
2 2 8 4 5 3 2
0.66811 3.0212 3.1812 7.7978 9.6813 10.083 13.384
1.2547 2.8311 1.5375 2.6826 2.6562 1.4826 1.2965
6010 16
6 2 5 3 1 3 4
1.8392 4.7711 7.6927 10.346 10.803 12.731 13.31
1.3763 2.2595 2.7542 1.9323 2.0639 1.805 1.8466
6011 16
7 2 3 7 8
0.39912 1.0791 7.9375 8.1965 10.436
1.7459 2.7532 2.867 2.8285 2.5583
6012 16
1 4 3 7
1.9725 4.0135 6.0058 5.9214
1.4753 2.4793 1.5044 1.5214
6013 16
1 4 3 7
1.9885 4.0452 5.9248 5.9918
1.4747 2.5588 1.551 1.6502
6014 16
1 4 3 7
2.0302 3.9949 6.0235 6.0186
1.4897 2.5594 1.5106 1.5541
6015 16
1 4 3 7
1.966 3.8856 6.0351 5.9586
1.5349 2.5242 1.5015 1.5036
6016 16
2 6 2 8
4.0202 7.5233 7.9946 8.9716
2.0445 1.553 1.4514 0.91239
6017 16
2 6 2 8
4.058 7.4159 7.9845 9.0315
1.96 1.539 1.4823 0.9534
6018 16
2 6 2 8
3.9528 7.5229 8.0497 9.0274
1.981 1.4666 1.5359 1.0566
6019 16
2 6 2 8
3.8885 7.4246 7.9933 9.04
2.0613 1.4657 1.4341 0.98859
6020 16
3 8 3 2 8 5
1.9338 5.0267 6.002 8.0017 9.0077 11.953
1.5341 2.0082 1.4997 1.5141 0.98616 2.0146
6021 16
3 8 3 2 8 5
1.9265 4.8889 6.0314 8.0556 8.9768 12.032
1.4736 2.0164 1.4633 1.4769 0.92979 1.9446
6022 16
3 8 3 2 8 5
1.9601 5.0346 5.9515 8.0827 8.9988 11.949
1.5607 2.0083 1.5449 1.3443 0.94739 2.0018
6023 16
3 8 3 2 8 5
1.9761 5.021 5.9484 8.0195 8.9669 11.955
1.4622 1.9786 1.4607 1.4988 0.98039 2.0148
6024 16
3 8 3 2 8 5
5.9331 9.0256 9.0359 10.99 12.03 11.926
1.4953 0.95688 1.47 1.5655 1.4974 1.9459
6025 16
3 8 3 2 8 5
6.0661 9.0534 9.0739 11.094 12.003 11.993
1.4694 0.99753 1.5176 1.5557 1.5043 1.992
6026 16
3 8 3 2 8 5
6.0006 8.9419 9 10.965 12.049 12.032
1.5413 1.0951 1.5006 1.5317 1.5456 1.9485
6027 16
3 8 3 2 8 5
6.0163 9.0618 9.0659 11.111 11.92 11.971
1.4832 0.95994 1.4141 1.4637 1.5226 1.9986
6028 16
4 8 1 2 3 8
3.9591 4.9654 6.1242 7.8761 8.9883 12.068
2.5145 2.0385 2.0216 1.5534 1.4602 1.4299
6029 16
4 8 1 2 3 8
4.0191 5.0473 6.0027 8.0158 9.051 11.976
2.5177 1.933 1.9973 1.5227 1.5045 1.5021
6030 16
4 8 1 2 3 8
3.9902 4.9478 5.9878 7.9742 9.0264 12.03
2.4553 2.1378 2.0554 1.6025 1.5923 1.5236
6031 16
4 8 1 2 3 8
4.0447 4.9459 6.0106 8.0192 9.0732 12
2.555 1.9909 2.0544 1.4013 1.4793 1.5205
6032 16
5 4 3 8 3 5
3.0163 4.0089 6.1453 9.0256 8.9718 12.054
1.4534 2.5874 1.4111 1.0398 1.6275 2.0454
6033 16
5 4 3 8 3 5
3.0027 3.999 5.9708 8.9289 9.1153 11.973
1.5225 2.5109 1.4564 0.94639 1.5032 2.0015
6034 16
5 4 3 8 3 5
2.9609 4.0802 6.1252 9.0306 8.9604 11.984
1.4851 2.5063 1.5007 0.99099 1.5468 1.9899
6035 16
5 4 3 8 3 5
2.9696 4.0345 5.9895 8.9401 8.9731 11.927
1.4074 2.4202 1.4971 0.97278 1.5651 1.9666
6036 16
7 5 2 6 8 8
2.0642 3.0965 3.9595 7.5612 8.9879 12.011
1.9418 1.5479 2.0343 1.4679 0.97594 1.4553
6037 16
7 5 2 6 8 8
2.031 3.0946 3.9727 7.5777 9.003 12.013
2.0132 1.5161 2.0381 1.4535 0.92735 1.506
6038 16
7 5 2 6 8 8
1.919 2.9884 4.0429 7.5626 8.9803 11.93
1.9217 1.4861 1.9978 1.52 0.9949 1.4757
6039 16
7 5 2 6 8 8
2.0565 3.0154 3.9368 7.4957 9.0842 12.037
2.0436 1.5545 2.0182 1.4609 1.0804 1.4169
6040 16
3 4 8 7 5 2
2.0172 4.0637 4.8907 5.9999 8.0004 11.03
1.47 2.5132 1.9597 1.4739 1.9582 1.4925
6041 16
3 4 8 7 5 2
1.9175 4.0004 5.0036 6.0254 7.9789 10.966
1.4634 2.5576 2.0584 1.5095 1.9695 1.3782
6042 16
3 4 8 7 5 2
1.9959 4.0396 4.9855 6.0327 7.9287 10.987
1.3555 2.4681 2.0183 1.517 2.0824 1.4349
6043 16
3 7 5 8 7 8 2 5
1.9765 1.9089 2.9832 5.0168 6.0407 8.9783 11.043 12.049
1.3741 1.9473 1.5912 2.0651 1.4391 0.97773 1.5678 2.0299
6044 16
3 7 5 8 7 8 2 5
2.0283 1.9933 2.9816 4.9586 5.9572 9.0222 10.966 11.995
1.4533 2.011 1.5165 2.0833 1.4938 1.0276 1.428 2.0265
6045 16
3 7 5 8 7 8 2 5
1.9395 2.0448 2.9502 5.0577 6.0472 9.0062 10.991 11.983
1.5198 2.0037 1.466 1.9783 1.4752 1.0129 1.4327 1.9777
6046 16
7 2 3 6 5 8 2 8
1.9299 4.0405 5.9496 7.5743 8.0239 8.991 10.958 12.057
2.0651 1.9696 1.5483 1.5067 2.0704 0.96583 1.4232 1.4916
6047 16
7 2 3 6 5 8 2 8
1.9417 4.0116 6.0548 7.4779 8.0556 9.0268 11.045 12.026
1.9646 1.9475 1.5073 1.4913 1.9597 0.9419 1.5822 1.5232
6048 16
7 2 3 6 5 8 2 8
1.8994 4.0264 6.0089 7.4667 8.011 8.9819 10.959 12.034
1.9419 1.9666 1.5873 1.5725 2.0769 0.97775 1.528 1.5131
