41
8648 16
8 1 2 6 1
1.6338 8.3584 11.205 12.045 12.29
2.944 1.518 1.365 2.5955 2.3608
8649 16
5 7 2 4 1 4 8 7
0.96805 4.0206 5.0866 5.6703 6.0104 8.5956 9.4423 10.674
1.1215 1.5991 1.4323 2.109 2.1966 1.3872 1.1738 2.0336
8650 16
4 8 8 7 6
0.64861 1.6706 7.122 13.211 13.456
1.4778 1.748 2.5311 1.7978 2.3785
8651 16
4 5 1 2 2 7 4 3
1.7761 2.2438 2.4993 5.3174 7.9187 8.7337 8.8814 12.767
2.6799 2.2463 2.0023 1.6063 2.9933 2.5193 2.2765 1.5106
8652 16
3 4 3 8 2 1
0.77942 3.7077 6.1082 6.6758 7.0355 10.896
2.7182 2.7008 2.3065 2.8345 1.466 2.4946
8653 16
1 4 3 7
1.9689 4.1005 5.9676 5.9171
1.503 2.5823 1.5857 1.5573
8654 16
1 4 3 7
2.0012 4.0711 6.0179 6.0461
1.4731 2.5109 1.4912 1.5141
8655 16
1 4 3 7
1.9425 4.0306 5.9757 6.0627
1.5288 2.4202 1.5751 1.5507
8656 16
1 4 3 7
2.0071 4.0458 5.9726 5.9168
1.5037 2.5394 1.4516 1.496
8657 16
2 6 2 8
3.8982 7.4553 8.0497 8.9876
1.9891 1.5014 1.5752 1.0152
8658 16
2 6 2 8
4.0679 7.3994 7.9974 8.9053
2.03 1.4954 1.5484 1.0092
8659 16
2 6 2 8
3.9461 7.5113 8.0471 8.8892
1.9979 1.497 1.5342 0.92267
8660 16
2 6 2 8
4.0545 7.49 8.0147 9.0306
1.9963 1.4346 1.4895 1.018
8661 16
3 8 3 2 8 5
2.0269 5.0146 5.9748 7.9167 8.943 12.069
1.5384 2.0171 1.4762 1.5409 1.0049 1.9956
8662 16
3 8 3 2 8 5
1.9766 4.9474 6.0099 7.9673 8.9338 11.962
1.5147 1.9714 1.502 1.4974 0.98128 1.9951
8663 16
3 8 3 2 8 5
1.9865 4.9434 6.0519 8.055 8.9845 12.003
1.4946 2.0366 1.4833 1.4496 1.0585 1.9485
8664 16
3 8 3 2 8 5
2.029 5.0311 5.9839 7.9374 9.057 12.058
1.4921 2.0325 1.6138 1.6199 0.94538 2.0408
8665 16
3 8 3 2 8 5
6.0452 8.9812 9.0504 11.014 11.936 12.095
1.4763 0.91199 1.475 1.5515 1.4511 1.9065
8666 16
3 8 3 2 8 5
6.0031 8.9388 8.9927 10.948 12.032 11.974
1.5599 1.0089 1.4824 1.4655 1.5769 1.9816
8667 16
3 8 3 2 8 5
6.0348 9.0804 8.964 10.977 11.924 12.013
1.5533 0.96255 1.4829 1.5334 1.5445 2.032
8668 16
3 8 3 2 8 5
6.0013 8.9868 9.0262 11.107 12.033 11.982
1.5123 1.0468 1.4754 1.5229 1.4834 1.8929
8669 16
4 8 1 2 3 8
3.9998 4.9224 6.0137 7.9745 9.0068 11.987
2.5536 1.9617 1.9631 1.5189 1.5361 1.528
8670 16
4 8 1 2 3 8
4.0183 4.9508 6.0094 7.9658 8.9401 11.971
2.4638 1.9827 1.9066 1.5893 1.483 1.5332
8671 16
4 8 1 2 3 8
4.039 4.9753 5.926 7.9298 9.0211 12.021
2.4927 1.965 2.0223 1.5066 1.4794 1.512
8672 16
4 8 1 2 3 8
3.9967 5.043 6.0327 8.1103 9.0112 12.051
2.5253 2.0242 2.0049 1.4083 1.4914 1.4533
8673 16
5 4 3 8 3 5
3.0304 3.992 6.0536 9.0426 9.0263 11.983
1.4721 2.5253 1.4994 1.0954 1.5817 2.046
8674 16
5 4 3 8 3 5
3.025 3.9661 6.0264 9.0098 9.0278 12.01
1.4384 2.528 1.4743 1.0629 1.518 1.949
8675 16
5 4 3 8 3 5
2.9041 4.0268 5.9688 8.9359 9.069 11.971
1.4879 2.458 1.5494 1.1055 1.4773 1.9741
8676 16
5 4 3 8 3 5
3.0033 4.058 6.0026 8.9885 8.9438 11.98
1.425 2.5509 1.5329 1.0503 1.437 2.0523
8677 16
7 5 2 6 8 8
1.9777 2.9786 4.0075 7.4662 8.9954 11.938
1.9973 1.5876 1.9919 1.5474 1.073 1.5052
8678 16
7 5 2 6 8 8
1.9121 3.0694 4.059 7.5772 8.9733 12.058
1.9535 1.6007 1.924 1.4664 0.98971 1.5926
8679 16
7 5 2 6 8 8
2.0065 2.9914 3.9577 7.4212 8.9758 11.957
2.0985 1.5072 1.906 1.4499 1.0608 1.5573
8680 16
3 4 8 7 5 2
2.034 3.9576 4.9343 5.8523 8.0293 10.948
1.4882 2.5877 1.979 1.5656 1.9189 1.4621
8681 16
3 4 8 7 5 2
2.0004 4.0657 5.0413 5.9981 7.9803 11.02
1.5327 2.5224 2.0234 1.5355 2.0205 1.5005
8682 16
3 4 8 7 5 2
2.0406 3.9468 5.0942 6.0252 7.9571 11.018
1.4802 2.4725 2.0452 1.5121 2.0015 1.4815
8683 16
3 7 5 8 7 8 2 5
2.0272 1.9538 3.0282 5.0352 6.1201 9.0568 11.064 12.051
1.4766 2.0394 1.4065 1.9139 1.4278 1.0385 1.4789 2.0108
8684 16
3 7 5 8 7 8 2 5
2.1006 2.0087 2.9579 4.938 5.9222 9.0242 10.946 12.021
1.4905 1.966 1.4414 1.999 1.4666 0.95654 1.5127 1.953
8685 16
3 7 5 8 7 8 2 5
1.9966 2.0711 3.0319 5.028 5.9973 8.9378 10.99 11.929
1.4617 1.8989 1.4901 2.0359 1.4772 0.92129 1.5043 1.9915
8686 16
7 2 3 6 5 8 2 8
1.9708 4.0159 6.0031 7.568 8.0522 8.9471 10.986 11.984
2.0517 2.0253 1.4388 1.4846 1.9496 0.97395 1.4656 1.4028
8687 16
7 2 3 6 5 8 2 8
2.0489 4.0305 5.9454 7.4572 7.9513 9.0166 10.985 12.009
1.9255 2.0471 1.568 1.4747 2.0198 1.0242 1.5438 1.5656
8688 16
7 2 3 6 5 8 2 8
1.9542 3.9191 6.0279 7.559 8.0326 9.0071 10.996 12.034
2.0192 2.0684 1.5695 1.4952 2.0519 0.98929 1.5343 1.5502
