42
4831 16
3 5 7 1 4 1
0.1972 0.27496 4.4196 10.001 11.87 12.879
1.9744 2.6411 1.5387 1.0017 2.0729 2.4889
4832 16
6 2 8 7 4 5
1.5476 2.0572 5.9458 8.423 8.4683 14.683
2.1393 2.8064 1.5879 1.7895 2.3027 1.0783
4833 16
2 3 6 8 2 1 7
0.34129 0.61407 5.2266 8.2621 9.2844 11.991 13.707
1.2849 2.9673 1.3931 1.2543 1.1738 1.6769 1.3121
4834 16
1 4 3 5
0.56313 1.9858 2.292 8.458
1.8657 1.0477 1.4411 2.9324
4835 16
1 6 1 8 5
6.8766 9.0756 10.698 11.143 11.981
1.7089 2.444 1.6077 2.0685 2.6327
4836 16
1 4 3 7
1.9958 4.085 6.0497 5.9845
1.4321 2.5725 1.4585 1.5323
4837 16
1 4 3 7
2.0177 3.8494 6.0329 6.0251
1.5102 2.4905 1.4787 1.5336
4838 16
1 4 3 7
1.9832 4.0198 6.0357 6.0322
1.4555 2.3919 1.4872 1.5132
4839 16
1 4 3 7
2.0313 4.035 5.9285 6.0333
1.5249 2.4636 1.5289 1.4445
4840 16
2 6 2 8
4.0321 7.4567 7.9855 8.9835
2.0316 1.4798 1.5328 1.0111
4841 16
2 6 2 8
4.0084 7.44 7.9558 9.0913
2.0738 1.4328 1.4668 1.0171
4842 16
2 6 2 8
3.9664 7.4984 7.9581 8.9599
1.9618 1.45 1.5229 1.0597
4843 16
2 6 2 8
4.0033 7.4062 8.018 8.9055
1.8939 1.5475 1.4925 1.083
4844 16
3 8 3 2 8 5
1.9781 4.9498 6.0595 7.9214 8.9899 11.98
1.495 1.9624 1.5338 1.5697 0.90343 1.9614
4845 16
3 8 3 2 8 5
2.0758 4.9496 5.9 7.9862 9.0385 12.048
1.5721 2.0194 1.4287 1.4468 0.9672 2.0058
4846 16
3 8 3 2 8 5
1.9596 5.0151 5.9491 8.0859 9.1216 12.013
1.4477 1.9068 1.4928 1.4833 0.98357 2.0023
4847 16
3 8 3 2 8 5
2.0221 4.9533 6.0003 8.0042 9.0929 11.972
1.5803 2.0416 1.5585 1.4878 0.91222 2.1091
4848 16
3 8 3 2 8 5
5.894 8.9972 8.9933 11.066 12.049 12.004
1.497 1.085 1.5463 1.457 1.4697 1.9913
4849 16
3 8 3 2 8 5
6.0783 9.0213 8.9975 10.974 11.905 12.064
1.5062 1.0468 1.4895 1.4962 1.5958 1.9644
4850 16
3 8 3 2 8 5
5.9849 8.9246 9.1051 10.917 11.974 11.964
1.466 0.99427 1.4258 1.4545 1.5086 1.9185
4851 16
3 8 3 2 8 5
6.061 9.0259 8.9712 11.06 11.967 12.054
1.5565 1.0394 1.4376 1.5324 1.5201 1.9802
4852 16
4 8 1 2 3 8
3.9636 4.9493 6.0194 8.1399 9.0371 11.982
2.5109 1.941 2.0317 1.4976 1.4685 1.5158
4853 16
4 8 1 2 3 8
4.1037 5.1401 6.0917 8.044 9.0748 11.91
2.5 1.9329 1.9113 1.4331 1.5221 1.4762
4854 16
4 8 1 2 3 8
3.9871 4.959 5.9913 7.9673 9.0379 12.009
2.5261 2.0067 2.0308 1.4853 1.5821 1.5034
4855 16
4 8 1 2 3 8
3.9796 4.9988 6.0051 7.9821 8.9482 12.069
2.51 1.9959 1.9365 1.5145 1.5197 1.3652
4856 16
5 4 3 8 3 5
3.0586 4.0117 5.935 9.0203 9.0801 11.958
1.499 2.5024 1.5417 1.0288 1.4809 1.9912
4857 16
5 4 3 8 3 5
2.9662 3.9755 5.9771 8.9449 9.0016 12.045
1.5295 2.384 1.489 1.0367 1.4381 1.9596
4858 16
5 4 3 8 3 5
3.0303 3.9859 6.0986 9.0588 8.9797 12.094
1.455 2.4662 1.5492 0.89819 1.4356 1.9185
4859 16
5 4 3 8 3 5
3.1164 4.0979 5.9442 9.0123 9.0464 11.917
1.556 2.4497 1.5235 0.98264 1.463 2.0147
4860 16
7 5 2 6 8 8
1.8471 3.0427 3.9564 7.5443 8.9282 11.969
2.032 1.5302 1.9867 1.4984 0.96999 1.5152
4861 16
7 5 2 6 8 8
2.0496 2.9192 4.0201 7.549 8.9789 12.006
1.9299 1.5214 1.9369 1.4776 1.0056 1.3896
4862 16
7 5 2 6 8 8
2.0509 2.9407 4.0588 7.474 8.9878 11.994
2.124 1.4628 1.9591 1.4725 1.0849 1.4144
4863 16
7 5 2 6 8 8
2.0542 3.0351 3.8857 7.5631 8.9918 11.934
2.0357 1.5154 1.9821 1.4627 0.90617 1.5074
4864 16
3 4 8 7 5 2
2.1483 3.9303 5.0526 6.0246 7.9561 11.02
1.6033 2.4999 1.9628 1.5096 1.959 1.4811
4865 16
3 4 8 7 5 2
2.0079 3.978 4.9911 5.9561 8.0461 11.007
1.516 2.5481 1.9721 1.5432 1.9784 1.3958
4866 16
3 4 8 7 5 2
1.9779 4.0265 4.9483 5.9692 8.0408 11.036
1.5998 2.5059 2.0738 1.5102 1.9386 1.4077
4867 16
3 7 5 8 7 8 2 5
2.0291 2.04 3.002 4.9635 5.9938 9.0385 11.109 12.032
1.4186 1.9842 1.5277 2.0077 1.597 0.9131 1.4902 2.0421
4868 16
3 7 5 8 7 8 2 5
1.9481 1.9873 3.0633 4.9409 6.053 8.9665 11.027 12.006
1.5447 1.9706 1.4615 1.9161 1.4475 0.98735 1.518 2.0128
4869 16
3 7 5 8 7 8 2 5
2.0584 2.0128 3.0515 4.9964 6.0008 9.0663 10.968 11.979
1.4146 2.029 1.5676 1.9708 1.5715 1.0301 1.5131 1.9648
4870 16
7 2 3 6 5 8 2 8
1.8744 3.9635 5.9827 7.5035 8.0101 9.0516 10.936 11.894
1.9477 1.9446 1.4713 1.4693 2.0116 0.95969 1.4483 1.4139
4871 16
7 2 3 6 5 8 2 8
1.956 3.9942 5.9989 7.5189 7.9993 8.9256 11.104 11.982
2.0068 2.01 1.494 1.5576 1.9954 0.96327 1.4637 1.5334
4872 16
7 2 3 6 5 8 2 8
2.1027 4.0023 5.9585 7.4502 7.9752 9.0549 10.949 11.966
2.0001 2.04 1.4578 1.4423 1.958 0.99125 1.489 1.4875
