42
2731 16
5 3 5 7 3 5 1 5
0.6488 2.1344 3.4311 4.6878 8.7273 9.2417 11.299 14.126
2.6562 2.832 2.4662 2.3054 2.5683 1.7146 2.5067 1.6109
2732 16
6 1 4 7 1 4
0.59712 1.2252 5.3676 5.9057 8.0434 11.282
1.9772 1.3701 1.8213 1.0609 1.1882 1.0221
2733 16
2 7 7 2 1 5 7
0.86156 1.2058 4.6111 5.5848 8.9092 11.364 12.802
2.5255 1.5026 2.9629 2.3386 1.8341 2.8679 2.4678
2734 16
4 4 7 8 8 3
1.5999 6.1145 10.883 11.129 12.966 13.44
1.5158 1.0712 2.7681 1.1901 2.8027 1.6241
2735 16
4 2 5 8 1
1.4886 4.9589 8.9667 9.6205 11.192
2.0576 2.0276 2.8371 2.7162 2.424
2736 16
1 4 3 7
2.1481 4.0064 6.0712 6.0272
1.505 2.5177 1.4796 1.5118
2737 16
1 4 3 7
1.9846 4.0187 5.9722 5.9912
1.4812 2.527 1.5107 1.498
2738 16
1 4 3 7
2.0792 4.0209 5.9793 6.062
1.5818 2.4832 1.5459 1.4824
2739 16
1 4 3 7
1.9034 4.0183 6.0338 5.97
1.4583 2.5209 1.5048 1.5604
2740 16
2 6 2 8
4.0199 7.4466 7.9652 9.0548
1.9902 1.4807 1.4479 1.0391
2741 16
2 6 2 8
4.0323 7.5363 7.9789 9.0257
1.9596 1.5293 1.5774 1.0397
2742 16
2 6 2 8
4.0389 7.4877 8.018 9.0078
1.8749 1.5278 1.5378 0.96774
2743 16
2 6 2 8
3.9608 7.4811 7.9946 9.0636
1.9842 1.4859 1.4366 1.102
2744 16
3 8 3 2 8 5
2.0071 4.9524 5.9504 7.9997 8.9323 12.034
1.5877 2.0128 1.4781 1.5066 0.93846 1.9822
2745 16
3 8 3 2 8 5
2.038 4.9562 6.0618 7.9494 8.9944 12.035
1.4601 2.0095 1.4963 1.4985 1.0446 2.0739
2746 16
3 8 3 2 8 5
2.0284 4.9664 5.9626 8.0396 8.9216 12.035
1.5451 1.9761 1.5593 1.5741 1.0599 1.9399
2747 16
3 8 3 2 8 5
1.9358 5.0048 6.0223 8.0394 9.0111 12.023
1.603 2.0034 1.41 1.5642 1.0188 1.9913
2748 16
3 8 3 2 8 5
6.0755 8.9859 8.9685 11.017 11.97 12.059
1.4113 0.95381 1.4378 1.5671 1.5331 1.9066
2749 16
3 8 3 2 8 5
6.0647 8.9554 9.0564 10.958 12.028 11.955
1.4869 0.9884 1.5712 1.5335 1.5001 1.9368
2750 16
3 8 3 2 8 5
6.0022 8.9137 8.981 10.976 11.972 11.958
1.5288 0.97424 1.5302 1.4351 1.4716 1.9571
2751 16
3 8 3 2 8 5
6.0679 9.0114 8.9481 11.033 11.962 11.944
1.4727 0.98789 1.5573 1.5562 1.4771 1.9912
2752 16
4 8 1 2 3 8
3.9371 4.9911 5.9507 8.027 8.9128 12.012
2.5128 1.9744 1.9998 1.515 1.5238 1.5127
2753 16
4 8 1 2 3 8
4.0084 4.9159 6.0519 8.1004 8.9862 12.014
2.529 1.9471 1.9933 1.5317 1.5066 1.5069
2754 16
4 8 1 2 3 8
3.95 4.8682 5.9181 8.0021 8.9551 12.118
2.5402 2.0155 2.0194 1.5665 1.4538 1.4416
2755 16
4 8 1 2 3 8
3.9456 4.9621 5.9135 7.9128 8.9695 11.97
2.5109 2.0318 2.0055 1.4879 1.5469 1.5164
2756 16
5 4 3 8 3 5
3.0212 4.0802 5.9733 8.9745 9.0221 11.939
1.4628 2.4262 1.5231 0.8968 1.5093 2.0206
2757 16
5 4 3 8 3 5
3.005 3.9902 6.0333 8.9979 9.0177 12.039
1.5114 2.5975 1.4845 1.0349 1.5432 2.0799
2758 16
5 4 3 8 3 5
2.9296 4.0112 5.9796 9.0107 8.9967 11.963
1.4136 2.4579 1.4769 0.98868 1.4823 1.941
2759 16
5 4 3 8 3 5
3.0876 4.0797 5.9969 9.0367 8.979 12.055
1.5331 2.4486 1.5336 1.0318 1.4653 2.0382
2760 16
7 5 2 6 8 8
2.0032 2.961 4.0167 7.5479 9.0568 12.053
2.1106 1.5053 2.0008 1.4267 1.0327 1.5337
2761 16
7 5 2 6 8 8
2.0888 3.1 3.9729 7.524 8.965 12.046
1.9504 1.6022 2.018 1.5218 1.0068 1.4096
2762 16
7 5 2 6 8 8
1.9679 2.9711 3.9898 7.5256 9.0731 12.001
2.0326 1.4871 2.0008 1.5059 0.95242 1.5203
2763 16
7 5 2 6 8 8
1.9586 2.9043 3.9511 7.5226 8.9242 12.059
2.0697 1.4747 1.9009 1.5326 1.0861 1.5098
2764 16
3 4 8 7 5 2
1.9953 4.0321 5.0155 6.0633 8.0142 10.935
1.4987 2.4565 1.9921 1.5174 1.988 1.4465
2765 16
3 4 8 7 5 2
2.0087 3.9806 4.9576 6.0522 8.008 10.974
1.4976 2.3972 1.9312 1.4692 2.0255 1.495
2766 16
3 4 8 7 5 2
1.9912 4.0029 4.963 6.0434 7.9825 10.949
1.4863 2.5353 2.0632 1.5127 2.1237 1.4586
2767 16
3 7 5 8 7 8 2 5
1.9845 1.996 3.0334 5.038 6.045 8.9371 10.987 12.02
1.5097 1.9617 1.508 1.9424 1.4808 0.94618 1.481 2.0035
2768 16
3 7 5 8 7 8 2 5
1.9628 1.9206 3.0125 5.0182 6.06 8.9957 10.997 11.919
1.5042 2.0205 1.5236 2.0256 1.5233 1.0164 1.4567 2.0861
2769 16
3 7 5 8 7 8 2 5
1.918 2.093 3.0198 4.9292 5.9483 8.9473 11.025 12.078
1.4596 2.0113 1.6244 1.9556 1.4617 0.95312 1.4716 2.0289
2770 16
7 2 3 6 5 8 2 8
1.9558 3.9707 6.0283 7.4565 8.0065 8.9974 10.944 12.02
1.9751 1.9213 1.4197 1.4876 1.967 1.0464 1.5038 1.5278
2771 16
7 2 3 6 5 8 2 8
2.0534 4.0113 5.992 7.4824 8.0008 9.1045 11.035 12.035
2.0385 1.9833 1.5519 1.4672 1.9664 0.96408 1.5229 1.5124
2772 16
7 2 3 6 5 8 2 8
2.0166 3.9581 6.0871 7.5088 8.0282 8.9913 11.055 12.006
2.0171 2.0863 1.4717 1.4872 1.8888 1.0319 1.5598 1.4969
