42
1681 16
2 8 5 1
3.738 3.8727 5.4501 12.178
2.8959 2.6174 2.0159 1.6137
1682 16
8 3 6 5 2
0.33122 1.622 3.3253 7.1952 8.2619
1.7027 2.104 2.4953 1.1956 2.9541
1683 16
8 5 8 6
8.1563 9.002 12.075 12.53
2.4775 2.2371 2.864 1.0578
1684 16
1 7 3 2 1 4 1 2
0.49962 0.56476 1.6088 2.1984 4.7486 12.166 12.925 13
1.9403 1.5441 2.2704 1.1386 1.8331 2.2963 2.8906 1.436
1685 16
6 5 1 7 8 3
3.4787 6.5563 8.9907 9.7727 11.881 13.577
1.2829 1.9547 1.7387 2.0203 1.8727 1.4954
1686 16
1 4 3 7
1.9022 3.9479 6.037 6.0191
1.3924 2.4816 1.5386 1.4633
1687 16
1 4 3 7
1.9646 4.0682 5.9954 6.0522
1.5427 2.5485 1.5656 1.4597
1688 16
1 4 3 7
1.9119 3.9422 5.9081 6.0483
1.5097 2.5626 1.5307 1.5223
1689 16
1 4 3 7
1.9703 4.0178 5.9904 5.9391
1.484 2.4809 1.4603 1.4179
1690 16
2 6 2 8
4.0118 7.4759 7.9002 9.0806
1.9548 1.5382 1.5484 1.0856
1691 16
2 6 2 8
4.0704 7.4682 8.0811 8.9678
2.0313 1.4991 1.4511 0.98954
1692 16
2 6 2 8
3.8787 7.5317 8.0204 9.0098
2.0933 1.5158 1.5777 0.96871
1693 16
2 6 2 8
4.0022 7.5156 8.0611 9.0646
2.003 1.4501 1.4686 0.97696
1694 16
3 8 3 2 8 5
2.0051 4.9507 6.0189 8.0715 9.0446 12.056
1.5231 2.0288 1.5134 1.4104 0.98567 1.9256
1695 16
3 8 3 2 8 5
1.9976 4.9706 5.9901 7.9424 8.9747 11.994
1.5483 1.8645 1.5536 1.4455 0.95748 2.0552
1696 16
3 8 3 2 8 5
2.0203 4.9421 6.0182 7.9128 8.9211 11.914
1.4837 1.9565 1.5803 1.4987 1.0976 1.9944
1697 16
3 8 3 2 8 5
2.0096 5.0181 6.0053 7.9465 8.9415 12.047
1.4551 1.9996 1.508 1.4485 1.0022 2.0547
1698 16
3 8 3 2 8 5
6.0106 8.9325 8.9415 11.074 11.969 12.077
1.4597 0.97837 1.5126 1.4801 1.5429 1.8852
1699 16
3 8 3 2 8 5
6.0379 8.9433 8.9937 11.054 11.98 11.998
1.4384 1.1063 1.5675 1.4152 1.4457 1.9767
1700 16
3 8 3 2 8 5
6.1022 8.9469 9.0287 10.939 11.961 11.976
1.4791 1.0535 1.5391 1.5322 1.551 2.1338
1701 16
3 8 3 2 8 5
5.9532 8.9858 8.9863 11.045 11.964 12.065
1.4331 0.96955 1.4071 1.5548 1.5041 2.0362
1702 16
4 8 1 2 3 8
4.0043 5.0176 5.9813 7.9577 8.9154 12.035
2.5479 1.8953 1.9944 1.5007 1.4821 1.5033
1703 16
4 8 1 2 3 8
3.9884 5.0572 6.0424 7.9295 8.9929 12.006
2.5741 1.9924 2.0327 1.4206 1.5582 1.5119
1704 16
4 8 1 2 3 8
3.9747 4.9811 6.0437 8.0147 8.9945 12.066
2.5491 1.9636 1.9829 1.4545 1.486 1.4598
1705 16
4 8 1 2 3 8
4.0351 5.0024 6.0647 7.9496 9.0201 12.013
2.5207 1.9747 1.9218 1.4851 1.4639 1.5328
1706 16
5 4 3 8 3 5
2.9147 4.0649 5.9373 8.923 9.0388 11.902
1.5401 2.5007 1.4201 0.93804 1.51 2.0863
1707 16
5 4 3 8 3 5
2.9526 4.0078 5.9434 9.0338 9.0683 12.126
1.4667 2.4692 1.5513 0.88414 1.5715 1.9654
1708 16
5 4 3 8 3 5
3.0207 3.9974 6.0365 8.9862 9.029 11.963
1.5075 2.4958 1.4404 0.91665 1.5411 2.0115
1709 16
5 4 3 8 3 5
3.1005 3.9311 5.9257 9.05 8.9944 12.077
1.4662 2.4465 1.5421 0.97862 1.4995 2.0259
1710 16
7 5 2 6 8 8
2.0422 3.0481 3.9885 7.4438 9.0028 12.083
2.0996 1.4907 2.0382 1.5315 0.99239 1.4821
1711 16
7 5 2 6 8 8
2.0253 2.9914 4.0662 7.4744 8.9134 11.932
1.9579 1.4858 1.9458 1.5486 1.0505 1.5071
1712 16
7 5 2 6 8 8
2.035 2.9415 3.9444 7.556 8.9581 11.983
2.1087 1.5442 1.9501 1.5148 0.92422 1.4514
1713 16
7 5 2 6 8 8
1.925 3.0482 4.0013 7.4875 9.0396 12.03
1.9402 1.4691 1.9825 1.5033 1.0594 1.5008
1714 16
3 4 8 7 5 2
1.974 3.9923 4.9866 6.0722 7.979 11.011
1.4119 2.4681 1.9998 1.5618 1.8925 1.444
1715 16
3 4 8 7 5 2
1.9623 4.0713 5.0618 5.856 7.9406 10.915
1.5166 2.5742 2.0186 1.5718 1.958 1.5021
1716 16
3 4 8 7 5 2
2.0475 4.0336 4.9575 5.9695 7.9533 11.044
1.4434 2.5393 2.0371 1.479 1.9988 1.48
1717 16
3 7 5 8 7 8 2 5
1.9797 1.9614 3.0068 4.9216 5.9811 9.1301 11.053 11.992
1.3904 2.0111 1.5235 1.9819 1.446 0.9735 1.4503 2.0017
1718 16
3 7 5 8 7 8 2 5
2.0207 1.9944 3.0264 5.0584 5.8934 8.9799 10.972 11.949
1.5097 1.9472 1.4421 1.9994 1.4672 0.97367 1.3297 1.9458
1719 16
3 7 5 8 7 8 2 5
2.0233 2.007 3.0219 4.9672 6.0085 8.947 11.04 12.065
1.5048 1.9462 1.4644 1.9868 1.487 1.0019 1.5363 1.9755
1720 16
7 2 3 6 5 8 2 8
1.9349 4.0489 6.149 7.5594 7.9688 9.0502 10.982 11.954
2.0059 2.0219 1.4463 1.4949 1.9863 0.99492 1.4619 1.445
1721 16
7 2 3 6 5 8 2 8
2.0089 4.071 5.9593 7.4841 7.9934 9.044 10.985 11.938
1.9476 1.9639 1.4428 1.4502 1.983 0.98542 1.4262 1.4427
1722 16
7 2 3 6 5 8 2 8
2.0106 4.0023 5.9605 7.5149 7.9713 9.0273 11.011 11.986
1.9689 1.9917 1.4921 1.5059 1.9973 1.0051 1.5052 1.5046
