41
7008 16
6 2 3 7 8 1 4 1
2.2581 3.2457 4.2258 4.5164 7.2076 7.6346 9.1585 14.274
2.7331 1.4063 2.3546 1.1208 2.7105 1.0571 2.4191 1.2818
7009 16
7 8 1 2 6 3 1 6
1.5656 2.6422 3.2034 3.6059 8.7176 9.2924 10.571 11.316
2.7755 1.3455 2.1579 2.5526 1.418 2.0712 1.392 1.6019
7010 16
3 1 2 8
6.6881 8.6195 10.891 11.978
1.0918 2.5762 2.1647 1.8422
7011 16
2 7 5 4 1
4.3584 8.329 8.9609 11.16 13.043
2.4785 2.4469 2.6752 2.7807 2.3642
7012 16
1 1 5 3 3 2 7
3.7431 6.6302 7.1114 9.8297 12.079 12.147 12.897
1.7473 1.3664 2.3161 2.1955 2.3057 1.3236 2.0929
7013 16
1 4 3 7
2.011 4.013 5.9918 5.99
1.4569 2.5915 1.5468 1.4903
7014 16
1 4 3 7
2.0978 4.0401 5.9357 5.9231
1.4487 2.5225 1.4979 1.5125
7015 16
1 4 3 7
2.0287 3.9849 5.9084 6.0325
1.5117 2.465 1.4625 1.5209
7016 16
1 4 3 7
2.0032 4.0003 5.953 6.0536
1.4934 2.4521 1.4741 1.4668
7017 16
2 6 2 8
3.9726 7.516 8.0091 8.9359
1.9579 1.4097 1.5111 0.98301
7018 16
2 6 2 8
3.955 7.5091 8.0293 8.9473
1.9894 1.5983 1.4157 0.98589
7019 16
2 6 2 8
3.9959 7.5794 8.0608 9.1041
2.035 1.511 1.4548 0.95272
7020 16
2 6 2 8
3.9551 7.4931 7.9541 8.939
1.888 1.4022 1.4866 0.99351
7021 16
3 8 3 2 8 5
2.0704 4.9436 5.9677 7.9552 9.0515 12.122
1.5888 1.9073 1.5504 1.5369 0.92664 1.996
7022 16
3 8 3 2 8 5
2.0201 5.0352 6.0509 8.0161 9.0153 11.994
1.5682 2.0472 1.5426 1.4927 0.97252 2.0472
7023 16
3 8 3 2 8 5
1.9693 4.897 5.9707 7.9632 9.0038 12.04
1.5439 1.9028 1.4053 1.4925 1.0697 1.8907
7024 16
3 8 3 2 8 5
2.0136 4.8956 6.0205 8.0074 8.9536 12.032
1.4799 2.0234 1.4456 1.4901 1.0734 2.0156
7025 16
3 8 3 2 8 5
6.0393 8.9472 8.9529 11.075 11.999 11.946
1.4929 1.0652 1.5932 1.4889 1.4744 2.0049
7026 16
3 8 3 2 8 5
6.0157 8.979 9.0782 11.038 11.988 12.037
1.5623 0.97888 1.4961 1.4738 1.529 1.9023
7027 16
3 8 3 2 8 5
6.0187 9.0014 9.029 10.999 11.974 11.992
1.4701 0.84367 1.4948 1.5715 1.4661 2.017
7028 16
3 8 3 2 8 5
6.0097 9.0231 8.9805 11.073 11.945 11.969
1.4218 1.0079 1.4458 1.56 1.5168 2.0673
7029 16
4 8 1 2 3 8
3.9704 4.9585 6.1201 8.0296 9.0303 12.021
2.5528 1.9802 1.993 1.5006 1.5192 1.5067
7030 16
4 8 1 2 3 8
3.9287 5.0385 5.9899 7.9326 8.9447 12.068
2.5452 2.037 1.9816 1.473 1.5807 1.5213
7031 16
4 8 1 2 3 8
3.956 4.9935 6.0627 8.0477 9.0296 12.028
2.5698 1.9982 2.0154 1.4775 1.4849 1.5672
7032 16
4 8 1 2 3 8
3.9928 5.0502 5.9449 8.0565 8.9346 12.023
2.5373 2.066 1.9801 1.5508 1.5328 1.5302
7033 16
5 4 3 8 3 5
3.0207 3.9593 6.0235 8.9833 8.9454 12.029
1.5566 2.5073 1.5101 0.97764 1.518 2.0589
7034 16
5 4 3 8 3 5
3.0613 4.0258 5.9784 8.9705 9.0701 11.947
1.538 2.5025 1.476 0.97109 1.5845 2.0497
7035 16
5 4 3 8 3 5
2.9856 4.0155 5.9278 9.0231 9.0096 11.998
1.4999 2.538 1.5439 0.98507 1.57 2.0778
7036 16
5 4 3 8 3 5
2.9926 3.9821 5.897 8.9541 9.0649 12
1.564 2.4203 1.5549 1.0017 1.4429 1.954
7037 16
7 5 2 6 8 8
2.0775 3.0479 3.9722 7.4793 9.0759 12.016
1.8504 1.4719 1.9804 1.422 1.018 1.4204
7038 16
7 5 2 6 8 8
1.9556 3.0461 3.9469 7.4662 8.9702 12.058
2.0174 1.3833 2.0353 1.5784 1.0186 1.5237
7039 16
7 5 2 6 8 8
2.0361 2.9858 4.0255 7.421 9.0059 12.019
2.0308 1.4025 1.9578 1.494 1.031 1.4817
7040 16
3 4 8 7 5 2
2.018 3.9938 4.9547 5.981 8.0333 11.003
1.5506 2.4778 2.0673 1.4102 2.0145 1.5321
7041 16
3 4 8 7 5 2
2.0567 3.9731 5.0574 6.0126 7.888 11.046
1.5322 2.4861 1.9763 1.5067 2.0032 1.5126
7042 16
3 4 8 7 5 2
1.9862 4.0816 4.9461 5.9442 7.9742 10.943
1.4511 2.5237 2.0088 1.4539 2.0044 1.5118
7043 16
3 7 5 8 7 8 2 5
1.9498 1.9432 2.9694 4.967 5.9761 9.0626 11.102 11.951
1.4809 1.9797 1.4324 1.9504 1.4864 1.0228 1.4629 1.9931
7044 16
3 7 5 8 7 8 2 5
1.9908 2.021 3.0382 5.0135 5.8709 9.0098 11.012 12.016
1.5343 1.9517 1.5136 1.9667 1.5487 0.95847 1.5561 1.9795
7045 16
3 7 5 8 7 8 2 5
1.9226 2.0885 2.9613 4.9009 6.0334 8.9638 11.057 12.052
1.4444 2.0204 1.5126 2.0368 1.4689 0.94968 1.4524 1.9704
7046 16
7 2 3 6 5 8 2 8
1.9815 4.0275 6.0399 7.5141 8.0308 9.0302 10.934 11.973
2.0704 1.9393 1.4902 1.4229 2.0539 1.0502 1.4549 1.5407
7047 16
7 2 3 6 5 8 2 8
1.998 4.0283 6.0639 7.378 7.9644 9.0261 10.967 12.03
2.0292 1.9702 1.5323 1.561 1.9602 0.97111 1.525 1.5401
7048 16
7 2 3 6 5 8 2 8
2.0033 4.0864 6.1158 7.5419 8.0587 8.9922 11.007 11.982
1.9911 1.9096 1.568 1.4758 2.0908 0.98886 1.4838 1.4411
