42
6259 16
2 6 3 8 3
1.4316 1.9539 3.5817 8.1037 13.265
1.6673 1.1668 2.2331 2.3873 1.7869
6260 16
4 7 6 6 2 3 8
0.29582 0.509 0.6893 4.2985 4.3715 7.2491 8.9815
2.6421 1.2782 1.7091 1.2975 2.5644 1.1411 2.1295
6261 16
7 1 4 3 2 5
0.26116 3.1673 3.4038 4.8347 5.4572 13.42
1.7424 1.6549 1.6754 1.9858 2.4865 1.8008
6262 16
2 4 5 4 8
1.027 5.904 7.6309 8.4529 10.617
1.3473 2.1332 2.3693 1.5607 1.5411
6263 16
6 4 3 2 6 7
2.1189 2.9628 7.3505 8.0638 10.087 11.195
1.3848 1.6751 1.5164 1.7855 2.8716 2.2014
6264 16
1 4 3 7
2.0501 4.0201 5.9158 6.0828
1.6106 2.5033 1.5454 1.5284
6265 16
1 4 3 7
2.0187 4.024 5.9728 5.9295
1.5165 2.5148 1.5392 1.4509
6266 16
1 4 3 7
2.0173 3.9677 6.0222 5.9451
1.5196 2.465 1.5129 1.5514
6267 16
1 4 3 7
2.0287 3.9571 5.9816 5.9491
1.3846 2.4869 1.5341 1.4496
6268 16
2 6 2 8
4.0204 7.3913 8.0521 9.098
1.999 1.3678 1.5092 1.103
6269 16
2 6 2 8
3.9296 7.518 8.0031 9.0594
1.9423 1.5613 1.5141 0.93807
6270 16
2 6 2 8
4.0167 7.4832 8.0581 8.9721
1.9638 1.4776 1.5171 1.0204
6271 16
2 6 2 8
4.0212 7.5282 7.8867 8.9668
1.9897 1.5321 1.4994 1.0249
6272 16
3 8 3 2 8 5
1.9988 4.9262 6.0327 8.009 8.8663 11.969
1.5945 1.9894 1.5296 1.5202 1.0417 1.9892
6273 16
3 8 3 2 8 5
2.0622 5.0893 5.9942 8.0657 8.9407 11.992
1.5156 2.0052 1.4963 1.5506 1.0112 2.081
6274 16
3 8 3 2 8 5
1.9439 5.0371 5.9484 7.9383 8.9803 12.079
1.5625 2.0062 1.492 1.5602 1.0089 2.0647
6275 16
3 8 3 2 8 5
1.9239 5.0366 6.0752 7.9748 9.0678 11.98
1.5906 1.9857 1.5334 1.555 1.0841 2.0067
6276 16
3 8 3 2 8 5
6.0573 9.1126 8.9708 10.956 12.008 12.005
1.5224 1.06 1.4228 1.4373 1.4453 2.0134
6277 16
3 8 3 2 8 5
5.9704 8.9112 8.9619 11.006 11.936 12.037
1.5516 0.94503 1.5843 1.5333 1.53 1.9803
6278 16
3 8 3 2 8 5
6.0152 8.9162 9.079 11.027 12.003 11.983
1.5 0.9179 1.576 1.5166 1.4346 1.9809
6279 16
3 8 3 2 8 5
6.0192 8.9696 9.0286 11.033 11.995 12.09
1.4256 0.97871 1.5045 1.5343 1.578 1.947
6280 16
4 8 1 2 3 8
3.9662 5.0481 5.9964 8.0839 9.0735 12.043
2.52 1.9842 2.0021 1.5109 1.4736 1.4735
6281 16
4 8 1 2 3 8
4.013 5.052 5.9776 7.9652 9.0942 12.086
2.4811 1.9767 2.0412 1.5394 1.5099 1.4901
6282 16
4 8 1 2 3 8
4.0262 4.9933 5.9888 7.9486 8.9384 11.973
2.5202 1.9626 1.99 1.5005 1.5219 1.4799
6283 16
4 8 1 2 3 8
3.9541 5.0084 6.0121 8.0394 8.9828 12.039
2.454 2.041 2.0395 1.5665 1.463 1.4747
6284 16
5 4 3 8 3 5
2.9157 4.0317 6.0648 8.956 8.9813 11.948
1.5754 2.4728 1.5348 0.98702 1.4769 1.9387
6285 16
5 4 3 8 3 5
2.9993 4.0331 6.0377 8.9343 8.9538 11.942
1.5577 2.5466 1.5608 1.0393 1.5745 1.9644
6286 16
5 4 3 8 3 5
2.994 3.9984 6.0253 8.9574 9.0159 12.078
1.567 2.5188 1.5682 0.94411 1.5245 2.0075
6287 16
5 4 3 8 3 5
3.0083 3.9986 5.9672 9.0052 8.9977 11.987
1.5096 2.4706 1.4721 1.0491 1.5252 1.9673
6288 16
7 5 2 6 8 8
2.0077 2.9959 4.0692 7.4821 9.0654 12.082
1.9831 1.4986 2.0247 1.5189 1.0427 1.4918
6289 16
7 5 2 6 8 8
1.9994 2.9685 4.0566 7.452 8.9682 11.997
1.9484 1.4539 2.0296 1.5386 1.0328 1.5328
6290 16
7 5 2 6 8 8
1.8932 2.9415 4.025 7.507 8.9423 11.932
2.0098 1.5662 1.9953 1.4566 1.0783 1.5209
6291 16
7 5 2 6 8 8
2.022 3.0297 4.0035 7.4975 8.9714 11.952
2.0687 1.576 2.0326 1.5185 1.0505 1.4706
6292 16
3 4 8 7 5 2
2.0256 3.9289 5.0595 6.0108 8.1241 10.983
1.4945 2.5111 1.9727 1.531 2.0245 1.5565
6293 16
3 4 8 7 5 2
2.063 3.9566 4.917 5.9556 8.0488 10.962
1.6121 2.5683 1.9578 1.5547 1.9332 1.4915
6294 16
3 4 8 7 5 2
1.9706 4.0897 5.0072 5.8621 7.9154 10.934
1.5814 2.5605 2.0294 1.5619 1.9441 1.444
6295 16
3 7 5 8 7 8 2 5
2.0285 2.0075 2.9041 5.0402 5.9976 8.9864 10.974 11.992
1.4465 2.0235 1.4686 2.0134 1.5859 1.0362 1.4989 2.1134
6296 16
3 7 5 8 7 8 2 5
1.9143 2.0051 2.9714 4.991 6.1059 8.9198 11.021 11.98
1.6332 2.0065 1.4979 1.9755 1.5562 0.97863 1.5491 1.9411
6297 16
3 7 5 8 7 8 2 5
1.9628 2.0334 2.9277 4.9633 5.9784 8.9867 11.017 11.935
1.491 1.979 1.4965 2.0439 1.4661 0.88951 1.5235 2.0328
6298 16
7 2 3 6 5 8 2 8
2.0635 4.0751 5.982 7.4582 7.9708 9.0341 11.048 12.014
1.9434 1.9697 1.4912 1.4851 2.0216 1.0157 1.5177 1.4821
6299 16
7 2 3 6 5 8 2 8
1.9674 4.0269 5.9876 7.4422 8.0093 9.0457 10.992 11.997
2.0127 2.0182 1.5739 1.4737 1.9853 1.0133 1.4299 1.4556
6300 16
7 2 3 6 5 8 2 8
2.0459 4.0108 6.0105 7.5611 7.969 8.9679 10.905 12.036
1.9415 2.0042 1.4825 1.4688 2.0393 0.95326 1.52 1.4806
