42
4747 16
1 3 6 7 4 2
3.3152 4.2923 9.4418 10.367 10.767 11.546
1.0983 1.6741 2.8083 1.7807 1.8252 1.7038
4748 16
5 4 1 7 5 3 5 1
3.8706 4.8188 9.2856 9.8221 9.8979 10.697 13.551 13.843
2.7885 1.2377 1.8789 1.7151 1.7325 2.4578 1.3733 1.9493
4749 16
3 4 1 2 2 3 5 4
1.3467 2.205 2.923 4.4262 7.9215 9.7651 10.634 14.068
2.9004 2.6838 1.1547 1.2402 1.7945 2.0107 2.7509 1.7809
4750 16
5 4 8 4 3
2.2843 4.7163 7.1641 11.041 13.433
2.7831 2.17 2.0426 1.0293 1.459
4751 16
8 1 4 7
4.1768 4.2581 8.9579 9.5471
1.5219 1.5618 2.5888 2.4
4752 16
1 4 3 7
1.9675 4.0002 6.0215 6.0008
1.4473 2.514 1.4411 1.5485
4753 16
1 4 3 7
2.0066 3.9878 5.8795 6.0309
1.5112 2.5448 1.5622 1.4451
4754 16
1 4 3 7
1.9771 4.0375 6.0538 6.0007
1.4972 2.4547 1.5221 1.4917
4755 16
1 4 3 7
2.0081 4.0253 6.0941 5.9379
1.5003 2.5459 1.4996 1.5526
4756 16
2 6 2 8
4.0086 7.5741 8.0947 9.0453
1.9747 1.5804 1.569 0.89315
4757 16
2 6 2 8
4.0562 7.4269 8.0854 8.9992
1.9767 1.482 1.5102 1.0277
4758 16
2 6 2 8
4.0211 7.4437 7.9215 8.9873
2.0117 1.4532 1.5727 1.0044
4759 16
2 6 2 8
4.0372 7.52 7.9228 9.0497
2.0509 1.4687 1.4949 0.98299
4760 16
3 8 3 2 8 5
1.9402 5.065 5.9984 8.0665 9.0332 12.078
1.4915 1.9986 1.4683 1.561 1.0337 1.9322
4761 16
3 8 3 2 8 5
1.9415 4.9572 6.02 7.9607 9.0096 12.029
1.4553 1.9602 1.4726 1.4953 1.0086 2.0545
4762 16
3 8 3 2 8 5
1.9772 4.9174 5.9882 8.0005 8.9359 12.024
1.5123 1.9138 1.5534 1.522 1.0334 1.9853
4763 16
3 8 3 2 8 5
2.0178 4.9455 6.058 8.0516 8.9131 11.97
1.565 1.9315 1.5304 1.4795 1.0045 1.9114
4764 16
3 8 3 2 8 5
5.9257 9.1003 8.9701 10.962 11.964 11.93
1.5441 1.0327 1.4678 1.5594 1.5919 1.9809
4765 16
3 8 3 2 8 5
6.041 9.0999 9.1099 11.076 11.985 11.981
1.482 0.98591 1.5535 1.5233 1.512 2.0522
4766 16
3 8 3 2 8 5
5.931 9.0142 8.9994 10.976 11.99 12.038
1.3936 1.0055 1.4399 1.4812 1.5119 1.9737
4767 16
3 8 3 2 8 5
5.9656 8.9319 8.9976 11.001 12.022 11.971
1.466 1.0251 1.4863 1.5427 1.4602 2.01
4768 16
4 8 1 2 3 8
4.0016 4.9663 5.9567 8.0177 8.9709 11.968
2.4726 1.9641 2.0334 1.5238 1.496 1.4901
4769 16
4 8 1 2 3 8
3.9876 5.0101 6.0174 8.0017 9.0068 12.1
2.4478 1.9777 1.9523 1.5202 1.5938 1.432
4770 16
4 8 1 2 3 8
4.0547 4.9931 5.9891 7.9098 9.0853 12.016
2.4666 1.9393 1.9625 1.4535 1.4842 1.5207
4771 16
4 8 1 2 3 8
3.9516 4.9847 5.9857 7.8982 9.0564 11.967
2.4581 2.0157 1.9758 1.5003 1.5861 1.4537
4772 16
5 4 3 8 3 5
2.9726 4.0388 5.9552 9.0116 9.0552 12.017
1.5018 2.5262 1.4846 0.9301 1.4815 1.9532
4773 16
5 4 3 8 3 5
2.9453 3.9423 5.9794 9.0169 8.9614 11.98
1.5161 2.488 1.5957 0.93953 1.512 2.0208
4774 16
5 4 3 8 3 5
3.0235 4.0089 6.0226 8.9686 8.9732 11.942
1.5267 2.5431 1.4797 1.0148 1.5023 1.9681
4775 16
5 4 3 8 3 5
2.8975 4.0374 5.8724 9.1366 9.1036 11.975
1.5417 2.481 1.4747 1.0181 1.5185 2.0618
4776 16
7 5 2 6 8 8
2.0428 3.0557 3.9461 7.4661 8.9298 11.975
2.0319 1.562 2.0401 1.5187 0.95451 1.4847
4777 16
7 5 2 6 8 8
2.0697 2.9448 3.9827 7.5673 8.8996 12.037
2.0238 1.4417 1.9891 1.4974 0.82175 1.5463
4778 16
7 5 2 6 8 8
2.0494 2.9816 3.9419 7.513 9.0259 11.899
1.9601 1.4635 2.0194 1.5204 1.0019 1.5025
4779 16
7 5 2 6 8 8
2.0183 2.9905 4.0083 7.4512 8.9964 12.069
2.0584 1.5102 1.9386 1.5053 1.0127 1.4569
4780 16
3 4 8 7 5 2
2.0104 3.9488 4.9504 6.0734 7.9195 10.916
1.5071 2.5675 2.0714 1.4406 2.062 1.4866
4781 16
3 4 8 7 5 2
1.9938 3.9916 5.0325 6.0371 7.9102 10.994
1.4933 2.5715 1.9716 1.5152 1.9904 1.5568
4782 16
3 4 8 7 5 2
1.9479 4.0226 4.9776 5.9852 8.0579 11.062
1.5077 2.4359 2.0426 1.5028 2.073 1.5606
4783 16
3 7 5 8 7 8 2 5
2.0188 1.9895 2.9943 5.008 5.9814 9.0267 11.061 12.045
1.4356 2.0339 1.5524 2.1033 1.4656 1.0517 1.4897 1.9645
4784 16
3 7 5 8 7 8 2 5
2.0008 1.9185 3.0136 5.0389 5.9513 9.0651 11.039 11.984
1.4194 1.9946 1.5525 2.0087 1.5048 1.0286 1.5348 1.9778
4785 16
3 7 5 8 7 8 2 5
2.0365 2.0299 3.1302 4.9203 6.0412 9.0046 10.976 12.048
1.4784 1.9218 1.5229 2.0442 1.5042 1.0867 1.5765 2.0177
4786 16
7 2 3 6 5 8 2 8
2.0614 4.0156 6.0328 7.5295 8.0002 9.0158 10.933 11.97
1.993 2.0631 1.4952 1.5466 2.0162 0.97338 1.571 1.5238
4787 16
7 2 3 6 5 8 2 8
2.0289 3.9847 6.0191 7.452 8.0152 9.0292 11.069 12.012
2.0249 2.0031 1.5319 1.5219 1.975 0.96859 1.6065 1.5212
4788 16
7 2 3 6 5 8 2 8
2.0847 4.0263 6.0409 7.5429 8.027 8.8755 10.992 12.076
2.0087 1.9598 1.4968 1.4631 1.9425 0.97895 1.4468 1.498
