42
4957 16
3 3 1 2 3 4 2
1.6853 4.603 5.5582 8.1829 12.119 12.692 13.901
1.2457 2.5597 1.1112 1.0673 1.7253 2.4555 1.1703
4958 16
5 7 2 5 6 5
1.4854 2.286 8.2396 9.0968 13.008 14.623
1.0879 1.2658 2.8621 1.6324 1.6709 1.3474
4959 16
5 7 1 8 6
3.7059 8.2974 10.669 13.215 13.263
2.2345 1.2302 2.1641 2.6625 2.7247
4960 16
4 2 6 4 1 8 7
0.6079 1.68 3.7432 8.041 9.7536 11.946 13.607
2.7324 2.2322 1.7517 2.0522 2.6489 1.1247 1.3803
4961 16
3 8 6 6 3 4 7 6
0.45594 0.87702 5.3076 9.1861 11.992 12.983 13.561 13.63
2.4309 1.7174 2.3388 1.6291 1.407 2.753 1.6364 1.2775
4962 16
1 4 3 7
1.9293 4.0464 5.9919 5.974
1.5801 2.6017 1.4931 1.4729
4963 16
1 4 3 7
2.0171 4.0071 5.9817 6.0554
1.4815 2.494 1.6058 1.439
4964 16
1 4 3 7
2.0285 3.9886 6.0796 5.8971
1.3924 2.4734 1.4832 1.4599
4965 16
1 4 3 7
1.9775 3.963 6.0045 6.017
1.4974 2.4609 1.459 1.4369
4966 16
2 6 2 8
3.9462 7.5238 7.9783 8.9785
1.9804 1.4805 1.4821 1.0554
4967 16
2 6 2 8
3.9993 7.5133 8.0321 9.0496
2.0999 1.4118 1.5126 0.93052
4968 16
2 6 2 8
3.9886 7.5285 8.087 8.9231
1.9823 1.4447 1.5101 0.97093
4969 16
2 6 2 8
3.9476 7.4796 7.9482 8.9957
1.9541 1.5132 1.5545 1.095
4970 16
3 8 3 2 8 5
1.9568 5.0174 5.9785 8.0443 9.0019 12.052
1.4368 1.8307 1.4957 1.4499 1.0032 2.0451
4971 16
3 8 3 2 8 5
1.9876 4.9597 5.9983 7.9681 8.9253 12.024
1.4684 2.0263 1.438 1.6016 1.0362 1.9347
4972 16
3 8 3 2 8 5
2.0193 4.9818 5.9689 8.0419 9.0311 12.027
1.508 1.8512 1.4637 1.5132 0.95728 1.9377
4973 16
3 8 3 2 8 5
1.9843 5.0219 5.9738 7.9895 8.9267 12.008
1.4824 2.0439 1.4126 1.5015 1.0576 1.9804
4974 16
3 8 3 2 8 5
6.0543 9.0237 8.9609 11.071 11.964 12.017
1.4647 1.0161 1.458 1.5563 1.4716 2.0645
4975 16
3 8 3 2 8 5
5.9508 8.9119 9.0335 10.964 11.931 12.023
1.4462 1.0116 1.5484 1.5262 1.4407 1.8976
4976 16
3 8 3 2 8 5
5.9564 9.0037 8.9337 11.029 12.016 12.015
1.5351 0.9959 1.4602 1.4715 1.4065 2.0268
4977 16
3 8 3 2 8 5
5.983 9.126 8.9645 10.9 11.965 12.004
1.4097 1.0934 1.4964 1.4904 1.5486 2.0034
4978 16
4 8 1 2 3 8
3.9822 4.9142 6.0987 8.0149 8.993 11.954
2.5316 2.022 2.0377 1.555 1.4781 1.499
4979 16
4 8 1 2 3 8
3.9922 5.0062 5.9743 7.9363 9.0146 11.963
2.5859 1.8885 2.0109 1.4354 1.4641 1.5478
4980 16
4 8 1 2 3 8
4.0341 4.973 5.9347 8.0618 9.0183 12.007
2.4872 1.9162 2.0754 1.5087 1.4574 1.5159
4981 16
4 8 1 2 3 8
3.9054 5.0554 6.0363 8.0303 8.9798 12.039
2.6186 2.1287 1.9741 1.4367 1.5556 1.3815
4982 16
5 4 3 8 3 5
2.9885 4.0388 5.894 9.0922 8.9657 12.035
1.5002 2.4839 1.5429 0.98216 1.5555 1.9844
4983 16
5 4 3 8 3 5
2.9305 3.8406 5.9927 8.9815 9.053 11.963
1.5 2.4556 1.4997 1.0435 1.5054 2.0379
4984 16
5 4 3 8 3 5
3.067 3.9978 5.9373 9.0497 8.9965 12.02
1.5348 2.5166 1.537 0.97257 1.5565 1.9543
4985 16
5 4 3 8 3 5
3.0201 3.9647 5.9778 9.0334 9.0149 12.016
1.4692 2.5694 1.4543 1.0102 1.5322 1.9755
4986 16
7 5 2 6 8 8
1.996 3.0191 3.9981 7.5082 8.9439 11.969
2.0138 1.5363 1.9995 1.5769 0.96555 1.4929
4987 16
7 5 2 6 8 8
2.0239 3.0539 3.9861 7.5014 9.0262 11.921
2.0195 1.5352 1.9658 1.4772 0.9345 1.4479
4988 16
7 5 2 6 8 8
1.954 2.9902 4.0216 7.4318 9.042 11.998
1.9797 1.5995 2.0244 1.4709 0.95543 1.4926
4989 16
7 5 2 6 8 8
2.0022 3.0194 4.0804 7.4887 9.1344 11.971
1.9666 1.4367 1.9253 1.6007 1.1153 1.3886
4990 16
3 4 8 7 5 2
2.0424 3.9981 5.0068 5.9415 8.0604 10.994
1.5361 2.4791 2.0404 1.4709 2.0049 1.5077
4991 16
3 4 8 7 5 2
1.9916 3.9775 4.9959 5.9125 8.0543 10.965
1.4051 2.6115 1.9807 1.4185 1.9794 1.5444
4992 16
3 4 8 7 5 2
2.0214 4.0288 4.9968 5.9291 7.9699 10.981
1.4917 2.5034 2.0072 1.5325 1.9813 1.5186
4993 16
3 7 5 8 7 8 2 5
2.0402 2.0125 2.9666 4.9056 5.9141 8.9423 10.973 11.984
1.5289 2.0324 1.5285 2.0023 1.5106 1.0184 1.4645 2.047
4994 16
3 7 5 8 7 8 2 5
1.9335 1.9852 3.0121 5.0039 5.9967 9.031 10.975 12.106
1.4243 1.8995 1.5193 2.0279 1.4556 0.91038 1.5395 2.0172
4995 16
3 7 5 8 7 8 2 5
2.0294 2.0754 3.0895 5.0585 5.967 9.1085 11.066 12.006
1.5038 2.0066 1.5047 2.1214 1.5235 0.94948 1.5157 1.9427
4996 16
7 2 3 6 5 8 2 8
1.9245 4.1134 5.9455 7.4334 7.9243 8.9797 10.971 12.072
1.9278 1.955 1.4694 1.4972 2.0232 1.0822 1.557 1.4093
4997 16
7 2 3 6 5 8 2 8
2.0876 4.0287 6.0919 7.5227 7.9718 9.0325 10.991 12.025
2.0476 2.0603 1.5211 1.4739 1.9481 1.0351 1.4782 1.414
4998 16
7 2 3 6 5 8 2 8
1.9942 3.982 5.9458 7.4771 8.0027 9.0312 11.023 11.995
2.0999 1.9562 1.53 1.4745 1.9879 1.0258 1.5892 1.5234
