42
3151 16
2 2 5 1 2
0.40424 10.126 11.688 12.884 14.233
1.7603 1.7708 2.2534 1.8523 1.145
3152 16
5 1 4 6 8 6 5 2
0.72608 2.7481 5.0743 5.205 6.1534 9.5724 10.8 11.03
2.6446 2.5578 1.9327 2.5477 2.9344 2.9568 1.4998 2.4368
3153 16
5 2 4 5 7
1.3453 11.813 12.155 12.842 12.986
2.8341 2.3068 1.6398 1.068 2.3995
3154 16
2 2 7 8
2.5466 4.9209 5.7771 7.7669
1.5588 1.8739 1.9282 1.1873
3155 16
6 1 4 8 2 8 3
0.3003 3.7188 7.5491 7.846 8.3201 13.975 14.311
2.8944 1.7994 1.7053 2.1641 2.8755 1.8379 1.5056
3156 16
1 4 3 7
1.9807 3.9738 6.0113 5.9767
1.4811 2.54 1.4507 1.4602
3157 16
1 4 3 7
1.9696 4.0588 5.9492 6.0458
1.4916 2.5579 1.5019 1.5248
3158 16
1 4 3 7
1.9613 4.0121 6.0227 6.0363
1.4844 2.5452 1.4764 1.4964
3159 16
1 4 3 7
2.0172 4.043 5.9913 6.1421
1.5358 2.5958 1.4731 1.445
3160 16
2 6 2 8
3.9794 7.448 8.0093 9.0246
2.0433 1.5155 1.5129 0.95152
3161 16
2 6 2 8
3.9295 7.5085 8.0841 9.0285
1.9693 1.4975 1.5015 0.99126
3162 16
2 6 2 8
3.9676 7.5466 8.0869 8.9775
1.9696 1.5434 1.4829 1.06
3163 16
2 6 2 8
4.0616 7.4145 7.9586 8.969
2.0319 1.4596 1.3979 0.96921
3164 16
3 8 3 2 8 5
1.9362 4.9313 5.9219 8.1153 9.0032 12.08
1.4584 1.9863 1.4455 1.478 0.92419 2.0743
3165 16
3 8 3 2 8 5
2.0813 5.015 5.9373 7.9043 8.9791 11.977
1.4397 2.0075 1.5301 1.4914 1.0847 2.0361
3166 16
3 8 3 2 8 5
2.052 5.0896 6.0616 7.887 8.9148 11.966
1.4278 2.0267 1.4762 1.441 0.91075 2.0023
3167 16
3 8 3 2 8 5
2.0855 5.0474 6.1055 7.8682 8.9785 11.933
1.4974 2.0445 1.5032 1.5229 0.96668 1.9567
3168 16
3 8 3 2 8 5
6.0186 8.9943 9.0207 10.997 11.925 12.022
1.5464 1.0039 1.5161 1.536 1.4654 1.9508
3169 16
3 8 3 2 8 5
6.008 9.0563 8.9775 11.009 11.968 11.991
1.4747 0.97035 1.5894 1.4022 1.4924 1.9754
3170 16
3 8 3 2 8 5
6.0054 8.9739 8.8803 10.991 12.023 11.906
1.5361 1.0269 1.5415 1.5269 1.5234 2.0161
3171 16
3 8 3 2 8 5
6.0854 8.931 9.0977 11.019 11.956 12.07
1.3966 0.89364 1.4625 1.4814 1.5174 1.9995
3172 16
4 8 1 2 3 8
4.0226 5.0576 5.9664 7.9648 8.973 11.931
2.5623 1.9963 1.9683 1.5012 1.4884 1.5008
3173 16
4 8 1 2 3 8
4.0651 5.0143 5.966 7.9453 9.0948 11.955
2.5174 1.9752 2.0006 1.4721 1.5087 1.4717
3174 16
4 8 1 2 3 8
3.9693 5.048 5.9957 8.0398 9.0167 11.968
2.4723 2.0178 1.9981 1.4421 1.5544 1.5371
3175 16
4 8 1 2 3 8
3.9704 5.0351 5.9376 7.9767 8.9011 11.903
2.4828 1.9853 1.9928 1.5677 1.5226 1.4886
3176 16
5 4 3 8 3 5
2.9472 4.0431 6.0072 8.9912 9.0297 12.037
1.5413 2.4152 1.523 0.98991 1.4785 1.9963
3177 16
5 4 3 8 3 5
3.069 4.0058 6.0422 8.981 8.986 12.008
1.5378 2.4701 1.5701 0.93559 1.4114 1.9949
3178 16
5 4 3 8 3 5
2.9506 4.0392 5.947 9.0705 9.0058 11.99
1.5629 2.6094 1.5175 0.99668 1.5241 1.9281
3179 16
5 4 3 8 3 5
2.9128 4.0706 5.8991 9.0631 8.9733 12.022
1.4979 2.4498 1.503 1.0139 1.5693 2.0504
3180 16
7 5 2 6 8 8
2.0156 2.9466 4.0983 7.4404 8.9332 11.965
1.9646 1.4754 1.9709 1.5364 1.0131 1.4788
3181 16
7 5 2 6 8 8
2.0206 2.9649 4.0105 7.5279 8.9988 11.962
1.9577 1.5115 1.9889 1.4887 0.97301 1.5173
3182 16
7 5 2 6 8 8
2.0331 3.0266 4.1005 7.458 8.9957 11.916
1.9739 1.4271 1.9714 1.4677 1.021 1.5061
3183 16
7 5 2 6 8 8
1.9949 3.0031 3.9221 7.5028 8.992 12.067
2.0457 1.4249 2.047 1.5239 0.94511 1.4436
3184 16
3 4 8 7 5 2
1.9611 4.063 5.0641 6.0063 8.0059 10.98
1.4714 2.5582 2.0808 1.5741 2.0587 1.4414
3185 16
3 4 8 7 5 2
2.0918 4.0753 5.0644 6.0043 8.0806 11.01
1.5068 2.5051 2.0157 1.4117 2.0111 1.4648
3186 16
3 4 8 7 5 2
1.9956 4.0557 4.9495 6.0663 8.0558 11.094
1.5103 2.5002 2.0219 1.5132 2.0133 1.4884
3187 16
3 7 5 8 7 8 2 5
2.0489 2.0478 2.9482 5.0214 6.0044 9.0116 11.036 12.101
1.5874 2.0207 1.5286 2.0008 1.4812 0.94918 1.501 1.9077
3188 16
3 7 5 8 7 8 2 5
2.0519 1.9857 3.0474 5.0933 6.0228 8.9882 10.996 11.95
1.5505 2.0535 1.5732 1.939 1.5561 1.0641 1.5081 1.9479
3189 16
3 7 5 8 7 8 2 5
2.0179 2.0382 3.0047 5.0543 5.9855 9.0077 11.012 12.106
1.5182 1.9874 1.5504 2.043 1.5552 1.0406 1.5216 2.0464
3190 16
7 2 3 6 5 8 2 8
2.0355 3.9995 5.9586 7.4887 8.0045 9.037 10.918 11.985
2.0347 1.978 1.4875 1.4749 1.9815 0.94882 1.5776 1.4986
3191 16
7 2 3 6 5 8 2 8
2.0419 4.0578 5.9845 7.5449 8.0315 9.0046 11.048 12.014
1.9279 1.9471 1.4875 1.488 2.029 0.96798 1.5314 1.4787
3192 16
7 2 3 6 5 8 2 8
1.9447 4.0368 5.9572 7.4606 7.9816 8.9645 10.968 12.028
2.0307 2.0513 1.4822 1.5356 2.0225 0.98999 1.4764 1.5265
