42
379 16
6 7 1 2
4.0228 7.582 12.875 13.997
1.4263 1.5035 2.4197 1.2724
380 16
6 5 2 6 7 3
0.90764 2.1744 4.2388 4.3128 4.8705 12.504
1.8546 2.9344 2.316 2.9297 2.4603 2.5212
381 16
1 2 7 2 1 7 5
4.1232 4.4908 8.5314 10.162 11.42 12.144 13.98
2.5576 1.6757 2.8751 2.6642 1.1247 2.6856 1.2298
382 16
8 3 4 6 3 8
0.25194 4.9171 6.2789 8.2062 8.5732 8.9543
1.2102 1.9599 2.728 1.8801 2.4976 1.9011
383 16
5 6 3 4 1 2 8
6.8404 7.5221 7.9066 8.7462 9.0374 10.91 12.301
2.6698 1.255 2.1113 2.9044 2.5809 2.564 1.3448
384 16
1 4 3 7
2.0211 4.0046 6.0133 6.0377
1.452 2.5545 1.4761 1.572
385 16
1 4 3 7
1.9436 3.9275 5.9356 6.0514
1.5031 2.5047 1.4516 1.5301
386 16
1 4 3 7
2.0444 3.9813 5.991 6.0366
1.538 2.5232 1.529 1.4837
387 16
1 4 3 7
2.0718 4.0153 5.9202 6.0449
1.4855 2.535 1.4401 1.4775
388 16
2 6 2 8
3.9386 7.574 8.0057 9.0649
2.0563 1.4625 1.5575 0.93483
389 16
2 6 2 8
4.0665 7.566 7.9549 9.0405
1.9869 1.6057 1.559 0.97212
390 16
2 6 2 8
4.0331 7.5356 7.9915 9.0663
2.0605 1.5395 1.5288 1.0128
391 16
2 6 2 8
4.0275 7.4061 8.0851 9.0343
1.9844 1.4083 1.4748 0.90581
392 16
3 8 3 2 8 5
1.9749 4.9939 5.9465 8.0851 9.002 11.995
1.6017 2.0078 1.4229 1.443 0.97347 2.0624
393 16
3 8 3 2 8 5
1.975 4.9852 5.8963 7.9524 9.1212 12.003
1.4612 2.0124 1.438 1.523 1.0623 2.0269
394 16
3 8 3 2 8 5
1.921 5.0012 5.947 7.9383 8.9882 11.984
1.5008 1.9992 1.4553 1.4559 1.0081 2.1097
395 16
3 8 3 2 8 5
1.929 4.9226 6.066 7.9837 9.0076 12.019
1.4702 2.0212 1.5812 1.4845 0.91302 1.9947
396 16
3 8 3 2 8 5
6.0501 9.0163 8.9695 11.069 11.993 12.089
1.5382 0.98337 1.4506 1.4241 1.482 2.0214
397 16
3 8 3 2 8 5
5.9662 8.9422 9.1282 11.007 12.009 12.085
1.5256 0.98078 1.4989 1.3642 1.4011 1.931
398 16
3 8 3 2 8 5
6.044 9.0221 9.0479 11.01 11.983 12.067
1.5545 0.95287 1.5489 1.4999 1.5455 1.9912
399 16
3 8 3 2 8 5
5.9201 8.999 8.9958 11.075 11.987 12.08
1.4123 0.96854 1.4628 1.4734 1.5101 1.9594
400 16
4 8 1 2 3 8
4.0629 4.9666 5.8273 8.008 8.9557 11.855
2.4753 1.9559 1.9828 1.4629 1.4689 1.5549
401 16
4 8 1 2 3 8
4.047 5.0457 5.9645 7.9987 9.0585 11.993
2.5185 2.0486 2.0205 1.6076 1.4648 1.4614
402 16
4 8 1 2 3 8
3.9537 4.9519 5.9499 7.9947 9.0475 11.995
2.5503 1.9155 1.9951 1.4771 1.4369 1.4444
403 16
4 8 1 2 3 8
3.9588 4.9397 6.0115 8.0813 9.0602 12.062
2.5349 1.9283 1.9723 1.4578 1.5067 1.563
404 16
5 4 3 8 3 5
3.0608 4.0211 5.9742 8.9297 9.0252 12.037
1.5182 2.4521 1.4779 1.0211 1.6109 2.0254
405 16
5 4 3 8 3 5
2.9924 4.0503 5.9846 9.0211 8.9391 12.068
1.4176 2.5638 1.4779 1.0193 1.4356 1.9927
406 16
5 4 3 8 3 5
3.0815 4.0252 6.0328 9.0453 8.9264 11.924
1.4971 2.5131 1.4282 1.0137 1.5754 2.0053
407 16
5 4 3 8 3 5
2.9726 3.9859 5.9781 8.9546 9.0608 11.946
1.4669 2.4754 1.5079 0.95123 1.5388 1.9342
408 16
7 5 2 6 8 8
2.0198 3.0519 4.0663 7.5107 9.0107 12.03
1.9272 1.5528 2.0476 1.5495 1.0172 1.5622
409 16
7 5 2 6 8 8
2.0666 3.0348 3.951 7.5281 9.0073 12.007
2.059 1.6533 2.0264 1.4828 0.99573 1.4935
410 16
7 5 2 6 8 8
1.9799 3.0288 4.0206 7.5837 8.9729 12.011
2.0812 1.4754 2.0215 1.4772 1.0469 1.4889
411 16
7 5 2 6 8 8
1.9865 2.9548 3.9665 7.5426 8.9659 12.053
1.9679 1.5375 2.0383 1.4899 1.0035 1.4749
412 16
3 4 8 7 5 2
1.8917 3.9682 4.9684 6.0739 8.07 10.954
1.4318 2.4912 2.0577 1.4621 2.0564 1.5655
413 16
3 4 8 7 5 2
1.9846 3.977 4.9776 6.0237 7.9773 10.992
1.4227 2.4827 1.919 1.4469 2.004 1.4931
414 16
3 4 8 7 5 2
1.9072 4.0597 4.9573 5.9905 8.0692 11.051
1.5813 2.5657 2.0673 1.4957 1.991 1.4968
415 16
3 7 5 8 7 8 2 5
1.8085 2.0483 2.9799 4.9985 6.0059 8.9883 11.071 12.043
1.4162 1.9454 1.4968 2.0414 1.4757 0.9831 1.3973 2.0078
416 16
3 7 5 8 7 8 2 5
2.0034 2.0165 2.9721 4.9982 6.0209 8.9518 11.014 12.016
1.4989 1.978 1.5323 1.8849 1.4957 0.93465 1.5095 1.9351
417 16
3 7 5 8 7 8 2 5
1.9173 1.9678 2.9355 4.9844 6.0791 9.0751 11.013 11.934
1.4868 1.9787 1.524 2.0358 1.5756 0.98095 1.4487 2.0559
418 16
7 2 3 6 5 8 2 8
1.9985 4.0461 5.9783 7.4563 7.9544 8.9421 10.943 11.992
2.0156 1.9861 1.5123 1.5033 2.0087 0.9201 1.5687 1.4955
419 16
7 2 3 6 5 8 2 8
1.9918 3.8938 5.9956 7.4322 7.9101 9.0428 11.054 11.985
2.0724 1.9999 1.4453 1.4301 1.9155 0.93342 1.4854 1.5692
420 16
7 2 3 6 5 8 2 8
2.0512 4.0591 5.9997 7.3916 7.9934 8.9965 11.024 11.996
2.0249 1.9886 1.5042 1.5271 1.9889 1.0249 1.527 1.4683
