41
7500 16
3 8 1 7 3 5 4 7
0.091207 1.9099 3.0908 4.4641 6.2481 7.0391 7.4861 11.388
2.434 1.5823 1.6971 1.582 1.2644 1.6533 1.2206 1.7978
7501 16
7 4 4 2 8 3
2.9808 3.6719 7.4861 7.685 7.7869 8.8693
2.1664 2.7272 2.4362 2.6547 1.5665 1.7197
7502 16
1 8 3 3 2 6
5.0124 5.2767 8.2404 11.389 11.466 14.218
1.3334 1.5583 2.7398 2.4799 2.0464 1.4229
7503 16
3 4 2 7 7 1 4
0.074833 0.4038 2.6126 3.7581 5.8953 13.537 13.633
2.1443 1.179 1.7714 1.3503 1.7319 1.6905 1.1714
7504 16
8 8 6 2 8 8 8
0.23543 3.4378 5.073 5.4367 7.1956 10.572 12.955
1.3488 1.3427 2.534 1.3792 2.8625 1.6679 1.7739
7505 16
1 4 3 7
1.9979 4.0951 6.0698 5.9844
1.4347 2.4543 1.4736 1.5095
7506 16
1 4 3 7
1.9293 3.9951 6.0492 5.9382
1.5188 2.488 1.4262 1.4664
7507 16
1 4 3 7
1.9971 4.078 6.1163 5.9656
1.5021 2.5022 1.4258 1.3924
7508 16
1 4 3 7
1.9146 4.0048 5.9947 6.0013
1.4119 2.4543 1.4589 1.5205
7509 16
2 6 2 8
3.9915 7.47 7.9946 9.0229
2.0267 1.4867 1.4936 0.98527
7510 16
2 6 2 8
4.0309 7.4675 7.9802 8.9831
2.0287 1.5268 1.5612 1.0799
7511 16
2 6 2 8
3.9934 7.5966 7.934 8.9816
2.0489 1.494 1.4909 0.99334
7512 16
2 6 2 8
4.0488 7.4697 7.9894 8.994
2.0182 1.4809 1.4848 1.0092
7513 16
3 8 3 2 8 5
2.0113 4.922 5.9782 8.0356 8.9889 12.027
1.5349 2.078 1.562 1.4665 1.012 1.9816
7514 16
3 8 3 2 8 5
1.9022 4.9988 6.0807 7.9858 9.0675 11.988
1.4842 1.9599 1.5497 1.5347 0.98642 1.9774
7515 16
3 8 3 2 8 5
2.0304 4.978 5.9242 7.8977 9.026 11.937
1.5358 1.9747 1.5225 1.4722 0.94872 2.0081
7516 16
3 8 3 2 8 5
1.9714 4.9918 6.0818 7.9807 9.0171 12.007
1.5872 1.9461 1.5507 1.4994 0.98094 2.0058
7517 16
3 8 3 2 8 5
6.075 8.9479 8.9973 11.025 12.039 12.034
1.4909 0.9245 1.4783 1.522 1.4368 2.1006
7518 16
3 8 3 2 8 5
5.9612 9.0318 8.9955 11.065 12.096 12.037
1.4534 0.98979 1.4706 1.4774 1.4563 2.0741
7519 16
3 8 3 2 8 5
5.977 9.0142 8.9969 11.072 11.995 11.994
1.4855 1.0122 1.524 1.5199 1.4898 2.0062
7520 16
3 8 3 2 8 5
5.9171 8.9865 8.9005 11.005 11.918 12.092
1.5707 1.054 1.4662 1.5144 1.5255 1.9984
7521 16
4 8 1 2 3 8
4.0176 5.0062 6.0095 7.9646 9.0271 12.032
2.5732 1.9463 2.045 1.4565 1.5342 1.4811
7522 16
4 8 1 2 3 8
4.0262 4.9607 5.9779 8.0013 8.9959 12.008
2.502 1.9534 2.039 1.5209 1.4668 1.5709
7523 16
4 8 1 2 3 8
4.0319 4.951 5.9939 8.0559 8.9322 12.034
2.4917 2.0069 2.0463 1.4448 1.476 1.4765
7524 16
4 8 1 2 3 8
3.9973 4.9696 6.0318 8.0137 9.0085 12.083
2.4773 1.9779 1.9928 1.4894 1.5142 1.5128
7525 16
5 4 3 8 3 5
2.9734 3.9727 5.9648 9.0936 8.9747 12.047
1.5488 2.5856 1.5026 1.011 1.5216 1.9651
7526 16
5 4 3 8 3 5
2.979 4.0623 5.9891 8.9302 8.9797 12.021
1.4556 2.4134 1.4948 1.0068 1.5616 1.9244
7527 16
5 4 3 8 3 5
3.0248 3.9869 6.0396 9.0326 8.9708 12.007
1.5002 2.4627 1.5224 1.0379 1.4851 1.9074
7528 16
5 4 3 8 3 5
2.9385 4.0641 6.0396 8.9831 8.9153 11.973
1.5334 2.4606 1.4848 0.98906 1.4474 2.0425
7529 16
7 5 2 6 8 8
2.0267 3.0662 4.0495 7.5575 9.0245 12.093
2.0449 1.5398 1.9931 1.4931 0.97976 1.493
7530 16
7 5 2 6 8 8
1.8945 2.9889 4.0268 7.3858 8.9566 12.026
2.0084 1.512 1.9852 1.5509 1.0382 1.5278
7531 16
7 5 2 6 8 8
2.0097 2.9963 3.968 7.4805 9.0552 12.031
1.9799 1.5266 1.9194 1.5671 1.0113 1.5252
7532 16
3 4 8 7 5 2
1.9552 3.9144 5.0196 5.9347 7.9986 11.044
1.4187 2.4923 2.0338 1.525 2.0353 1.519
7533 16
3 4 8 7 5 2
2.0139 4.0205 5.0289 6.0263 7.9887 11.027
1.513 2.5197 1.9811 1.4742 2.0729 1.5164
7534 16
3 4 8 7 5 2
2.0036 4.0829 4.9748 6.0374 7.9869 11.011
1.5484 2.5274 2.1007 1.4649 1.9975 1.4877
7535 16
3 7 5 8 7 8 2 5
1.9079 1.9071 3.102 5.0117 6.0123 9.0178 10.911 12.057
1.3819 2.0067 1.5544 2.0114 1.651 0.99265 1.5484 1.9368
7536 16
3 7 5 8 7 8 2 5
2.0202 1.9596 3.0289 5.0206 6.0842 8.9754 10.975 12.038
1.5031 1.9371 1.5322 1.952 1.5666 1.0031 1.6225 1.9339
7537 16
3 7 5 8 7 8 2 5
1.985 1.9365 2.9928 4.9651 6.0351 8.9087 10.959 12.067
1.4842 1.9556 1.5111 1.9806 1.527 1.1086 1.4642 2.0176
7538 16
7 2 3 6 5 8 2 8
1.9452 3.993 6.0464 7.5037 7.9689 8.9959 11.03 12.015
1.9568 2.0319 1.4369 1.4901 2.0487 0.95173 1.5305 1.5215
7539 16
7 2 3 6 5 8 2 8
2.0255 4.0418 5.9407 7.4716 8.1149 8.9531 10.917 12.028
1.9602 1.9427 1.5482 1.5602 1.936 0.98183 1.4902 1.4446
7540 16
7 2 3 6 5 8 2 8
1.9525 3.9511 6.0291 7.489 7.9415 9.0931 11.03 11.983
2.0436 1.9255 1.4948 1.5032 2.0978 0.99795 1.4926 1.5045
