41
7377 16
8 1 4 2 3
1.5417 7.7669 9.5567 12.548 13.158
1.6242 2.5157 1.3947 2.3122 1.8211
7378 16
7 2 4 7 4 7 4 4
2.578 3.2476 4.0158 5.8669 8.1875 8.8219 10.362 13.046
1.6435 2.984 2.6214 2.6452 2.1059 1.256 1.2251 2.5531
7379 16
8 7 1 3 6 1 5 6
0.52226 0.78651 2.0655 4.9689 5.3219 5.9034 6.2768 8.8351
1.9927 2.7967 2.6463 1.6341 1.5725 1.6311 2.0476 1.9344
7380 16
5 6 7 5 4 3 5 3
3.6101 3.7398 3.8308 7.892 8.1138 11.074 11.579 13.159
2.7624 2.9691 2.4743 2.4441 2.0029 1.9751 2.2181 2.3527
7381 16
8 7 8 6 4 6 1
2.4452 5.4115 8.8296 11.247 12.641 12.92 13.283
1.8498 2.3604 1.8428 1.5781 2.4517 1.5142 2.5493
7382 16
1 4 3 7
1.9619 4.0203 5.9732 5.9909
1.4531 2.4465 1.5365 1.5051
7383 16
1 4 3 7
2.0543 4.0164 6.0058 5.9923
1.4896 2.5082 1.5179 1.4306
7384 16
1 4 3 7
1.9153 3.9837 6.0724 6.0642
1.53 2.5959 1.4787 1.4571
7385 16
1 4 3 7
1.9901 3.9792 5.9668 6.0414
1.5266 2.5217 1.353 1.5506
7386 16
2 6 2 8
4.0529 7.4214 7.9962 8.9615
1.9886 1.5136 1.5013 0.96886
7387 16
2 6 2 8
3.9362 7.4595 7.971 9.0092
2.082 1.4969 1.5384 1.0314
7388 16
2 6 2 8
4.0383 7.3867 8.0272 9.0006
2.0548 1.4347 1.5137 1.0522
7389 16
2 6 2 8
4.006 7.5263 8.0175 9.0175
1.9368 1.5529 1.5572 1.0267
7390 16
3 8 3 2 8 5
1.9856 4.9398 6.0347 8.0082 8.8929 12.083
1.5863 1.9812 1.5 1.5724 1.0001 1.9887
7391 16
3 8 3 2 8 5
2.0349 4.9524 5.9494 7.9702 9.0104 11.914
1.5456 1.9695 1.5489 1.5039 1.0148 1.9903
7392 16
3 8 3 2 8 5
1.8488 4.91 5.9929 8.0099 9.0581 12.017
1.5221 1.9323 1.426 1.4874 1.103 2.0637
7393 16
3 8 3 2 8 5
2.0116 5.0272 6.0076 8.0141 8.944 11.988
1.5152 2.0176 1.6252 1.5019 0.98871 1.9569
7394 16
3 8 3 2 8 5
5.995 9.0057 8.9668 10.986 11.919 11.865
1.4329 0.98978 1.5252 1.4995 1.4744 1.9662
7395 16
3 8 3 2 8 5
5.9426 8.9172 9.0875 10.955 11.983 12.111
1.5024 1.0622 1.4795 1.4994 1.4699 2.0321
7396 16
3 8 3 2 8 5
6.0533 9.0328 9.0451 11.08 12.008 12.011
1.5391 0.98606 1.4781 1.4865 1.5067 2.006
7397 16
3 8 3 2 8 5
5.9725 8.9639 9.039 11.005 12.005 11.952
1.5282 0.97429 1.5095 1.5739 1.5654 2.0776
7398 16
4 8 1 2 3 8
3.9839 4.9674 6.0763 8.0317 9.0141 11.973
2.4409 1.9261 2.0061 1.5516 1.4523 1.5173
7399 16
4 8 1 2 3 8
4.0625 4.9325 5.958 7.9642 8.9495 11.983
2.5206 1.9968 1.9414 1.5691 1.543 1.4821
7400 16
4 8 1 2 3 8
4.0082 4.9918 6.0225 8.0418 8.9848 12.081
2.3515 1.9513 2.03 1.5278 1.4908 1.534
7401 16
4 8 1 2 3 8
3.9634 5.0743 5.9757 8.0789 8.92 12.007
2.5632 1.9875 1.9565 1.4214 1.5138 1.5232
7402 16
5 4 3 8 3 5
3.032 4.0474 6.026 8.9378 8.974 12.065
1.4938 2.5124 1.5173 1.0056 1.5733 1.9669
7403 16
5 4 3 8 3 5
2.9657 4.0273 6.0367 9.008 8.9633 11.975
1.5563 2.5222 1.4591 1.0247 1.6032 1.9089
7404 16
5 4 3 8 3 5
2.9853 4.0196 6.0743 9.0706 8.963 12.054
1.4669 2.5078 1.5394 1.0082 1.4543 1.9908
7405 16
5 4 3 8 3 5
3.0395 4.0073 5.9254 9.0838 8.8999 11.96
1.5115 2.4431 1.5357 1.058 1.5568 1.9682
7406 16
7 5 2 6 8 8
2.0033 3.0016 3.9762 7.5788 9.0197 11.922
1.9786 1.5129 2.0558 1.5297 0.95829 1.5497
7407 16
7 5 2 6 8 8
1.9894 3.0594 4.102 7.5009 8.9851 11.978
2.0216 1.4245 1.9616 1.4498 0.99171 1.4788
7408 16
7 5 2 6 8 8
1.9738 2.9985 4.005 7.5258 8.9281 12.006
1.993 1.5053 2.0048 1.5309 0.94645 1.5481
7409 16
3 4 8 7 5 2
2.0112 4.0422 4.8988 5.9895 8.033 10.963
1.4629 2.5211 1.9842 1.4885 2.0219 1.4511
7410 16
3 4 8 7 5 2
2.0388 3.9487 5.0755 5.9958 7.9753 10.991
1.5459 2.5742 2.0119 1.5092 2.0734 1.4859
7411 16
3 4 8 7 5 2
2.0094 3.967 4.906 5.9383 7.9876 11.081
1.5228 2.5148 2.0149 1.6061 1.9385 1.4078
7412 16
3 7 5 8 7 8 2 5
2.0056 1.9545 3.0054 5.0894 5.9935 8.9122 11.003 12.002
1.3956 2.0472 1.454 1.9739 1.434 1.0567 1.4562 2.0548
7413 16
3 7 5 8 7 8 2 5
1.9912 2.0655 3.0613 4.9652 5.9887 8.9965 10.977 12.017
1.5049 2.0162 1.4954 1.9758 1.5502 1.0101 1.5226 1.9204
7414 16
3 7 5 8 7 8 2 5
2.0278 1.9462 2.9521 4.9112 5.8812 8.9691 11.029 12.011
1.4406 2.0005 1.5848 2.0134 1.4819 0.93074 1.5934 2.1078
7415 16
7 2 3 6 5 8 2 8
1.9943 3.9862 6.0384 7.4354 8.0199 8.9688 10.995 11.968
1.9613 2.0419 1.498 1.4727 2.0013 1.0339 1.5069 1.4382
7416 16
7 2 3 6 5 8 2 8
1.964 4.0029 6.0624 7.6144 7.9203 9.0111 10.991 12.034
1.9162 2.0858 1.5254 1.4501 2.0194 0.99878 1.5105 1.4278
7417 16
7 2 3 6 5 8 2 8
2.0022 4.0579 5.9741 7.5093 7.972 8.9602 10.92 11.961
1.9696 1.9786 1.541 1.5063 2.0006 0.94672 1.4175 1.5161
