42
1135 16
6 4 7 3 7 1 5 6
1.0638 3.037 3.382 4.8267 5.8609 8.0951 8.1348 9.3752
1.5924 2.5296 2.4513 2.8125 1.2531 1.0736 2.8774 1.2558
1136 16
4 2 4 1 4 7
6.7273 6.8753 9.223 12.255 13.589 14.727
1.9552 2.7552 2.9792 2.9067 1.5272 1.0791
1137 16
2 1 2 5 3 5 6
3.3596 5.8171 7.0586 7.3168 8.4688 12.402 13.132
1.811 1.4081 1.7872 2.8712 2.0579 2.4387 1.4781
1138 16
3 6 4 5 2 7 4 2
1.3898 3.3715 3.6971 5.1256 6.1871 10.817 11.501 12.262
2.546 1.1935 2.9328 2.7144 2.8597 2.3883 1.3237 1.3988
1139 16
3 8 3 8
2.1083 3.6106 9.2952 12.286
2.892 2.0153 1.2287 2.0054
1140 16
1 4 3 7
2.1153 3.9975 6.0104 5.9949
1.609 2.5144 1.531 1.5108
1141 16
1 4 3 7
1.9984 4.0297 6.0055 5.9862
1.531 2.4846 1.4251 1.5445
1142 16
1 4 3 7
1.994 4.0453 5.9268 6.0326
1.559 2.5267 1.4237 1.5246
1143 16
1 4 3 7
1.9823 3.9586 6.0892 6.064
1.4365 2.5698 1.5885 1.4954
1144 16
2 6 2 8
4.0566 7.5139 7.9637 8.9993
2.0662 1.4808 1.405 1.0256
1145 16
2 6 2 8
3.9876 7.5516 8.0422 8.9053
1.9436 1.4116 1.4657 0.99821
1146 16
2 6 2 8
3.9831 7.5093 7.9197 9.0649
1.9996 1.4903 1.4606 1.0072
1147 16
2 6 2 8
4.0504 7.4766 8.0114 9.0091
2.0233 1.5166 1.4503 0.96592
1148 16
3 8 3 2 8 5
2.0293 4.9811 5.9721 8.0122 8.9626 11.941
1.3935 2.0786 1.5066 1.4505 1.0865 2.0295
1149 16
3 8 3 2 8 5
2.0288 4.9778 6.0261 7.9823 8.9572 11.949
1.4898 2.1123 1.5766 1.4958 0.96894 1.973
1150 16
3 8 3 2 8 5
2.0085 4.9639 6.048 7.9849 9.0202 12.044
1.4535 2.0672 1.4927 1.5067 0.96345 1.9081
1151 16
3 8 3 2 8 5
1.9923 4.8983 6.0613 7.9328 8.9361 11.997
1.438 2.0741 1.4685 1.4463 0.99267 1.9889
1152 16
3 8 3 2 8 5
5.9553 8.9844 8.8834 10.984 12.044 12.077
1.463 0.98709 1.4295 1.5893 1.4713 2.0109
1153 16
3 8 3 2 8 5
6.0035 8.9071 8.9931 10.973 12.061 12.025
1.6344 0.94697 1.4706 1.5013 1.5711 1.9662
1154 16
3 8 3 2 8 5
5.9728 9.007 9.0181 10.911 12.004 12.023
1.5782 0.99503 1.5192 1.5283 1.4685 2.0401
1155 16
3 8 3 2 8 5
5.9936 9.035 8.9408 11.017 11.948 12.016
1.4285 1.0843 1.5423 1.5212 1.525 1.9938
1156 16
4 8 1 2 3 8
4.05 4.9805 5.9499 8.0043 8.9724 12.022
2.4933 2.0037 1.9419 1.4073 1.5097 1.5051
1157 16
4 8 1 2 3 8
3.9965 5.0058 5.9805 8.002 9.0144 12.014
2.4478 2.049 1.9821 1.4738 1.5201 1.5206
1158 16
4 8 1 2 3 8
3.9725 5.0218 6.0575 7.9792 9.0381 12.003
2.4298 1.9797 2.056 1.483 1.4917 1.5962
1159 16
4 8 1 2 3 8
4.016 5.0756 5.9851 7.9674 9.0257 11.965
2.4923 2.0231 1.9741 1.4809 1.5267 1.5156
1160 16
5 4 3 8 3 5
2.9169 4.0004 6.0253 9.0729 8.9885 12.031
1.5299 2.5469 1.4681 0.9982 1.5244 1.9831
1161 16
5 4 3 8 3 5
3.0405 4.0045 5.9782 9.0106 8.9832 11.98
1.5335 2.5184 1.4319 1.012 1.4826 2.0269
1162 16
5 4 3 8 3 5
2.99 4.0204 5.9223 8.9894 9.0052 12.018
1.5592 2.5166 1.5156 1.1201 1.4193 1.9662
1163 16
5 4 3 8 3 5
3.0092 4.1117 6.0047 9.0264 9.0834 11.936
1.5079 2.5163 1.421 0.99478 1.4937 2.0029
1164 16
7 5 2 6 8 8
2.0485 2.9325 3.862 7.5227 9.0145 11.91
2.0086 1.5146 2.0187 1.4561 0.92257 1.5155
1165 16
7 5 2 6 8 8
2.0044 2.9942 3.9015 7.4323 9.0021 12.074
1.9492 1.6275 2.0173 1.4589 0.95165 1.4033
1166 16
7 5 2 6 8 8
1.894 2.9322 4.0188 7.4302 8.9256 11.983
2.066 1.4414 1.9737 1.4781 1.0537 1.5236
1167 16
7 5 2 6 8 8
2.1082 3.0581 4.0939 7.4816 8.9593 12.073
2.0566 1.5089 2.0422 1.488 0.99863 1.4319
1168 16
3 4 8 7 5 2
2.0797 4.0136 5.0876 6.0144 8.0435 11.075
1.5136 2.4706 2.0188 1.5752 2.0384 1.4997
1169 16
3 4 8 7 5 2
2.009 4.0537 5.0336 5.9835 7.9607 10.992
1.5201 2.4572 1.9041 1.5102 1.9137 1.5348
1170 16
3 4 8 7 5 2
1.9705 4.0657 5.0056 6.0795 8.0691 10.98
1.5245 2.5099 2.0315 1.5086 1.9905 1.434
1171 16
3 7 5 8 7 8 2 5
1.946 2.0878 2.993 5.03 6.0848 8.9679 10.946 11.94
1.543 1.9958 1.4672 2.0236 1.4993 0.96853 1.4562 2.0088
1172 16
3 7 5 8 7 8 2 5
1.9858 2.039 3.0238 4.887 5.9819 9.0101 10.956 11.938
1.402 2.0114 1.4806 1.9891 1.5132 0.97464 1.4969 2.0194
1173 16
3 7 5 8 7 8 2 5
2.0602 2.0387 2.9498 5.081 5.9789 8.9966 10.999 11.925
1.4488 2.0056 1.491 2.0381 1.4499 1.0087 1.4981 2.0398
1174 16
7 2 3 6 5 8 2 8
2.073 3.9998 5.8966 7.5498 7.9534 9.0075 10.883 12.035
2.0014 1.9814 1.4883 1.4651 2.0188 1.0206 1.4354 1.4714
1175 16
7 2 3 6 5 8 2 8
2.0204 4.0427 6.0451 7.4794 8.0038 9.0142 11.029 11.982
1.994 2.0092 1.522 1.5337 2.0384 1.1193 1.4787 1.5858
1176 16
7 2 3 6 5 8 2 8
1.9977 4.0531 6.1003 7.3877 8.0424 9.029 10.932 11.976
2.033 1.9409 1.4492 1.5157 2.0243 1.05 1.4518 1.4801
