41
9714 16
7 4 1 3 4
0.86476 2.1546 6.747 9.1733 13.194
1.5053 1.4686 2.708 1.93 2.1117
9715 16
7 2 4 3 6 7
5.3314 8.1669 8.5741 8.6269 11.991 12.162
1.8238 2.7239 2.9552 2.9288 1.541 1.5049
9716 16
1 8 5 7
8.795 10.283 12.522 14.061
2.9426 1.8278 2.2151 1.6367
9717 16
5 4 2 5
3.01 7.6875 8.5602 9.803
1.1419 2.1796 2.0827 2.0311
9718 16
3 8 2 6 4
4.5182 4.5686 6.2174 10.471 13.267
2.9213 2.7336 2.7772 1.288 1.6746
9719 16
1 4 3 7
2.0561 4.0137 5.9598 6.0648
1.5036 2.5374 1.4994 1.4828
9720 16
1 4 3 7
2.0539 4.0552 6.0434 6.0424
1.4317 2.5026 1.5593 1.5608
9721 16
1 4 3 7
1.9586 3.9732 5.9617 6.0101
1.4621 2.4677 1.4094 1.4204
9722 16
1 4 3 7
2.1619 3.9992 6.0613 6.0524
1.4392 2.5409 1.4487 1.4061
9723 16
2 6 2 8
3.9807 7.5253 8.0682 9.0232
2.012 1.4597 1.5442 1.0272
9724 16
2 6 2 8
3.9728 7.5252 8.0549 9.0243
2.004 1.5075 1.5088 1.0859
9725 16
2 6 2 8
3.9104 7.428 7.9985 8.9998
1.9686 1.5026 1.5556 0.98911
9726 16
2 6 2 8
3.9715 7.5084 7.9938 9.033
1.99 1.4893 1.5132 0.98739
9727 16
3 8 3 2 8 5
2.0413 5.0118 5.9412 8.0687 8.9868 12.102
1.4176 2.1273 1.5082 1.4078 0.97576 2.0602
9728 16
3 8 3 2 8 5
2.0692 5.0068 6.0014 7.9673 8.9617 12.007
1.5193 1.9818 1.4587 1.485 0.8788 1.9657
9729 16
3 8 3 2 8 5
1.9078 4.9318 5.9275 8.0756 9.0705 11.944
1.5076 2.0241 1.5909 1.4324 0.9796 1.9499
9730 16
3 8 3 2 8 5
1.9681 4.9961 6.0505 8.0469 9.0145 11.942
1.5461 1.9433 1.5147 1.3992 1.0422 2.0016
9731 16
3 8 3 2 8 5
6.0585 9.025 8.9712 10.949 11.918 12.017
1.4776 1.0343 1.4716 1.5427 1.5106 2.0239
9732 16
3 8 3 2 8 5
5.9828 9.0678 9.0165 10.992 12.049 11.942
1.4977 0.94379 1.5755 1.521 1.4115 2.0769
9733 16
3 8 3 2 8 5
6.1187 8.988 9.0795 10.929 12.147 12.022
1.6015 1.028 1.5666 1.5074 1.467 2.0366
9734 16
3 8 3 2 8 5
6.0197 9.0303 8.9273 11.061 12.054 11.952
1.4348 0.96232 1.4832 1.4826 1.5369 1.9667
9735 16
4 8 1 2 3 8
4.0045 4.9358 5.9128 8.1127 9.0821 11.957
2.5893 1.961 1.9193 1.4722 1.5866 1.5075
9736 16
4 8 1 2 3 8
4.0314 4.9509 6.1215 7.9611 8.91 11.987
2.5234 2.0215 2.0764 1.5715 1.479 1.4566
9737 16
4 8 1 2 3 8
3.9489 4.935 5.8943 7.9287 9.0063 12.061
2.4987 1.9577 2.0353 1.4899 1.4771 1.5326
9738 16
4 8 1 2 3 8
4.0791 5.0234 6.1074 7.9789 9.0036 11.944
2.3678 1.9973 1.9608 1.5357 1.5178 1.5125
9739 16
5 4 3 8 3 5
3.035 3.9942 6.0768 9.0657 8.9077 11.969
1.5197 2.5306 1.5605 0.98391 1.3728 1.9733
9740 16
5 4 3 8 3 5
2.9558 4.0431 6.0458 8.9529 8.933 12.009
1.5145 2.5665 1.5221 1.0028 1.4893 2.0665
9741 16
5 4 3 8 3 5
3.0135 4.0607 6.1236 8.9723 9.0054 11.995
1.434 2.472 1.5023 1.092 1.4721 2.025
9742 16
5 4 3 8 3 5
2.9733 3.9898 6.0064 9.0469 9.0093 11.908
1.4776 2.5197 1.5088 1.0112 1.5263 2.0028
9743 16
7 5 2 6 8 8
2.0046 3.0322 4.045 7.5161 8.9941 12.052
1.8692 1.4791 1.981 1.4504 0.9799 1.5609
9744 16
7 5 2 6 8 8
1.9524 2.9175 4.0398 7.4818 9.0245 12.035
2.0588 1.4435 2.0074 1.5968 1.0351 1.4693
9745 16
7 5 2 6 8 8
2.0431 2.9688 3.9572 7.5195 9.0706 11.993
1.9277 1.5527 1.9631 1.5166 1.0722 1.4902
9746 16
3 4 8 7 5 2
2.0211 3.9616 5.0128 6.0538 7.9367 11.023
1.4606 2.5035 2.048 1.4316 1.9928 1.4626
9747 16
3 4 8 7 5 2
2.0568 3.961 4.9392 6.0003 8.034 10.957
1.4793 2.4945 2.0374 1.4944 2.068 1.5325
9748 16
3 4 8 7 5 2
1.9365 3.9984 4.9451 6.0225 7.9891 11.075
1.4842 2.5477 1.9593 1.6007 1.9014 1.5314
9749 16
3 7 5 8 7 8 2 5
1.9815 1.9011 2.9404 4.9926 6.0311 9.0022 10.994 11.987
1.5338 2.0149 1.4427 2.0488 1.5334 1.0099 1.5096 1.9607
9750 16
3 7 5 8 7 8 2 5
2.0001 2.0136 2.9576 4.9583 6.0831 8.9404 11.052 12.012
1.5145 1.9912 1.6109 2.0086 1.459 0.94464 1.5979 2.0337
9751 16
3 7 5 8 7 8 2 5
1.9855 1.9596 2.9863 5.0544 5.9697 8.9893 10.991 12.031
1.491 2.0131 1.4735 2.0188 1.4636 1.098 1.4863 1.9599
9752 16
7 2 3 6 5 8 2 8
1.9097 4.0386 5.9682 7.5347 8.0513 8.997 11.032 11.931
2.0169 2.065 1.5425 1.4947 2.083 1.0244 1.4152 1.5682
9753 16
7 2 3 6 5 8 2 8
1.9706 4.0493 6.0311 7.5248 7.9292 9.1042 11.037 11.944
2.0491 1.9726 1.541 1.5641 2.0069 0.90755 1.5532 1.4981
9754 16
7 2 3 6 5 8 2 8
1.9728 4.0758 6.0119 7.5415 8.0213 8.9628 11.047 12.024
1.9105 1.9888 1.5536 1.4626 1.9679 0.97988 1.4912 1.5483
