42
799 16
6 4 7 2 6
0.83435 1.1808 2.3451 9.3159 9.4076
2.1672 2.297 1.899 1.8451 2.9281
800 16
1 8 5 2 5 4
3.0072 3.0809 3.2653 4.404 9.8774 10.104
1.7296 1.9386 1.8276 1.2765 2.5138 1.7067
801 16
3 4 7 4 2 7 8 1
1.6972 5.5111 7.7868 10.308 11.768 12.597 12.795 14.582
1.3606 2.2369 2.6411 2.2713 1.9449 2.0832 1.2505 1.0919
802 16
4 7 5 3 1 8 5 1
0.48213 2.4938 5.2447 7.389 7.7892 9.9165 10.751 12.627
2.0436 1.9788 2.3473 1.701 2.7688 1.3555 1.3258 2.2423
803 16
2 5 8 8 4 2 1
1.3417 2.8035 4.4294 9.4193 11.36 13.758 14.079
2.9771 2.9014 1.3149 1.4134 2.3966 2.0157 1.6635
804 16
1 4 3 7
1.899 3.881 5.9588 6.0388
1.4941 2.4158 1.4825 1.3841
805 16
1 4 3 7
1.9353 4.0418 5.9633 6.021
1.412 2.5489 1.5489 1.5479
806 16
1 4 3 7
1.9169 3.9883 6.0708 5.9686
1.5061 2.5185 1.5091 1.5323
807 16
1 4 3 7
2.068 3.9776 5.9431 6.0474
1.5497 2.5644 1.4829 1.5495
808 16
2 6 2 8
3.9916 7.3943 8.0586 8.9877
1.929 1.4892 1.4708 1.0649
809 16
2 6 2 8
4.0117 7.4662 8.0183 9.1004
1.9281 1.5876 1.4708 1.0023
810 16
2 6 2 8
3.9955 7.4327 7.9789 9.0367
1.9786 1.4661 1.4703 1.011
811 16
2 6 2 8
3.9992 7.4694 7.9825 8.9638
2.0663 1.5081 1.4938 0.92244
812 16
3 8 3 2 8 5
1.9988 5.0714 6.0056 7.8894 9.0822 11.955
1.5129 1.9554 1.5054 1.4591 1.1474 1.9927
813 16
3 8 3 2 8 5
2.0548 4.9791 6.1077 7.9103 8.9795 11.899
1.4873 1.949 1.5005 1.4736 0.99873 1.968
814 16
3 8 3 2 8 5
1.9801 4.9707 6.0035 7.9835 9.0195 12.024
1.5319 2.0125 1.4789 1.5905 0.98918 2.0371
815 16
3 8 3 2 8 5
1.9167 4.9452 6.041 7.9537 9.0281 12.094
1.4707 2.1023 1.3924 1.4948 0.9861 2.0029
816 16
3 8 3 2 8 5
5.957 9.0227 8.9656 11.028 12.018 11.989
1.4593 1.0191 1.5945 1.473 1.5285 2.0211
817 16
3 8 3 2 8 5
5.9483 9.0957 8.9154 10.88 12.064 11.986
1.4901 0.98819 1.473 1.4736 1.4758 2.0133
818 16
3 8 3 2 8 5
6.0277 8.97 8.9674 10.919 11.966 11.957
1.5244 1.0091 1.5301 1.5604 1.601 2.0419
819 16
3 8 3 2 8 5
6.0588 8.981 9.0267 10.961 12.013 11.975
1.5314 0.97207 1.6034 1.4932 1.4873 1.9914
820 16
4 8 1 2 3 8
3.9704 5.0199 5.9583 8.0698 9.0116 11.993
2.5562 1.9787 1.9777 1.4643 1.4641 1.5702
821 16
4 8 1 2 3 8
3.9968 5.0626 6.0235 7.9634 9.0881 12.014
2.4737 2.0403 1.962 1.5097 1.5953 1.5292
822 16
4 8 1 2 3 8
4.0338 4.9094 6.0496 8.051 8.9678 12.014
2.4525 2.0524 2.0418 1.4933 1.4933 1.5623
823 16
4 8 1 2 3 8
4.0199 5.0823 5.9962 8.0717 9.0239 11.985
2.503 1.9539 2.0507 1.5016 1.6069 1.5367
824 16
5 4 3 8 3 5
2.9742 4.1028 5.9041 9.004 8.9501 12.025
1.5156 2.5968 1.524 0.9543 1.5704 1.9747
825 16
5 4 3 8 3 5
2.9734 4.0198 6.0301 9.0069 9.0385 11.931
1.4296 2.5053 1.5325 0.90096 1.4724 2.0197
826 16
5 4 3 8 3 5
3.0577 4.0594 6.0241 8.9265 9.0133 12.026
1.5785 2.4808 1.5043 1.0803 1.492 2.0484
827 16
5 4 3 8 3 5
3.1019 4.0885 6.0205 8.9531 9.0116 11.939
1.559 2.5948 1.5392 1.0169 1.5005 1.962
828 16
7 5 2 6 8 8
2.0879 3.0094 4.1283 7.5057 9.0623 11.917
1.9701 1.547 1.9802 1.4707 0.98801 1.5835
829 16
7 5 2 6 8 8
1.9589 3.0137 4.0474 7.5219 8.9625 11.909
1.9577 1.4427 1.9782 1.5035 0.94608 1.6157
830 16
7 5 2 6 8 8
2.03 3.0512 4.0786 7.4337 9.0717 11.865
2.0303 1.5014 2.0755 1.5622 1.038 1.5499
831 16
7 5 2 6 8 8
1.9668 3.0342 3.9512 7.4135 9.0517 11.934
1.9631 1.5249 1.9923 1.4485 0.96479 1.5792
832 16
3 4 8 7 5 2
2.0607 4.001 4.9774 6.086 7.8987 10.991
1.4676 2.5243 2.0002 1.5086 1.9155 1.4905
833 16
3 4 8 7 5 2
1.9475 3.9533 5.0994 5.9995 7.9217 11.048
1.5426 2.4936 1.9729 1.3912 2.0162 1.5221
834 16
3 4 8 7 5 2
1.9564 3.8989 4.9906 5.9988 7.9492 10.996
1.4654 2.4502 2.0577 1.5323 2.0193 1.5129
835 16
3 7 5 8 7 8 2 5
2.0727 1.9859 2.946 4.9653 5.9957 8.9988 11.002 11.973
1.5194 1.9977 1.4151 1.9957 1.474 0.99046 1.4484 1.9898
836 16
3 7 5 8 7 8 2 5
2.0477 1.9254 3.0883 4.9743 5.9685 9.0277 11.098 11.972
1.4198 1.9542 1.513 2.0571 1.5284 1.1118 1.5483 2.0774
837 16
3 7 5 8 7 8 2 5
2.039 2.0104 3.0266 5.0001 5.921 8.9361 11.037 11.962
1.4644 2.0067 1.6041 2.0182 1.4877 1.0005 1.5336 1.9703
838 16
7 2 3 6 5 8 2 8
1.9402 3.9722 5.9718 7.4272 8.052 8.9038 10.99 11.857
1.9785 1.9622 1.514 1.5007 2.0817 1.0414 1.5741 1.4883
839 16
7 2 3 6 5 8 2 8
2.0154 4.0122 5.9965 7.4502 7.9708 9.0712 10.986 11.971
2.0427 2.0663 1.4241 1.4838 1.9882 0.98923 1.4295 1.5123
840 16
7 2 3 6 5 8 2 8
1.9224 3.9949 6.0042 7.5084 8.0255 9.0147 10.998 12.06
2.0651 2.0212 1.4799 1.5026 2.0434 0.98676 1.4761 1.5126
