41
9427 16
4 8 2 4
0.24162 1.0135 1.4822 9.4153
1.2943 2.8281 2.8137 2.3512
9428 16
1 6 8 3 2
3.4099 4.1032 7.335 10.579 10.579
1.5957 1.2091 2.9896 1.8133 1.7948
9429 16
4 7 6 1 2 8 7
2.3714 3.5463 5.5893 6.0501 7.0441 10.648 12.109
2.9298 2.6629 1.8652 2.5152 1.4273 2.4086 1.6737
9430 16
4 3 1 7 2 6 3 5
0.63432 1.7953 2.0153 6.5276 8.287 8.9712 11.959 13.888
1.6403 1.4069 1.8697 2.1274 2.0065 2.6181 2.2023 1.2797
9431 16
6 5 2 1 7 3 8
0.94174 1.3676 3.0808 3.5837 7.3245 7.4486 8.3515
1.6797 2.4265 1.8002 1.2585 2.8633 2.859 1.8536
9432 16
1 4 3 7
1.9625 3.9865 6.0019 6.0691
1.574 2.517 1.4757 1.4485
9433 16
1 4 3 7
1.967 3.9449 5.9901 5.9248
1.5559 2.4921 1.488 1.5586
9434 16
1 4 3 7
1.9728 3.9598 6.0855 5.9823
1.5732 2.5674 1.5322 1.4134
9435 16
1 4 3 7
1.9415 3.9294 6.02 6.0253
1.4471 2.5581 1.4793 1.4576
9436 16
2 6 2 8
3.9993 7.5073 8.0388 8.967
1.9603 1.5515 1.5094 0.94597
9437 16
2 6 2 8
4.0988 7.432 7.9393 9.0759
2.0523 1.5894 1.4808 0.94942
9438 16
2 6 2 8
4.0416 7.506 8.0361 9.0135
1.9802 1.4653 1.5052 1.0528
9439 16
2 6 2 8
4.0847 7.5479 7.9977 8.9713
1.9419 1.4593 1.4558 1.0908
9440 16
3 8 3 2 8 5
2.0242 4.9287 5.9687 8.0199 8.9558 12.012
1.5112 2.0499 1.4797 1.5046 1.0413 1.9902
9441 16
3 8 3 2 8 5
2.0632 5.0392 6.0782 7.9721 9.0097 12.067
1.5679 1.995 1.4721 1.504 0.93916 1.9697
9442 16
3 8 3 2 8 5
1.9302 4.9899 6.0352 7.9621 9.0733 12.032
1.4884 1.9247 1.4831 1.5394 1.0027 2.0092
9443 16
3 8 3 2 8 5
1.9735 5.0344 6.0428 8.0426 9.1209 12.024
1.537 2.0115 1.4588 1.4666 1.0198 1.9719
9444 16
3 8 3 2 8 5
5.9855 9.0194 8.8569 10.934 12.042 11.91
1.4612 1.1012 1.638 1.4143 1.4993 2.0018
9445 16
3 8 3 2 8 5
5.9349 9.0681 8.9858 11 12.049 11.989
1.505 0.94504 1.5576 1.4944 1.4754 1.9568
9446 16
3 8 3 2 8 5
5.9289 8.9114 8.9983 10.969 11.963 12.025
1.5049 1.0071 1.4314 1.5349 1.5143 2.0468
9447 16
3 8 3 2 8 5
5.989 8.9927 9.0165 11.097 12.038 11.94
1.4416 0.97944 1.5206 1.571 1.5096 2.0129
9448 16
4 8 1 2 3 8
4.0772 5.0213 5.9625 7.9521 9.0976 11.934
2.5111 2.0095 1.9372 1.4715 1.6182 1.5166
9449 16
4 8 1 2 3 8
3.9728 5.0649 5.8181 7.9794 8.9477 11.995
2.5208 2.0208 1.9948 1.5632 1.4574 1.5628
9450 16
4 8 1 2 3 8
4.0092 5.0637 6.0102 7.9119 9.038 11.953
2.4934 1.9838 1.945 1.5004 1.5204 1.5073
9451 16
4 8 1 2 3 8
4.0905 4.9908 6.0478 7.9797 9.0732 11.935
2.442 1.9769 1.9329 1.469 1.5012 1.4849
9452 16
5 4 3 8 3 5
3.024 4.0423 5.8976 8.9944 9.0628 12.047
1.5024 2.457 1.4409 0.98439 1.4607 1.9913
9453 16
5 4 3 8 3 5
2.9246 3.9411 5.9369 8.9679 8.9665 11.967
1.5291 2.5451 1.5183 1.0106 1.5318 1.9325
9454 16
5 4 3 8 3 5
2.9565 3.9891 6.031 8.9408 9.0073 12.161
1.4621 2.4156 1.5291 0.97993 1.4488 2.0411
9455 16
5 4 3 8 3 5
3.0375 3.8996 5.9986 9.0771 9.0325 12.086
1.4892 2.4215 1.479 0.97839 1.5404 2.0319
9456 16
7 5 2 6 8 8
2.0238 3.0149 3.9545 7.5832 9.0223 12.026
2.0299 1.5511 1.9459 1.5566 1.0036 1.564
9457 16
7 5 2 6 8 8
1.9947 2.9242 4.0072 7.4961 9.0249 11.991
1.9554 1.4256 1.9393 1.5476 1.0998 1.4927
9458 16
7 5 2 6 8 8
2.0082 2.9576 4.0171 7.4964 9.0477 11.973
1.9816 1.5244 1.9903 1.4475 0.96776 1.4851
9459 16
3 4 8 7 5 2
1.979 3.9677 5.0353 6.0177 7.9964 10.97
1.483 2.5326 2.0424 1.5329 2.0115 1.4291
9460 16
3 4 8 7 5 2
1.8958 4.0472 4.8533 5.9633 8.0108 10.998
1.4428 2.526 2.0535 1.5385 1.8976 1.4617
9461 16
3 4 8 7 5 2
1.9688 4.0466 5.0342 6.0178 8.0264 10.985
1.4896 2.5168 2.0041 1.4792 1.984 1.4945
9462 16
3 7 5 8 7 8 2 5
2.0815 1.949 3.0766 5.0569 6.0163 9.0197 10.922 12.066
1.4602 2.0272 1.5626 2.0694 1.4247 0.91387 1.4872 1.9799
9463 16
3 7 5 8 7 8 2 5
2.0501 2.0606 3.0308 5.0334 5.9636 8.9489 11.035 11.999
1.458 1.9431 1.4958 1.9069 1.4994 0.97978 1.4786 1.9656
9464 16
3 7 5 8 7 8 2 5
2.0084 2.0268 3.0083 4.9438 5.9342 9.0471 10.988 11.951
1.4879 1.9412 1.4963 1.914 1.4965 1.0577 1.5644 1.9672
9465 16
7 2 3 6 5 8 2 8
1.9987 4.0376 5.9993 7.5074 7.9993 9.0757 10.987 12.069
1.9982 1.9397 1.5245 1.4943 1.975 1.0242 1.4681 1.5411
9466 16
7 2 3 6 5 8 2 8
2.0261 3.9594 6.1168 7.4816 8.0041 9.1204 11.014 12.038
1.9665 1.9997 1.4928 1.4817 1.9461 1.0671 1.4413 1.5514
9467 16
7 2 3 6 5 8 2 8
2.0247 4.0175 5.9342 7.5577 8.0088 8.9371 11.025 11.991
2.0293 2.0725 1.4361 1.4398 1.9285 0.92489 1.5736 1.4715
