42
2647 16
7 1 4 7 7
0.34016 1.9185 3.5052 8.5629 11.25
1.6302 2.7542 2.9059 1.2604 1.109
2648 16
5 4 6 8 7 3
1.1248 1.8179 2.553 4.8421 8.4015 12.288
2.1822 2.96 1.7213 2.8187 1.2703 2.6103
2649 16
8 2 1 3 6
2.8398 5.6073 7.2196 7.4501 13.856
2.8502 1.6659 2.6289 2.2508 1.4693
2650 16
4 5 3 2 1
0.22375 0.49872 1.6508 7.6497 12.571
1.8618 2.9961 2.719 2.9828 2.6881
2651 16
3 1 2 5 4 2 6
1.4785 1.5326 4.3997 7.0096 8.4531 11.233 11.647
1.4543 1.3202 1.2089 1.5908 1.5489 2.1757 2.961
2652 16
1 4 3 7
2.0636 3.9394 5.9847 5.9859
1.5611 2.5602 1.4459 1.5155
2653 16
1 4 3 7
1.967 4.0384 6.0358 5.9559
1.4785 2.483 1.4668 1.4798
2654 16
1 4 3 7
2.0221 4.0188 6.0108 6.0241
1.4536 2.4405 1.5408 1.4576
2655 16
1 4 3 7
1.9919 4.034 5.9596 5.9471
1.5475 2.5876 1.4614 1.4923
2656 16
2 6 2 8
4.0546 7.4672 7.9581 9.0833
2.0136 1.5269 1.4968 0.90597
2657 16
2 6 2 8
4.0364 7.5015 7.9432 8.9568
1.994 1.4353 1.5076 1.0034
2658 16
2 6 2 8
3.998 7.5433 8.0742 8.9433
2.0243 1.4973 1.5254 0.95911
2659 16
2 6 2 8
4.0751 7.4646 7.9534 9.0444
1.9323 1.5485 1.4624 1.0162
2660 16
3 8 3 2 8 5
1.9961 4.9737 6.0616 8.0067 8.9248 11.956
1.4917 2.0118 1.5182 1.4219 1.0411 1.9879
2661 16
3 8 3 2 8 5
1.9422 5.0292 6.0029 7.9504 9.048 11.918
1.3913 2.0081 1.4485 1.3526 0.97695 1.9401
2662 16
3 8 3 2 8 5
2.0246 4.9617 5.9542 7.9915 9.0124 12.05
1.5188 2.0129 1.4635 1.553 0.97029 2.0361
2663 16
3 8 3 2 8 5
2.0936 4.9435 5.9344 7.9746 8.9329 11.942
1.4766 2.0687 1.4542 1.425 0.94965 1.9227
2664 16
3 8 3 2 8 5
6.005 8.9317 8.9541 11.027 11.989 12.019
1.4826 1.034 1.4655 1.4909 1.4185 1.9527
2665 16
3 8 3 2 8 5
6.0168 8.9989 9.1081 10.934 12.056 11.984
1.3785 0.98469 1.43 1.5069 1.3647 2.0761
2666 16
3 8 3 2 8 5
6.0058 8.9545 9.0065 11.037 11.993 12.002
1.4157 0.9136 1.5272 1.3931 1.4525 2.057
2667 16
3 8 3 2 8 5
5.9526 8.9226 8.9627 10.967 12.043 11.978
1.5553 1.0082 1.4893 1.389 1.5493 1.992
2668 16
4 8 1 2 3 8
4.0031 4.9659 6.0304 8.0523 8.8728 11.923
2.5047 1.9974 1.9782 1.5287 1.5926 1.5009
2669 16
4 8 1 2 3 8
4.0536 5.001 6.0051 7.9637 8.9408 12.03
2.533 2.0261 1.9909 1.4867 1.5464 1.5284
2670 16
4 8 1 2 3 8
4.0683 5.0527 5.9822 7.9827 8.9287 11.966
2.5748 2.0842 2.1589 1.5157 1.5115 1.5477
2671 16
4 8 1 2 3 8
3.9524 5.0295 5.9456 7.8654 8.9578 11.953
2.459 1.9329 2.0463 1.4437 1.5577 1.5887
2672 16
5 4 3 8 3 5
3.0085 3.9735 6.0825 9.0505 8.9797 11.954
1.4118 2.5465 1.551 1.0247 1.3664 2.0847
2673 16
5 4 3 8 3 5
2.9454 3.9568 5.9354 9.0379 9.0183 11.966
1.5662 2.4948 1.543 1.0368 1.5226 1.988
2674 16
5 4 3 8 3 5
3.0293 3.9358 6.0396 9.0368 9.0013 12.093
1.4046 2.5533 1.5986 1.0178 1.5798 2.0116
2675 16
5 4 3 8 3 5
2.9603 4.0261 5.9701 9.0045 9.0593 12.03
1.5182 2.5145 1.4754 1.0201 1.5121 1.9948
2676 16
7 5 2 6 8 8
1.9944 2.9041 3.9862 7.5233 9.0414 11.995
1.9276 1.5585 2.0362 1.5812 0.98286 1.5506
2677 16
7 5 2 6 8 8
1.9467 3.0526 3.986 7.4518 8.9478 11.97
2.093 1.4896 2.0455 1.5597 0.9363 1.5308
2678 16
7 5 2 6 8 8
2.0081 3.0261 4.0599 7.542 8.9952 12.029
1.9705 1.3648 1.9873 1.5648 0.9882 1.5035
2679 16
7 5 2 6 8 8
2.0091 2.892 3.9767 7.5446 8.8985 12.07
2.0873 1.5428 1.9131 1.5232 0.97919 1.5896
2680 16
3 4 8 7 5 2
1.9946 3.993 5.0228 6.0002 7.9862 10.918
1.4456 2.5315 1.9908 1.4524 2.0253 1.5605
2681 16
3 4 8 7 5 2
2.0689 4.0464 4.9559 6.0282 7.9967 11.092
1.5237 2.412 1.9349 1.5487 1.9215 1.4562
2682 16
3 4 8 7 5 2
2.0647 3.9589 4.9658 5.9659 8.0048 10.99
1.6033 2.4627 1.9801 1.5352 2.0185 1.4771
2683 16
3 7 5 8 7 8 2 5
2.0679 2.064 2.9907 5.0597 5.8576 8.8884 10.982 11.953
1.4945 1.9978 1.4092 1.9904 1.5599 0.93873 1.5608 1.9574
2684 16
3 7 5 8 7 8 2 5
1.9675 1.9643 3.0213 4.9693 5.9342 8.9566 10.986 11.968
1.5314 2.0146 1.513 1.9179 1.5015 1.0135 1.4527 2.0534
2685 16
3 7 5 8 7 8 2 5
1.9461 2.0403 2.8684 4.9536 5.9707 9.0321 11.011 12.094
1.5396 2.0311 1.441 1.9857 1.5714 0.97341 1.4422 1.9328
2686 16
7 2 3 6 5 8 2 8
2.0424 4.032 5.9636 7.4271 7.9223 8.9691 11.008 12.04
1.9572 1.971 1.5876 1.4368 2.0152 0.96416 1.4707 1.3967
2687 16
7 2 3 6 5 8 2 8
1.9718 3.9635 5.9901 7.4896 7.995 9.0827 10.926 12.009
1.965 1.9832 1.4343 1.5074 2.0572 0.95902 1.4592 1.5364
2688 16
7 2 3 6 5 8 2 8
1.9427 4.0728 6.0388 7.4686 8.0109 9.0487 10.928 12.004
1.9704 1.9424 1.4387 1.4989 1.9879 0.98637 1.462 1.5052
