41
7828 16
5 4 2 6 1 2
2.0679 2.6458 6.8012 7.885 9.7918 9.8789
1.3526 1.5499 1.5626 1.4618 2.7336 1.3
7829 16
5 4 3 2 8 5
2.9557 2.9601 5.3255 5.669 7.5722 11.426
2.5874 2.9984 1.1034 1.8142 1.5545 1.7559
7830 16
8 3 2 5 1
4.8174 6.9787 12.133 13.479 13.742
1.3095 1.1735 1.3174 2.2815 1.2427
7831 16
2 8 3 3 4 7
2.4853 2.8897 8.6276 11.103 11.811 11.975
1.2288 2.2568 1.669 1.4363 2.5421 2.0929
7832 16
4 7 3 6 7
0.32136 1.2515 5.0738 7.5352 13.595
1.6068 1.2217 2.7578 2.0925 1.4796
7833 16
1 4 3 7
2.0174 4.0829 6.0523 5.9792
1.4035 2.5439 1.5034 1.53
7834 16
1 4 3 7
1.9652 3.9653 5.9715 6.1627
1.5427 2.4812 1.4692 1.5729
7835 16
1 4 3 7
1.9197 3.9853 5.927 5.9951
1.4738 2.3975 1.5398 1.5068
7836 16
1 4 3 7
1.9838 3.9715 6.0434 5.9733
1.4809 2.5575 1.5476 1.4884
7837 16
2 6 2 8
4.0028 7.5259 7.9512 9.0244
2.0177 1.5779 1.5598 0.88306
7838 16
2 6 2 8
4.0032 7.4421 7.9732 9.0007
2.0071 1.4681 1.549 1.0681
7839 16
2 6 2 8
4.0551 7.4769 7.9884 8.9713
2.0335 1.472 1.4284 1.0659
7840 16
2 6 2 8
4.0747 7.4719 8.0075 9.0095
1.9661 1.6086 1.5635 1.0176
7841 16
3 8 3 2 8 5
1.9892 4.9808 6.1674 7.9797 9.0064 11.868
1.498 1.9197 1.4499 1.4741 1.0253 2.0345
7842 16
3 8 3 2 8 5
2.0122 5.0134 6.0236 7.982 8.9872 11.95
1.4893 1.9912 1.6158 1.4733 0.99321 2.035
7843 16
3 8 3 2 8 5
2.0793 5.0296 5.9925 8.0755 9.0259 12.089
1.5317 2.0692 1.5354 1.5106 1.0299 1.857
7844 16
3 8 3 2 8 5
1.9475 4.9699 6.0064 7.9796 8.9787 11.906
1.5277 2.0334 1.4049 1.5545 1.0314 1.9636
7845 16
3 8 3 2 8 5
6.0159 8.9993 9.0215 10.968 11.985 12.008
1.5172 0.94939 1.5433 1.3837 1.4976 1.9324
7846 16
3 8 3 2 8 5
6.089 9.0594 9.1205 10.991 12.006 11.986
1.5665 0.97292 1.4899 1.4477 1.5077 1.9524
7847 16
3 8 3 2 8 5
6.0555 9.038 8.9338 10.936 11.92 11.973
1.4676 0.99013 1.5022 1.5375 1.4435 1.984
7848 16
3 8 3 2 8 5
5.9955 8.9953 8.9396 10.961 11.964 12.003
1.4432 0.92563 1.4759 1.461 1.4831 2.0442
7849 16
4 8 1 2 3 8
3.9523 5.0722 6.0645 7.9393 9.0359 11.98
2.5626 1.953 2.0772 1.4483 1.5206 1.5208
7850 16
4 8 1 2 3 8
3.929 5.0298 6.0346 7.9875 8.9784 11.955
2.4458 1.9752 1.9638 1.5573 1.4603 1.5332
7851 16
4 8 1 2 3 8
4.0021 5.0021 5.9428 8.0241 9.0142 11.998
2.523 2.0195 1.9952 1.4408 1.5432 1.4815
7852 16
4 8 1 2 3 8
3.9563 5.0403 5.9378 8.0319 9.0785 12.04
2.4974 2.0376 1.9742 1.489 1.521 1.5157
7853 16
5 4 3 8 3 5
2.9843 4.0377 5.9928 8.9345 8.9805 11.981
1.4551 2.5139 1.4885 0.98407 1.5647 1.9312
7854 16
5 4 3 8 3 5
2.944 4.0865 5.9886 9.1406 8.9967 11.963
1.4575 2.4788 1.4789 0.9538 1.4932 1.9582
7855 16
5 4 3 8 3 5
3.0348 4.0674 6.0065 8.9953 8.9698 11.861
1.3894 2.5094 1.4545 1.0209 1.4266 2.0566
7856 16
5 4 3 8 3 5
3.0278 3.9586 6.0398 9.096 8.9551 11.992
1.4965 2.5543 1.5134 1.0303 1.5616 2.0197
7857 16
7 5 2 6 8 8
1.9962 2.921 4.0473 7.4855 9.0149 12.078
2.0115 1.5049 2.0404 1.5354 1.048 1.4403
7858 16
7 5 2 6 8 8
2.0272 3.0229 4.0195 7.4941 8.9868 12.117
1.9822 1.3874 2.0126 1.4293 0.9543 1.5611
7859 16
7 5 2 6 8 8
2.0112 3.0752 4.0379 7.4979 9.0369 12.037
2.0226 1.4269 2.0183 1.4227 1.0435 1.5363
7860 16
3 4 8 7 5 2
1.9905 3.9007 4.9815 5.9274 7.9576 10.972
1.58 2.5283 1.9361 1.5334 1.9213 1.5587
7861 16
3 4 8 7 5 2
2.0522 4.0657 4.991 5.9933 7.9542 11.035
1.4208 2.4514 2.0459 1.4587 2.0423 1.5975
7862 16
3 4 8 7 5 2
2.0254 4.0598 5.0236 5.9939 8.0348 11.101
1.4853 2.6343 1.9706 1.4979 2.064 1.5338
7863 16
3 7 5 8 7 8 2 5
2.0563 2.0812 2.9896 4.9494 5.9513 9.0115 10.981 11.933
1.389 1.9394 1.307 1.9355 1.5154 1.0337 1.5476 2.0296
7864 16
3 7 5 8 7 8 2 5
2.0731 1.9539 3.0663 5.0484 6.0303 8.9875 10.936 12.052
1.5078 2.1281 1.5673 2.0126 1.6189 0.9666 1.5555 2.0043
7865 16
3 7 5 8 7 8 2 5
1.955 2.0311 2.8962 4.9914 6.0091 9.0748 10.94 12.03
1.4702 1.9802 1.4265 1.9965 1.4868 0.97436 1.3916 2.0328
7866 16
7 2 3 6 5 8 2 8
1.9644 4.0433 6.0328 7.5441 8.026 9.072 11.089 12.044
2.0672 2.0481 1.4647 1.4649 2.0095 0.88589 1.458 1.5498
7867 16
7 2 3 6 5 8 2 8
2.0092 3.9707 5.9758 7.4529 8.0248 8.9485 10.902 12.067
1.9725 2.0122 1.5274 1.524 2.0024 0.91063 1.4761 1.4596
7868 16
7 2 3 6 5 8 2 8
2.0579 4.007 5.9852 7.5592 8.0406 9.0276 11.088 12.029
2.0349 2.004 1.4585 1.5105 1.9345 0.96674 1.4874 1.5053
