41
9509 16
8 4 2 1 5 6 4
0.19727 1.7528 2.0142 3.5 4.4269 10.035 12.016
2.5076 1.4381 1.135 1.4577 2.4337 2.7583 2.9989
9510 16
2 5 7 3 1
3.4563 9.1929 12.379 13.164 13.689
1.4238 1.3202 2.9642 2.2599 1.8759
9511 16
1 4 3 1
2.1038 9.5808 11.441 14.666
1.839 2.3098 1.5041 1.0726
9512 16
4 7 2 8 5 4 5 5
0.88732 1.5806 1.9345 2.2632 2.4223 6.8747 9.4598 12.016
1.7907 1.9226 2.2546 2.0523 2.6051 2.2675 1.6186 2.9265
9513 16
8 3 5 7 5
4.7381 9.4536 11.097 11.979 13.155
1.3778 1.258 1.0732 2.1545 1.9556
9514 16
1 4 3 7
2.0219 3.9079 5.9724 5.9518
1.4812 2.4424 1.5203 1.4094
9515 16
1 4 3 7
2.0141 4.0622 6.0156 5.9763
1.4924 2.4979 1.5421 1.4852
9516 16
1 4 3 7
1.9669 3.9366 5.9849 6.0721
1.4911 2.5169 1.5398 1.5362
9517 16
1 4 3 7
1.9568 4.0272 5.9951 6.0043
1.5661 2.4905 1.465 1.4282
9518 16
2 6 2 8
4.0275 7.4906 8.1121 9.0137
2.153 1.6067 1.4445 0.94058
9519 16
2 6 2 8
4.0473 7.5575 8.0657 9.0426
1.9427 1.5155 1.5316 0.99359
9520 16
2 6 2 8
4.0689 7.5393 8.0133 8.981
1.9368 1.5447 1.3889 1.0477
9521 16
2 6 2 8
4.0064 7.5293 8.056 9.0458
1.976 1.3907 1.4272 0.97683
9522 16
3 8 3 2 8 5
1.9965 4.9649 5.9975 7.965 9.0272 11.971
1.4546 2.0741 1.5244 1.4268 0.95151 1.8921
9523 16
3 8 3 2 8 5
2.0283 4.9371 6.0632 7.9253 8.9539 12.067
1.5471 2.0565 1.4547 1.4123 1.0307 2.0157
9524 16
3 8 3 2 8 5
2.0239 4.9785 5.9231 8.0192 8.9337 11.965
1.4543 2.0237 1.4239 1.4885 1.0171 1.9961
9525 16
3 8 3 2 8 5
2.0544 5.076 6.0241 7.99 9.0218 12.027
1.4904 1.9766 1.4858 1.4966 1.0221 2.027
9526 16
3 8 3 2 8 5
5.9691 8.9746 9.0992 10.969 12.031 12.049
1.527 0.99916 1.5103 1.5006 1.4803 1.9435
9527 16
3 8 3 2 8 5
5.9597 9.0182 9.0015 11.039 12.006 11.944
1.5257 0.97443 1.4967 1.5222 1.481 2.0755
9528 16
3 8 3 2 8 5
6.1088 8.9934 8.9749 11.054 11.973 12.024
1.5226 1.0744 1.4886 1.5402 1.4373 2.1023
9529 16
3 8 3 2 8 5
6.0309 9.1072 9.035 11.119 12.005 11.988
1.6352 0.97695 1.4697 1.5878 1.566 1.9226
9530 16
4 8 1 2 3 8
3.9919 4.9894 5.9092 8.0509 9.0056 11.999
2.4283 1.9719 2.021 1.5093 1.4419 1.48
9531 16
4 8 1 2 3 8
4.0107 5.0322 5.997 8.0473 8.9536 12.058
2.5582 2.1082 1.9571 1.3945 1.5151 1.5607
9532 16
4 8 1 2 3 8
3.9775 5.0291 5.9447 8.0283 9.0376 11.951
2.5041 2.0619 1.9954 1.4848 1.5116 1.5287
9533 16
4 8 1 2 3 8
4.024 5.0032 5.9902 8.0475 9.009 11.996
2.4661 2.0035 1.9815 1.5353 1.508 1.4953
9534 16
5 4 3 8 3 5
3.0129 3.9702 6.0014 9.0331 9.0034 11.951
1.4554 2.4274 1.6305 1.0187 1.5027 1.9761
9535 16
5 4 3 8 3 5
2.9671 3.9966 6.0097 8.971 9.0111 11.999
1.546 2.4495 1.5317 1.0929 1.5446 2.0255
9536 16
5 4 3 8 3 5
3.0538 3.9109 5.9536 9.0002 9.0163 12.027
1.5166 2.5177 1.4684 1.0657 1.5257 2.0046
9537 16
5 4 3 8 3 5
3.0324 4.0351 6.0367 8.9545 8.9901 11.959
1.4098 2.4542 1.4652 0.93445 1.4623 2.0257
9538 16
7 5 2 6 8 8
2.0753 3.0468 4.0932 7.5071 9.039 12.075
1.9978 1.4846 2.0071 1.5454 1.0047 1.4536
9539 16
7 5 2 6 8 8
2.0095 2.9433 4.0485 7.4641 8.9356 12.04
2.0379 1.4878 2.0312 1.4857 0.98743 1.5151
9540 16
7 5 2 6 8 8
2.0592 2.9639 4.0121 7.4718 9.026 12.107
2.0781 1.5163 2.0102 1.5189 1.121 1.595
9541 16
3 4 8 7 5 2
1.9044 3.9748 5.097 5.9497 8.0315 10.991
1.5289 2.5335 2.0362 1.4723 2.0413 1.4954
9542 16
3 4 8 7 5 2
2.0424 3.981 5.0041 5.9641 8.05 10.952
1.5123 2.4357 2.0481 1.4208 2.066 1.4501
9543 16
3 4 8 7 5 2
2.0681 4.0064 4.9469 6.0005 7.9812 11.1
1.5473 2.4887 2.0076 1.5092 1.9181 1.4251
9544 16
3 7 5 8 7 8 2 5
2.0034 2.0377 2.9881 4.921 6.0067 9.0243 11.069 12.065
1.5243 2.0209 1.5697 1.9226 1.5121 0.92036 1.5029 2.0079
9545 16
3 7 5 8 7 8 2 5
2.0456 2.068 3.0221 4.9551 5.982 9.009 11.045 11.945
1.4805 1.9774 1.6152 1.9302 1.3546 1.0628 1.5649 2.0871
9546 16
3 7 5 8 7 8 2 5
2.0156 1.997 2.985 4.9651 6.009 8.9301 11.037 11.963
1.4907 2.0189 1.5024 1.8757 1.5652 1.016 1.4057 1.9976
9547 16
7 2 3 6 5 8 2 8
2.0532 4.0492 5.9321 7.4872 8.0495 8.962 11.074 12.026
1.9645 2.0728 1.4285 1.4443 1.8741 0.95352 1.536 1.5002
9548 16
7 2 3 6 5 8 2 8
1.914 3.9886 6.0353 7.4667 8.0092 9.0678 11.085 11.897
1.9958 2.0046 1.5929 1.4974 2.0153 0.91822 1.4801 1.4312
9549 16
7 2 3 6 5 8 2 8
1.9904 4.0744 6.0701 7.5363 8.0997 8.9538 10.95 11.953
2.0728 2.0349 1.5192 1.4611 1.9978 1.037 1.5231 1.5604
