42
4201 16
3 7 3 3
3.6836 7.3671 7.7927 13.209
1.9636 2.0328 1.6799 2.7614
4202 16
3 4 1 4
0.43257 3.5235 7.1492 12.285
2.9547 1.3475 1.7845 1.6922
4203 16
1 7 2 4 1
2.1013 9.0558 9.6238 10.839 12.247
1.8536 2.8398 2.8236 2.5491 1.2557
4204 16
6 8 6 6
3.9607 6.4019 7.5338 13.553
2.5457 1.0591 2.5299 1.4992
4205 16
2 3 6 8 1
3.9171 4.6561 5.487 6.8662 12.29
1.6908 1.7633 2.1239 1.8002 1.5766
4206 16
1 4 3 7
1.9956 3.9793 6.006 5.9888
1.5526 2.4637 1.4452 1.4985
4207 16
1 4 3 7
1.9628 3.9623 5.8903 5.9891
1.5775 2.5203 1.5969 1.5121
4208 16
1 4 3 7
2.0316 4.0096 5.9464 6.0182
1.5095 2.4783 1.5311 1.5245
4209 16
1 4 3 7
2.0361 4.0017 5.9462 6.095
1.4767 2.5015 1.4607 1.5941
4210 16
2 6 2 8
3.9486 7.4292 8.0041 9.1054
2.0705 1.4456 1.5027 0.9773
4211 16
2 6 2 8
3.9338 7.4587 7.9527 8.9677
1.9697 1.5177 1.4739 1.0207
4212 16
2 6 2 8
3.9824 7.475 8.0218 9.1021
2.0075 1.5586 1.5049 0.97899
4213 16
2 6 2 8
4.1209 7.4244 8.0041 8.9991
2.035 1.4518 1.5951 1.003
4214 16
3 8 3 2 8 5
2.0179 5.0301 6.0207 7.9575 9.0885 11.957
1.4214 2.1044 1.4112 1.5629 0.96208 2.0317
4215 16
3 8 3 2 8 5
1.944 4.9855 5.978 8.0565 8.954 12.01
1.5068 2.0564 1.4602 1.5432 1.0084 2.01
4216 16
3 8 3 2 8 5
1.9785 4.9151 6.0691 7.9674 8.9501 12.121
1.4682 1.9 1.5401 1.4502 0.96697 1.9306
4217 16
3 8 3 2 8 5
1.8544 5.1075 6.0295 8.0132 8.8767 11.984
1.4366 1.9849 1.5111 1.4206 0.96509 1.9901
4218 16
3 8 3 2 8 5
5.9448 9.0292 8.9442 10.973 11.932 12.041
1.4748 1.0011 1.4919 1.459 1.4776 1.9796
4219 16
3 8 3 2 8 5
6.0494 9.0181 9.0415 11.024 12.034 12.082
1.5542 1.0028 1.4793 1.4438 1.5261 1.9733
4220 16
3 8 3 2 8 5
6.0046 9.0028 8.9598 10.984 12.016 11.96
1.5134 0.99711 1.4596 1.4797 1.4893 1.9935
4221 16
3 8 3 2 8 5
5.9762 8.9823 9.0666 11.024 11.975 12.026
1.5394 1.0135 1.5391 1.4757 1.5471 2.108
4222 16
4 8 1 2 3 8
4.0364 4.9883 6.0278 8.0563 8.9849 11.982
2.4779 2.0151 1.9665 1.5423 1.516 1.55
4223 16
4 8 1 2 3 8
3.9759 4.9245 5.9841 8.0022 9.0407 12.011
2.5512 2.0007 1.9904 1.4511 1.4776 1.5316
4224 16
4 8 1 2 3 8
3.9848 5.0465 6.0303 8.0381 9.0447 11.964
2.4321 2.1057 2.0229 1.501 1.501 1.4907
4225 16
4 8 1 2 3 8
4.0108 4.9748 6.151 7.9468 8.9913 11.998
2.5167 1.9886 1.9919 1.5172 1.5615 1.4704
4226 16
5 4 3 8 3 5
3.0596 3.9658 5.9363 9.1042 9.0477 11.987
1.4886 2.4943 1.5687 0.95951 1.4389 1.8745
4227 16
5 4 3 8 3 5
3.0111 3.9654 6.0054 9.0066 9.0617 12.01
1.4951 2.5414 1.4549 0.87575 1.5432 2.0086
4228 16
5 4 3 8 3 5
2.9586 4.0432 5.9895 8.9504 8.9293 11.989
1.4688 2.4663 1.5612 1.0479 1.4722 2.0161
4229 16
5 4 3 8 3 5
3.0092 3.9093 5.9735 8.8831 8.9888 11.938
1.4874 2.538 1.4237 0.91471 1.4334 1.9781
4230 16
7 5 2 6 8 8
2.0713 3.03 4.0641 7.4477 8.9863 12.051
1.9242 1.6058 2.0637 1.4632 1.0497 1.4636
4231 16
7 5 2 6 8 8
1.9925 3.0325 4.0516 7.389 9.019 11.923
2.0207 1.4562 1.9515 1.4953 1.0207 1.4798
4232 16
7 5 2 6 8 8
2.1014 3.0238 3.9691 7.5404 9.0835 12.027
2.0849 1.4613 1.9471 1.4956 1.054 1.5121
4233 16
7 5 2 6 8 8
2.0681 2.9152 3.9717 7.4454 9.0453 11.975
2.0875 1.4827 2.0562 1.3849 0.92911 1.4689
4234 16
3 4 8 7 5 2
2.0366 4.0338 4.9668 5.999 8.0036 11.024
1.4808 2.4705 1.9153 1.4869 1.9342 1.56
4235 16
3 4 8 7 5 2
1.903 3.9949 4.9537 5.931 7.9575 11.052
1.5453 2.6038 1.9977 1.5772 2.0114 1.4888
4236 16
3 4 8 7 5 2
1.9997 4.0738 5.0056 6.0324 7.9399 11.023
1.4414 2.5201 2.0427 1.5406 2.1048 1.5609
4237 16
3 7 5 8 7 8 2 5
2.1156 1.9833 3.0728 4.9736 5.8763 9.0243 11.028 12.046
1.5125 1.9768 1.5386 2.0105 1.4853 1.0066 1.4898 2.0318
4238 16
3 7 5 8 7 8 2 5
1.9937 1.9669 3.0654 5.0323 6.0768 9.0095 10.954 12.035
1.4585 2.0116 1.4065 2.0803 1.5718 1.0096 1.4445 1.9448
4239 16
3 7 5 8 7 8 2 5
2.0705 1.9546 3.0408 4.9749 6.0075 9.1537 10.998 12.058
1.4629 2.0377 1.4455 1.9785 1.5423 0.94189 1.4442 1.9729
4240 16
7 2 3 6 5 8 2 8
1.9648 4.0224 6.0103 7.5212 8.0525 9.0647 11.109 12.036
1.9747 1.9634 1.4555 1.5382 2.0188 0.99314 1.4929 1.5672
4241 16
7 2 3 6 5 8 2 8
2.0188 4.0034 6.0398 7.5231 7.993 9.0191 11.017 12.014
1.9367 1.9582 1.482 1.5623 1.9948 1.0033 1.5141 1.511
4242 16
7 2 3 6 5 8 2 8
2.0485 4.0626 6.043 7.5238 7.9216 8.9583 11.023 11.991
1.9859 1.9829 1.4846 1.5134 2.1251 0.99355 1.5723 1.4497
