42
2143 16
4 3 2 1 6 5
0.68376 5.4933 5.5735 6.7358 8.9076 12.025
2.0665 2.2148 1.4914 1.5596 2.168 1.2932
2144 16
7 7 4 8 3
4.0494 8.2471 12.701 12.736 12.84
2.7704 2.3286 1.9561 2.0536 2.9858
2145 16
4 7 3 4 6 1 5
0.45975 5.8419 6.3267 7.7616 9.65 12.596 12.995
2.4816 2.6127 1.5591 2.6444 2.3739 2.6924 2.0329
2146 16
8 3 6 6 4 5 1 8
1.0386 3.8742 4.3795 8.5774 8.6053 11.347 12.029 12.614
1.1677 1.4795 1.6728 2.2249 2.5694 2.6552 1.43 2.0751
2147 16
4 4 8 5
0.049033 1.6621 8.5811 12.756
1.4361 1.9013 2.2043 1.7078
2148 16
1 4 3 7
1.9886 4.0122 5.9914 5.9784
1.5184 2.4559 1.4909 1.42
2149 16
1 4 3 7
1.9887 4.0517 6.0178 6.0929
1.5348 2.4681 1.4889 1.4661
2150 16
1 4 3 7
1.9867 4.076 5.9906 5.9861
1.485 2.5181 1.564 1.4812
2151 16
1 4 3 7
2.024 3.9776 5.9906 6.0297
1.3828 2.52 1.5416 1.4737
2152 16
2 6 2 8
3.9689 7.5053 8.1058 9.03
2.0397 1.4539 1.5114 1.01
2153 16
2 6 2 8
3.9746 7.588 8.0096 8.9508
2.0115 1.4474 1.4516 0.9798
2154 16
2 6 2 8
3.9962 7.5727 7.9866 9.0366
1.9871 1.6178 1.5398 0.96632
2155 16
2 6 2 8
3.9222 7.571 8.0008 8.9748
2.0097 1.4297 1.4795 0.95872
2156 16
3 8 3 2 8 5
2.0603 4.9924 5.9828 7.9688 8.9743 11.946
1.5 2.0222 1.4837 1.435 0.95691 1.982
2157 16
3 8 3 2 8 5
2.0465 5.0289 5.9555 8.0477 8.9506 11.996
1.5233 2.0071 1.5308 1.3895 1.063 1.9201
2158 16
3 8 3 2 8 5
1.9993 5.0421 5.8852 8.0551 9.0054 12.032
1.6469 1.9931 1.4695 1.3901 1.0391 1.9874
2159 16
3 8 3 2 8 5
2.0471 4.9102 5.9981 8.0241 9.0796 12.074
1.5005 1.9864 1.4739 1.4741 0.9496 2.0956
2160 16
3 8 3 2 8 5
6.0107 8.9567 8.97 10.954 12.005 11.965
1.4645 0.96462 1.4464 1.4885 1.4357 1.9248
2161 16
3 8 3 2 8 5
6.0244 9.0064 9.0108 10.966 12.089 12.061
1.4456 1.0056 1.5137 1.5306 1.4803 2.0165
2162 16
3 8 3 2 8 5
5.982 9.0105 8.9986 11.01 11.955 12.006
1.5724 0.95078 1.5042 1.5373 1.4738 2.0621
2163 16
3 8 3 2 8 5
5.9746 9.1093 8.9858 10.972 11.973 11.898
1.4756 0.99454 1.541 1.4315 1.595 1.9626
2164 16
4 8 1 2 3 8
3.942 4.9128 6.0112 8.0616 8.9887 11.988
2.4954 1.9063 2.0252 1.4567 1.5249 1.5252
2165 16
4 8 1 2 3 8
4.0097 5.0633 5.9987 8.0526 9.0239 12.004
2.4747 2.0168 2.1644 1.5531 1.5685 1.5656
2166 16
4 8 1 2 3 8
4.0602 4.9859 5.9715 7.9574 9.0194 12.01
2.4774 2.0514 1.9168 1.4901 1.5147 1.479
2167 16
4 8 1 2 3 8
4.0106 5.0231 5.9032 7.9901 8.9696 12.062
2.4826 2.0092 1.9953 1.5542 1.5561 1.5456
2168 16
5 4 3 8 3 5
2.9699 4.0336 5.9104 9.1003 9.0533 11.933
1.4408 2.4702 1.5606 0.94321 1.5023 1.9884
2169 16
5 4 3 8 3 5
2.9763 4.0439 5.9716 8.9755 8.9715 12.058
1.4914 2.4489 1.4896 1.1211 1.4751 2.0563
2170 16
5 4 3 8 3 5
2.9889 3.9699 5.9884 9.0507 9.0621 12.003
1.6236 2.4451 1.6041 1.0296 1.5307 2.019
2171 16
5 4 3 8 3 5
3.0751 4.0203 5.9766 9.0447 9.0349 12.054
1.4883 2.4875 1.5703 0.93455 1.5345 2.0597
2172 16
7 5 2 6 8 8
2.0259 3.0729 4.1113 7.4743 9.021 12.078
1.9677 1.5696 1.9687 1.557 1.0606 1.4578
2173 16
7 5 2 6 8 8
1.9638 2.8889 3.9955 7.5314 8.9358 12.031
2.0402 1.5496 1.9866 1.4967 0.94431 1.547
2174 16
7 5 2 6 8 8
1.9956 2.9625 3.9548 7.5828 8.9962 12.174
2.0849 1.5115 2.0014 1.4842 1.0336 1.5151
2175 16
7 5 2 6 8 8
1.9898 2.9095 4.0353 7.4761 8.9679 11.894
1.9493 1.4624 1.9464 1.3813 1.1039 1.4635
2176 16
3 4 8 7 5 2
2.0143 3.9525 4.9059 6.0002 7.9998 11.036
1.4717 2.5111 1.9375 1.5038 2.0831 1.5877
2177 16
3 4 8 7 5 2
2.0124 3.9793 4.9601 5.9709 8.0259 10.975
1.5056 2.5096 1.9416 1.4957 1.9805 1.5633
2178 16
3 4 8 7 5 2
1.928 3.9976 4.9992 5.9715 8.07 11.043
1.4684 2.4605 1.9782 1.5659 2.0367 1.4714
2179 16
3 7 5 8 7 8 2 5
2.0196 1.9878 3.0012 4.9758 5.9996 8.9336 11.008 12.101
1.4119 1.9891 1.4444 1.9705 1.5132 0.91816 1.4188 1.9699
2180 16
3 7 5 8 7 8 2 5
1.9511 1.9888 3.0147 4.958 5.9663 8.9205 11.03 12.035
1.4657 2.0176 1.4941 2.0366 1.4954 1.0152 1.5788 2.0547
2181 16
3 7 5 8 7 8 2 5
2.0715 2.0581 3.0159 5.0147 5.9597 8.9952 11.029 11.987
1.537 2.0567 1.4974 1.9804 1.5604 1.0046 1.4554 2.0303
2182 16
7 2 3 6 5 8 2 8
2.0509 3.9734 6.0682 7.4691 8.0213 9.0481 11.069 11.913
1.9125 2.098 1.5369 1.5029 2.036 1.0326 1.4711 1.4927
2183 16
7 2 3 6 5 8 2 8
1.9523 3.9665 6.0083 7.5317 8.0498 9.0225 10.985 12
2.046 1.9395 1.437 1.5073 2.0135 1.0331 1.5151 1.4963
2184 16
7 2 3 6 5 8 2 8
2.0369 3.9538 5.9667 7.4676 7.9207 8.974 11.04 12.072
1.9291 2.021 1.4562 1.4749 2.0099 0.96805 1.4759 1.5092
