41
8689 16
8 5 2 7 1 1
2.1314 3.4381 3.7601 4.4413 5.1683 10.814
1.6994 2.7682 2.9266 1.8 1.9326 1.3177
8690 16
4 6 6 1 8
1.8136 3.4534 7.6582 8.9532 13.082
2.4467 2.835 2.9312 2.1155 1.1247
8691 16
7 3 5 3 1
1.7637 6.0655 6.9691 10.208 10.557
2.7939 2.4933 1.8386 1.8409 1.5583
8692 16
5 3 7 8 8 7 1
0.72082 4.3195 4.391 7.2456 9.5937 11.613 11.921
2.2168 2.3287 2.1632 1.8041 2.522 1.5136 2.1327
8693 16
2 1 7 6 4
1.4581 2.0585 2.9287 8.0556 10.698
1.344 1.2871 1.7121 1.1612 2.1888
8694 16
1 4 3 7
1.9541 4.0279 6.006 6.0257
1.5641 2.5322 1.4742 1.5064
8695 16
1 4 3 7
2.0022 3.9003 6.0043 5.969
1.4859 2.4508 1.5228 1.5022
8696 16
1 4 3 7
2.0128 4.0324 5.9583 6.0585
1.5081 2.5351 1.4676 1.474
8697 16
1 4 3 7
2.0642 3.9873 6.0249 5.9767
1.4528 2.5642 1.5691 1.459
8698 16
2 6 2 8
3.8684 7.4207 8.0396 9.056
2.0185 1.5769 1.5629 1.0266
8699 16
2 6 2 8
4.0302 7.5325 7.9085 8.9961
2.0353 1.4721 1.5517 0.97991
8700 16
2 6 2 8
3.9356 7.4406 8.0123 9.0286
1.9842 1.5482 1.4462 0.93181
8701 16
2 6 2 8
4.0567 7.6566 7.9552 9.0226
2.0397 1.5694 1.4119 1.0169
8702 16
3 8 3 2 8 5
1.9701 5.0329 6.0815 8.0166 8.9722 11.95
1.5691 2.076 1.4654 1.5649 0.92621 2.0169
8703 16
3 8 3 2 8 5
2.0149 4.9605 5.9676 8.0682 8.8697 12.043
1.5012 1.9601 1.469 1.5231 0.9737 1.8936
8704 16
3 8 3 2 8 5
1.9899 4.9902 6.0395 8.0384 9.0412 12.047
1.5311 1.961 1.4399 1.5902 1.0675 1.9807
8705 16
3 8 3 2 8 5
1.9994 5.0074 6.0249 7.942 8.9877 11.981
1.4583 1.9719 1.4798 1.4969 1.0806 1.9959
8706 16
3 8 3 2 8 5
5.9561 8.9553 9.0453 10.966 11.937 12.039
1.5575 0.9839 1.4355 1.4483 1.513 2.0022
8707 16
3 8 3 2 8 5
5.9973 8.9872 8.9735 10.939 12.08 12.017
1.4846 0.95985 1.464 1.526 1.4491 2.052
8708 16
3 8 3 2 8 5
6.0777 8.9297 9.0158 11.002 11.948 11.958
1.5886 0.90926 1.5569 1.5576 1.3686 1.9984
8709 16
3 8 3 2 8 5
6.0026 9.0289 8.9888 10.997 11.966 11.963
1.5013 1.0514 1.5543 1.5013 1.4849 2.0025
8710 16
4 8 1 2 3 8
4.0275 5.0208 5.9308 7.968 9.0053 11.959
2.5017 2.0158 2.0186 1.5457 1.4527 1.5202
8711 16
4 8 1 2 3 8
3.9714 5.0521 5.9704 7.9755 9.0726 12.008
2.5733 2.0162 2.0112 1.5227 1.4961 1.5597
8712 16
4 8 1 2 3 8
4.0147 4.8833 5.9357 8.0302 9.0101 11.991
2.4669 1.9988 2.027 1.413 1.4791 1.4718
8713 16
4 8 1 2 3 8
3.982 4.9799 6.1457 8.023 9.0152 11.912
2.4413 2.0711 1.9534 1.5502 1.4316 1.5017
8714 16
5 4 3 8 3 5
3.0471 3.9387 6.0455 9.0574 9.0909 11.994
1.473 2.4645 1.4843 0.97362 1.582 2.0415
8715 16
5 4 3 8 3 5
2.9679 4.0606 5.9673 8.9288 9.0133 12.025
1.4628 2.4319 1.6015 0.96395 1.5175 1.9617
8716 16
5 4 3 8 3 5
3.0435 3.9657 6.0247 9.0695 8.8763 12.008
1.5348 2.5454 1.4735 0.99829 1.5478 2.0158
8717 16
5 4 3 8 3 5
3.0096 4.001 6.0433 9.0282 9.0284 11.919
1.4793 2.4876 1.65 1.0077 1.493 1.9743
8718 16
7 5 2 6 8 8
2.0083 3.0925 3.9116 7.5417 9.0459 11.988
1.9299 1.4561 2.0341 1.4537 0.96561 1.5082
8719 16
7 5 2 6 8 8
2.055 3.0301 4.0648 7.4685 8.991 12.026
1.9595 1.4872 2.008 1.5068 0.94502 1.4868
8720 16
7 5 2 6 8 8
1.9468 3.0152 4.0206 7.4143 9.0269 11.992
1.9754 1.5449 2.0173 1.5545 1.0085 1.5132
8721 16
3 4 8 7 5 2
2.0412 3.9961 4.9983 6.0324 7.9863 11.023
1.503 2.5321 2.0397 1.5522 2.0443 1.5791
8722 16
3 4 8 7 5 2
1.9557 4.0443 4.9282 5.972 8.0303 10.94
1.5283 2.5266 1.888 1.4846 2.0846 1.5097
8723 16
3 4 8 7 5 2
2.0138 4.0087 5.1013 5.9982 8.0188 11.015
1.5441 2.5047 1.9349 1.5561 1.989 1.5218
8724 16
3 7 5 8 7 8 2 5
2.0129 1.9915 3.0147 4.9971 5.901 9.0214 11.089 11.918
1.4941 2.0003 1.4697 2.0855 1.4906 1.05 1.4845 2.028
8725 16
3 7 5 8 7 8 2 5
2.0361 1.9792 3.0224 4.9905 5.9354 9.0393 11.016 12.004
1.5595 2.0636 1.5224 1.9271 1.5676 0.97716 1.5233 2.0105
8726 16
3 7 5 8 7 8 2 5
1.9753 1.998 3.0169 5.0091 5.9841 8.9365 11.023 11.956
1.4924 1.9981 1.505 2.0366 1.5151 0.90073 1.5209 2.0289
8727 16
7 2 3 6 5 8 2 8
2.0073 4.0074 6.0473 7.523 8.0793 9.0314 10.984 12.043
2.0098 2.0064 1.4845 1.5215 1.9461 1.0073 1.4969 1.4988
8728 16
7 2 3 6 5 8 2 8
1.9679 4.0358 5.9592 7.5349 8.0592 9.1565 11.022 12.039
1.9362 2.0448 1.4634 1.4133 1.9811 0.98317 1.4997 1.499
8729 16
7 2 3 6 5 8 2 8
1.9102 3.9898 6.0359 7.412 7.9486 9.059 10.976 12.063
1.9847 2.0323 1.5296 1.5207 1.9757 1.0063 1.5379 1.5574
