42
1 16
7 5 1 3 5 4 3
0.74623 2.0093 3.6692 4.7667 6.7857 8.5253 10.086
1.0196 1.3841 1.467 2.3919 2.8927 1.5997 1.7025
2 16
1 8 7 8 1 6 2 5
3.0691 4.3317 5.9459 6.5927 8.9316 9.7416 11.151 13.146
2.9573 2.1026 1.0866 2.2976 2.3737 1.7108 2.585 2.1374
3 16
6 2 8 4 6 2 8 3
2.0755 3.5056 7.6726 8.6119 9.5341 12.241 13.263 13.496
1.3216 2.8977 1.6534 1.759 1.476 2.9713 1.8848 1.0408
4 16
6 3 1 2
8.692 8.7422 12.742 13.574
1.1209 1.8017 1.2505 1.9066
5 16
5 3 6 7
3.6635 6.5475 6.8299 8.877
1.5694 1.7195 2.6209 2.0434
6 16
1 4 3 7
2.0081 4.0358 5.9659 6.079
1.5311 2.533 1.4822 1.6107
7 16
1 4 3 7
1.9022 4.043 6.0296 5.9269
1.4587 2.4768 1.5509 1.488
8 16
1 4 3 7
1.8449 3.9736 5.9881 6.0351
1.5877 2.5109 1.4777 1.4995
9 16
1 4 3 7
2.0889 4.0245 6.0452 5.9368
1.4674 2.4165 1.4448 1.5214
10 16
2 6 2 8
3.9585 7.5213 8.0056 9.0127
1.9419 1.5065 1.405 1.0103
11 16
2 6 2 8
4.0184 7.5234 7.9971 8.9134
1.972 1.5373 1.5122 0.96842
12 16
2 6 2 8
4.0289 7.4505 7.9412 8.9771
1.9835 1.48 1.5093 0.99646
13 16
2 6 2 8
4.018 7.5654 7.9897 9.0506
2.0524 1.4954 1.4848 1.074
14 16
3 8 3 2 8 5
2.0417 5.0132 6.0232 8.0612 8.9359 12.035
1.501 2.0269 1.5391 1.5079 0.99354 2.0588
15 16
3 8 3 2 8 5
1.9986 5.0232 6.0366 7.926 9.0277 11.98
1.6232 1.9551 1.5036 1.3889 1.024 2.0668
16 16
3 8 3 2 8 5
2.0071 5.0095 5.9825 7.9527 8.9886 12.038
1.4602 2.0763 1.5137 1.5767 0.9793 2.0968
17 16
3 8 3 2 8 5
2.0008 5.0666 5.9869 8.08 9.0085 11.987
1.4163 2.1161 1.4577 1.4761 1.0432 1.9363
18 16
3 8 3 2 8 5
6.073 8.9089 9.0097 11.086 12.047 12.024
1.4104 0.99497 1.451 1.4595 1.5239 1.9285
19 16
3 8 3 2 8 5
6.0438 9.0218 8.9564 11.059 12.084 12.051
1.5234 1.048 1.5579 1.4315 1.5066 2.0718
20 16
3 8 3 2 8 5
5.8917 8.9934 9.0295 10.96 12.013 11.947
1.4536 1.0285 1.4687 1.6028 1.4716 1.9933
21 16
3 8 3 2 8 5
6.0565 9.0531 9.1043 10.958 11.963 11.966
1.5599 1.0413 1.4774 1.458 1.4958 1.9295
22 16
4 8 1 2 3 8
3.9979 5.0653 6.0166 8.1237 9.0157 12.009
2.5193 1.9534 2.0389 1.4898 1.4999 1.5605
23 16
4 8 1 2 3 8
4.01 5.0436 5.9847 8.0249 8.9682 12.082
2.4321 2.0577 2.0021 1.5059 1.5218 1.5163
24 16
4 8 1 2 3 8
3.9172 5.0419 6.0226 8.0373 8.9859 11.905
2.4813 2.0393 1.9469 1.5189 1.4134 1.5599
25 16
4 8 1 2 3 8
4.0415 5.0449 5.9597 7.9318 9.0148 11.948
2.5984 1.9661 2.0682 1.5345 1.527 1.4872
26 16
5 4 3 8 3 5
2.9761 3.9173 6.0295 8.9281 9.0776 12.045
1.4978 2.4781 1.4619 1.0336 1.4752 1.9664
27 16
5 4 3 8 3 5
3.0399 4.0061 5.9483 8.9703 9.0516 11.902
1.5262 2.5371 1.6281 1.0011 1.5744 2.0514
28 16
5 4 3 8 3 5
2.9999 4.0155 6.0217 9.0283 8.9164 11.996
1.5778 2.4822 1.4838 1.0104 1.4873 1.9647
29 16
5 4 3 8 3 5
2.9801 4.0567 5.9977 9.0237 9.0774 12.027
1.5831 2.4775 1.4291 1.0238 1.5559 2.0232
30 16
7 5 2 6 8 8
2.0289 2.9223 3.9503 7.6176 9.0815 11.984
2.0617 1.5126 2.0341 1.6072 0.96026 1.6066
31 16
7 5 2 6 8 8
1.9491 3.0114 3.9709 7.534 9.0393 12.01
2.1102 1.5362 2.0956 1.4513 1.0314 1.5077
32 16
7 5 2 6 8 8
2.0812 2.9285 3.976 7.4883 9.0039 12.015
1.9036 1.4367 2.0278 1.529 0.96426 1.4738
33 16
7 5 2 6 8 8
2.0292 2.9061 3.9838 7.5544 8.9691 12.091
2.0512 1.5748 1.9868 1.4852 0.96956 1.5388
34 16
3 4 8 7 5 2
1.9148 4.0136 4.9764 6.0005 7.9582 10.93
1.5561 2.5664 1.975 1.5143 2.0603 1.4726
35 16
3 4 8 7 5 2
1.9866 4.0174 4.977 5.984 7.9255 10.931
1.5006 2.424 1.9497 1.4195 1.9973 1.4537
36 16
3 4 8 7 5 2
1.958 3.9555 4.93 6.0497 8.0725 11.096
1.421 2.4995 2.067 1.5211 2.0294 1.3629
37 16
3 7 5 8 7 8 2 5
1.9313 1.9665 3.0006 4.9898 5.9412 9.0139 11.036 11.986
1.4085 2.0291 1.5035 1.9475 1.5398 1.0939 1.5798 2.0158
38 16
3 7 5 8 7 8 2 5
1.9286 1.9162 3.1049 5.0008 6.0138 8.9475 11.03 12.029
1.4644 2.0962 1.5689 1.9425 1.5074 1.1194 1.6213 2.0162
39 16
3 7 5 8 7 8 2 5
2.0244 1.9042 3.1077 5.0607 5.9293 9.0219 11.023 12.059
1.4826 1.9582 1.4677 2.0338 1.5309 0.96486 1.4604 1.9589
40 16
7 2 3 6 5 8 2 8
1.9948 3.9641 6.0226 7.5636 7.9727 8.9989 11.031 11.91
1.9612 1.977 1.5141 1.525 2.0072 0.9863 1.4708 1.4134
41 16
7 2 3 6 5 8 2 8
1.9258 3.9832 6.0471 7.557 7.9481 8.9998 10.967 12.052
1.9485 2.0198 1.4835 1.5235 1.9777 1.0386 1.4561 1.4957
42 16
7 2 3 6 5 8 2 8
1.994 3.9758 6.0586 7.5239 7.9389 9.0367 11.028 11.99
1.8993 1.9704 1.4068 1.5272 1.9205 1.0101 1.5995 1.4953
