41
9058 16
4 6 5 8 1
0.74969 1.3734 3.8241 13.339 13.757
2.1892 1.7629 2.8366 2.5962 1.1963
9059 16
6 4 8 3 6 4 8 4
0.92672 2.1228 4.1651 6.9016 7.0806 7.0826 8.5181 10.121
2.4843 2.9495 1.3871 2.6883 1.8162 2.5435 1.4939 1.6968
9060 16
4 6 1 2
5.4645 6.6115 7.316 11.668
2.8297 1.5486 2.3134 2.8865
9061 16
5 5 1 6 1 3 7 2
1.4189 2.6743 2.8577 5.0928 6.3502 6.5608 7.955 9.8909
1.0532 2.3089 1.7075 2.8637 2.955 2.4743 2.0302 2.1126
9062 16
4 2 8 6
2.4208 6.1693 12.254 12.829
2.176 2.7943 2.7536 1.2511
9063 16
1 4 3 7
1.9823 3.9488 5.9875 5.9725
1.4637 2.6212 1.3967 1.4333
9064 16
1 4 3 7
1.8921 3.9922 5.9015 6.0486
1.4089 2.4641 1.6324 1.4485
9065 16
1 4 3 7
1.9918 4.0068 6.0675 6.0423
1.6198 2.3847 1.5069 1.4197
9066 16
1 4 3 7
1.9434 4.0709 6.0239 5.9698
1.5512 2.4576 1.4631 1.5279
9067 16
2 6 2 8
4.0687 7.5153 8.1239 8.9801
1.9574 1.4479 1.5708 0.91184
9068 16
2 6 2 8
4.0204 7.5701 7.9636 9.0567
2.0461 1.5082 1.4941 1.0816
9069 16
2 6 2 8
4.0537 7.4406 8.007 8.9248
2.0859 1.5365 1.4786 1.0157
9070 16
2 6 2 8
3.9998 7.4859 7.938 9.1076
2.0046 1.4546 1.528 0.99087
9071 16
3 8 3 2 8 5
2.0114 4.9812 6.0283 8.0164 9.0644 11.987
1.4515 1.9798 1.5612 1.4864 0.99029 2.0075
9072 16
3 8 3 2 8 5
2.0054 5.0236 5.954 7.9891 9.0737 11.952
1.5937 2.0167 1.5325 1.4066 0.95173 1.9292
9073 16
3 8 3 2 8 5
2.0083 5.0673 5.9932 7.9388 9.0833 12.077
1.5755 2.0578 1.5771 1.4534 0.98439 1.9753
9074 16
3 8 3 2 8 5
1.9825 5.0582 5.999 8.045 9.03 11.987
1.4669 1.9927 1.4454 1.4598 0.9923 1.9825
9075 16
3 8 3 2 8 5
6.0033 9.0546 9.0483 11.119 12.058 11.994
1.5666 1.0405 1.5438 1.3799 1.4381 2.0062
9076 16
3 8 3 2 8 5
5.9903 9.0172 9.0356 10.993 11.877 11.936
1.4304 0.94629 1.5397 1.5316 1.5392 1.9851
9077 16
3 8 3 2 8 5
6.0856 8.9915 8.9504 10.944 11.948 11.966
1.373 1.047 1.5526 1.4848 1.4842 2.0414
9078 16
3 8 3 2 8 5
5.9629 8.9293 8.9385 11.006 11.95 11.977
1.5309 0.9906 1.4581 1.5945 1.381 1.9904
9079 16
4 8 1 2 3 8
4.0107 5.0006 5.9289 8.0031 9.0456 11.974
2.5209 1.9687 2.0113 1.4639 1.444 1.4705
9080 16
4 8 1 2 3 8
3.9321 5.0476 5.975 8.0197 8.9996 11.969
2.5703 2.0111 2.0591 1.51 1.5503 1.4292
9081 16
4 8 1 2 3 8
3.9448 5.001 6.0585 8.1127 8.9555 12.023
2.499 1.9679 1.9276 1.5168 1.5005 1.621
9082 16
4 8 1 2 3 8
3.9556 5.0759 5.9431 7.9422 9.0349 12.079
2.5189 1.991 2.0589 1.4418 1.443 1.5231
9083 16
5 4 3 8 3 5
2.9844 4.0702 6.0498 8.9694 9.0212 12.01
1.4244 2.4426 1.4751 0.95931 1.604 2.0147
9084 16
5 4 3 8 3 5
2.9701 3.8968 5.9097 9.0095 8.9506 12.025
1.5743 2.4516 1.4602 1.0181 1.5246 2.0243
9085 16
5 4 3 8 3 5
2.9918 3.9954 6.0159 9.0099 9.0186 11.986
1.489 2.4838 1.472 0.99496 1.5303 2.0575
9086 16
5 4 3 8 3 5
2.9964 3.9761 6.0322 9.0473 8.9478 12.049
1.513 2.5492 1.4565 0.92851 1.4768 2.0391
9087 16
7 5 2 6 8 8
1.9838 2.9479 4.0107 7.4741 9.0044 12.054
2.0186 1.5497 2.0263 1.6482 1.0328 1.525
9088 16
7 5 2 6 8 8
2.0279 2.9712 3.9917 7.5131 9.0086 11.939
1.9579 1.4157 2.061 1.5327 1.0151 1.5507
9089 16
7 5 2 6 8 8
2.0134 3.0341 3.9632 7.4717 8.9659 12.067
2.0694 1.4463 2.0405 1.4562 1.01 1.486
9090 16
3 4 8 7 5 2
2.022 3.9193 4.9805 6.0271 8.0511 10.901
1.5177 2.5231 1.9667 1.5115 1.9367 1.4908
9091 16
3 4 8 7 5 2
1.9952 3.9387 4.9179 5.9765 7.9758 10.973
1.435 2.5099 2.0686 1.4849 1.8958 1.4498
9092 16
3 4 8 7 5 2
2.0061 3.9936 4.9658 6.0623 8.0098 10.956
1.522 2.512 2.0219 1.4708 1.9238 1.4808
9093 16
3 7 5 8 7 8 2 5
2.013 2.0519 3.0337 5.0557 5.9784 8.9865 10.979 11.904
1.5327 2.0428 1.5278 2.0196 1.5503 1.0235 1.4242 1.9492
9094 16
3 7 5 8 7 8 2 5
2.0915 2.0445 2.9609 4.9617 6.0656 8.9344 10.971 11.955
1.5482 1.983 1.46 1.9654 1.5327 0.9276 1.491 1.9774
9095 16
3 7 5 8 7 8 2 5
1.9542 1.9475 3.0064 5.057 5.9348 8.975 10.926 12.054
1.4941 2.0073 1.4616 2.0462 1.4734 0.98032 1.4662 2.003
9096 16
7 2 3 6 5 8 2 8
1.989 4.0361 6.0088 7.4413 8.0067 9.077 10.966 12.061
1.9135 1.9201 1.5284 1.4729 2.0287 1.0241 1.4165 1.4429
9097 16
7 2 3 6 5 8 2 8
2.0026 4.0211 5.9363 7.5644 8.0005 8.9476 11.008 12.076
2.0341 1.9632 1.522 1.5196 2.0176 0.9703 1.4949 1.5024
9098 16
7 2 3 6 5 8 2 8
2.0453 4.0552 5.9766 7.519 8.0282 8.9732 10.95 12.033
2.0836 2.0806 1.4855 1.4967 2.062 0.96392 1.4805 1.5511
