41
9386 16
7 2 1 8 6 1
0.045408 0.50102 1.1922 4.235 11.301 14.295
2.6024 1.6439 1.7152 1.9532 1.6233 1.3938
9387 16
2 2 3 4 8 6 4 2
0.8548 4.6819 4.9812 6.7579 7.2395 11.748 11.896 14.702
1.6611 1.3734 2.3508 1.0034 1.7555 1.1775 2.0716 1.2575
9388 16
1 7 8 4
1.3189 5.023 8.1002 9.6804
2.7658 1.3602 2.3819 2.8629
9389 16
5 2 8 2 8
0.13862 1.5644 5.4029 7.4343 8.5363
2.1703 1.09 2.9679 2.302 1.6544
9390 16
7 3 5 7 1 5 8
6.735 7.7242 8.3459 10.529 11.368 12.242 12.675
1.4489 1.9046 1.6868 2.0351 2.2696 1.5805 1.5049
9391 16
1 4 3 7
2.0704 3.9557 5.922 6.0203
1.4709 2.4691 1.5163 1.5172
9392 16
1 4 3 7
2.0347 3.9416 6.0196 6.0058
1.5535 2.4529 1.4814 1.469
9393 16
1 4 3 7
2.0229 3.9812 6.0522 5.9668
1.5329 2.5172 1.4479 1.469
9394 16
1 4 3 7
1.9821 3.9816 5.9912 5.971
1.4443 2.5463 1.5538 1.5706
9395 16
2 6 2 8
3.9482 7.5182 7.9465 9.0655
2.0956 1.4518 1.4879 1.0268
9396 16
2 6 2 8
3.9986 7.4697 7.9182 8.9893
1.9795 1.4807 1.4555 1.0397
9397 16
2 6 2 8
3.944 7.5774 8.0266 8.9264
1.9833 1.5385 1.4632 1.0958
9398 16
2 6 2 8
4.024 7.4383 7.9956 9.0354
1.9471 1.5205 1.5744 1.0249
9399 16
3 8 3 2 8 5
1.9753 5.0445 6.0287 7.9733 8.9882 12.003
1.4352 2.0278 1.4282 1.5001 0.95108 1.9292
9400 16
3 8 3 2 8 5
2.0322 4.9702 5.9875 7.9546 8.9996 11.975
1.5386 1.9556 1.491 1.544 0.99405 2.0047
9401 16
3 8 3 2 8 5
1.9168 5.0141 6.0642 8.0976 8.9198 12.078
1.5239 2.0755 1.531 1.5024 1.0403 1.9668
9402 16
3 8 3 2 8 5
2.0269 4.9906 5.9993 8.0152 8.9485 11.991
1.5328 1.9264 1.4851 1.4837 0.98101 1.9622
9403 16
3 8 3 2 8 5
6.0301 8.9809 8.931 11.023 12.067 12.008
1.5384 1.0342 1.5383 1.3864 1.4819 2.0258
9404 16
3 8 3 2 8 5
6.022 8.9849 9.0453 11.017 12.076 11.979
1.5537 1.009 1.5061 1.4573 1.4921 1.9327
9405 16
3 8 3 2 8 5
5.985 8.9597 9.0331 11.03 11.981 11.93
1.5336 0.92602 1.5038 1.4925 1.4548 2.0566
9406 16
3 8 3 2 8 5
6.0803 8.9854 9.0051 11.093 12.022 11.946
1.4321 0.91026 1.588 1.4802 1.5165 1.9928
9407 16
4 8 1 2 3 8
3.9352 5.0007 6.0354 8.0753 9.0633 12.005
2.4199 2.0104 1.9561 1.435 1.4564 1.4905
9408 16
4 8 1 2 3 8
3.9826 5.0559 5.9946 7.9591 8.9737 11.974
2.476 2.0092 1.9849 1.5056 1.5445 1.5692
9409 16
4 8 1 2 3 8
3.9934 4.9866 6.0036 8.0086 9.04 11.881
2.5998 1.9214 2.0474 1.5167 1.4534 1.5251
9410 16
4 8 1 2 3 8
3.9643 4.9622 5.9879 8.006 9.0074 11.941
2.4544 1.9554 1.9968 1.5711 1.5415 1.438
9411 16
5 4 3 8 3 5
2.9618 4.0145 5.952 8.9592 8.9999 11.956
1.5569 2.468 1.4425 1.0186 1.4821 1.9915
9412 16
5 4 3 8 3 5
3.0234 4.0299 5.8989 8.9785 8.9937 12.055
1.5781 2.4898 1.5163 0.99199 1.4996 2.0749
9413 16
5 4 3 8 3 5
2.9935 3.9636 6.0694 8.996 9.0601 12.065
1.5041 2.5271 1.5348 1.0368 1.5173 1.9928
9414 16
5 4 3 8 3 5
2.9811 4.0443 6.0233 9.0668 9.0065 12.038
1.5333 2.5031 1.4245 0.92246 1.5789 2.0674
9415 16
7 5 2 6 8 8
1.9827 2.9143 3.9408 7.5264 9.0148 11.937
1.9885 1.5042 2.0255 1.4777 0.95297 1.5044
9416 16
7 5 2 6 8 8
2.0105 3.1183 3.9274 7.4336 9.0002 11.971
1.9805 1.4958 2.0227 1.3857 1.0708 1.48
9417 16
7 5 2 6 8 8
2.0581 2.9582 3.969 7.5158 9.0354 12
2.0429 1.5134 1.9293 1.4875 1.0253 1.5127
9418 16
3 4 8 7 5 2
1.9454 3.9976 4.9622 5.9859 7.9308 10.979
1.5463 2.5454 1.9755 1.5342 1.9763 1.5181
9419 16
3 4 8 7 5 2
2.0052 3.9979 4.9783 6.1068 8.0919 10.965
1.4379 2.4656 1.9783 1.4851 1.9959 1.4448
9420 16
3 4 8 7 5 2
1.9997 3.9822 5.0361 5.9884 7.9805 10.982
1.5083 2.5158 1.9787 1.4703 1.9978 1.4425
9421 16
3 7 5 8 7 8 2 5
2.0118 1.9417 2.9288 5.0068 6.0501 8.8992 11.064 11.958
1.5977 2.0366 1.5271 1.9619 1.5354 1.0382 1.3841 2.0442
9422 16
3 7 5 8 7 8 2 5
2.0187 1.9515 2.8931 5.0232 6.0873 8.937 11.004 12.065
1.5296 2.0633 1.5394 2.0256 1.5861 1.0127 1.4452 1.9235
9423 16
3 7 5 8 7 8 2 5
1.9773 1.8925 2.961 4.9884 6.0366 9.0068 10.92 12.036
1.5054 1.9459 1.4626 2.0088 1.4981 1.0119 1.4093 2.0308
9424 16
7 2 3 6 5 8 2 8
1.9588 4.0292 6.0852 7.4168 8.0388 9.0352 10.913 12.045
1.9561 1.975 1.462 1.4588 2.0676 1.0359 1.464 1.4973
9425 16
7 2 3 6 5 8 2 8
1.9996 3.9912 6.0522 7.4791 8.0268 9.0314 11.011 12.016
1.9023 2.0674 1.5685 1.4318 2 1.0567 1.5034 1.5425
9426 16
7 2 3 6 5 8 2 8
2.0286 4.0387 6.0337 7.5043 7.9534 8.95 10.935 11.985
2.088 1.9743 1.48 1.5355 2.0344 1.0059 1.5066 1.4816
