42
169 16
1 8 1 4 7 2
0.57056 8.0314 8.0842 8.3318 10.806 11.932
2.4304 2.8473 2.7888 2.1052 2.7938 2.647
170 16
8 2 3 5 8
0.2047 6.1918 8.5771 11.738 13.572
1.291 2.33 2.5799 2.7594 1.8761
171 16
5 6 1 6 5 3
7.4065 8.6942 11.311 11.374 11.977 12.209
2.3434 2.1549 1.3355 2.4782 1.457 2.2719
172 16
6 2 6 2 7 3
0.19252 1.4245 2.2415 3.479 12.006 12.198
1.3429 1.603 2.1135 2.3202 1.6659 2.9656
173 16
8 8 1 7 3 1 3
1.7692 6.2694 7.6525 8.7189 9.7943 11.161 13.932
1.9473 2.7543 1.9387 1.1902 2.1811 1.2096 1.6236
174 16
1 4 3 7
1.9185 3.9495 5.9338 5.9934
1.5208 2.5189 1.4638 1.4421
175 16
1 4 3 7
1.9994 3.8989 5.9515 5.9795
1.5607 2.6403 1.5578 1.5874
176 16
1 4 3 7
1.9787 3.9426 6.0243 5.9679
1.4536 2.4938 1.4036 1.4789
177 16
1 4 3 7
2.0425 3.946 6.1177 5.9582
1.5649 2.5761 1.4758 1.4968
178 16
2 6 2 8
3.9412 7.3879 7.9851 8.9877
2.0946 1.4549 1.5016 0.94574
179 16
2 6 2 8
3.9999 7.5318 8.0016 8.9574
1.9789 1.5638 1.4923 1.0038
180 16
2 6 2 8
4.0075 7.4908 7.9158 8.946
1.9747 1.5202 1.5261 0.94244
181 16
2 6 2 8
3.9711 7.4854 8.0771 9.0921
1.9541 1.6203 1.4605 0.98541
182 16
3 8 3 2 8 5
2.0144 5.0123 5.967 7.9893 9.0308 11.92
1.5053 1.9484 1.4716 1.5272 1.0243 2.0687
183 16
3 8 3 2 8 5
2.0174 5.0744 6.0228 7.9289 8.9022 12.006
1.504 2.0379 1.5211 1.5648 0.97185 1.9627
184 16
3 8 3 2 8 5
1.9888 4.9072 5.9888 7.9584 8.9437 12.028
1.4687 1.932 1.4792 1.4902 0.97457 1.9958
185 16
3 8 3 2 8 5
2.0044 5.1095 6.0343 8.0472 8.9113 12.045
1.4534 2.0023 1.4667 1.5234 0.99338 1.9448
186 16
3 8 3 2 8 5
5.9274 8.9915 8.9433 11.032 12.039 12.037
1.4476 0.94722 1.5187 1.575 1.4831 1.9798
187 16
3 8 3 2 8 5
6.0271 9.0529 8.9627 11.071 12.044 12.07
1.6139 1.0334 1.5418 1.455 1.4652 1.905
188 16
3 8 3 2 8 5
5.9347 9.0821 8.952 10.977 12.036 11.951
1.5007 1.0304 1.4716 1.5305 1.5396 2.022
189 16
3 8 3 2 8 5
6.0129 9.0477 9.0342 11.01 12.027 11.966
1.4247 1.0006 1.4894 1.4292 1.5504 1.9292
190 16
4 8 1 2 3 8
4.0842 5.0759 5.977 7.9518 9.0271 11.977
2.4468 1.9847 2.0049 1.4914 1.6626 1.5842
191 16
4 8 1 2 3 8
4.0603 4.9212 5.9548 7.9062 8.9983 11.972
2.4629 1.9431 1.9832 1.5901 1.5555 1.4985
192 16
4 8 1 2 3 8
4.0423 5.0405 6.0193 8.0103 8.9736 11.892
2.3705 1.9727 2.079 1.4852 1.5599 1.4269
193 16
4 8 1 2 3 8
4.042 5.0376 6.0114 7.9344 9.0138 12.005
2.5308 2.0795 2.1056 1.4655 1.4596 1.5386
194 16
5 4 3 8 3 5
3.0281 4.0245 6.0549 9.0245 8.9931 11.983
1.4401 2.5482 1.4884 0.96999 1.5339 2.0637
195 16
5 4 3 8 3 5
3.002 4.0804 5.9585 8.9668 8.9647 11.945
1.491 2.4933 1.5614 0.9431 1.4783 2.0264
196 16
5 4 3 8 3 5
3.0155 4.0965 5.9223 9.0891 8.9618 11.972
1.6163 2.5206 1.5214 0.98328 1.4952 1.9045
197 16
5 4 3 8 3 5
3.0519 4.0461 6.0267 9.0603 9.0752 12.008
1.4905 2.4863 1.4944 1.007 1.5525 1.8927
198 16
7 5 2 6 8 8
1.9495 2.9712 3.9251 7.6192 8.9869 12.005
2.0213 1.4867 1.9745 1.4629 0.91115 1.4603
199 16
7 5 2 6 8 8
1.9488 2.9708 4.0001 7.4709 8.9691 11.987
2.0263 1.5358 1.9921 1.5085 0.95736 1.4676
200 16
7 5 2 6 8 8
1.9731 3.0612 4.0304 7.5558 9.0314 11.982
1.9966 1.5102 1.9524 1.4605 0.99709 1.5813
201 16
7 5 2 6 8 8
1.942 2.9874 3.9554 7.5237 8.9186 11.988
2.0287 1.4272 2.0238 1.4698 0.96646 1.5287
202 16
3 4 8 7 5 2
1.9726 3.9825 5.0655 6.0373 8.0675 10.963
1.5519 2.5229 2.0391 1.5239 1.981 1.4384
203 16
3 4 8 7 5 2
2.0244 3.9385 4.9255 5.9345 8.0172 11.037
1.4337 2.5388 1.984 1.4867 1.9714 1.45
204 16
3 4 8 7 5 2
1.9991 3.9204 4.9034 5.9722 7.9947 11.148
1.4893 2.4639 2.0777 1.4897 1.9116 1.4742
205 16
3 7 5 8 7 8 2 5
1.9952 1.9313 2.9726 5.0068 6.0537 8.9452 11.021 12.049
1.5687 2.0245 1.5072 1.9243 1.5563 0.99187 1.4666 2.0427
206 16
3 7 5 8 7 8 2 5
2.0496 2.0012 2.9478 4.9416 5.9296 9.0028 10.993 11.959
1.5077 1.9035 1.4351 1.891 1.5093 0.97286 1.5478 2.0676
207 16
3 7 5 8 7 8 2 5
2.0634 2.0457 2.9103 4.8887 6.0335 8.9964 11.056 12.043
1.5022 2.01 1.55 2.0137 1.5148 0.98674 1.5195 1.965
208 16
7 2 3 6 5 8 2 8
1.8914 4.0198 5.9609 7.5244 8.0088 9.0855 10.933 11.871
2.0104 2.0453 1.5238 1.523 2.0468 0.98049 1.5113 1.5254
209 16
7 2 3 6 5 8 2 8
2.0507 3.9676 5.9908 7.5684 8.0313 8.9906 11.05 11.906
1.9716 1.8155 1.5374 1.5649 2.1343 1.047 1.5574 1.558
210 16
7 2 3 6 5 8 2 8
2.1084 3.9863 6.0557 7.5231 7.9161 9.0656 11.014 12.056
2.0096 2.0701 1.5048 1.5388 1.9866 0.98878 1.564 1.4953
