41
7582 16
8 7 5 2
4.0122 4.129 4.8344 5.6866
1.2519 2.1479 1.7545 1.8864
7583 16
2 8 8 7
4.9554 5.229 10.79 12.17
1.2155 2.3931 2.6343 2.8801
7584 16
6 3 7 8 6 1 2
2.4888 5.7957 8.8621 11.078 12.111 12.55 14.537
2.4109 1.0525 2.4189 1.4964 2.3716 1.8431 1.1814
7585 16
1 5 8 7 2 6
0.27482 2.1824 6.3747 7.982 10.507 12.125
2.7376 2.4008 2.2769 1.0906 1.3904 1.1876
7586 16
8 1 5 5 4 6 4
1.4516 1.8685 2.2838 4.2973 8.6583 9.2308 12.344
2.0487 2.6358 1.451 2.7989 1.5758 2.282 2.1601
7587 16
1 4 3 7
1.9275 4.0312 5.8876 5.8801
1.438 2.5322 1.4881 1.5331
7588 16
1 4 3 7
2.0502 4.1008 5.909 5.9816
1.4952 2.4283 1.5135 1.5632
7589 16
1 4 3 7
1.926 3.969 5.9781 5.9732
1.4458 2.5164 1.5101 1.5553
7590 16
1 4 3 7
1.9868 4.0504 6.0881 6.0371
1.4859 2.4212 1.5082 1.4501
7591 16
2 6 2 8
4.0327 7.4655 7.9576 9.023
2.0251 1.4311 1.4507 0.9604
7592 16
2 6 2 8
4.0266 7.5206 8.0212 9.0035
1.9893 1.4231 1.519 1.0255
7593 16
2 6 2 8
4.1285 7.4332 8.0996 9.0485
1.987 1.4974 1.4231 0.95501
7594 16
2 6 2 8
3.9939 7.4666 8.059 8.956
2.0618 1.4531 1.4597 0.98416
7595 16
3 8 3 2 8 5
2.0741 4.9508 5.9891 7.9367 8.9607 12.036
1.5181 2.0076 1.4912 1.5094 0.99728 1.9906
7596 16
3 8 3 2 8 5
1.9965 4.9137 6.1264 8.0306 8.997 12.017
1.5432 1.9377 1.4508 1.496 0.94755 1.9874
7597 16
3 8 3 2 8 5
2.0509 5.0521 5.974 7.9819 9.055 12.033
1.4074 1.9583 1.5184 1.437 0.99347 1.9408
7598 16
3 8 3 2 8 5
1.9935 5.0082 5.9382 8.0101 8.9591 11.967
1.5058 2.014 1.5165 1.4093 0.98952 2.0498
7599 16
3 8 3 2 8 5
5.9858 8.9574 9.0674 10.93 12.006 11.977
1.4545 1.0939 1.4756 1.4604 1.5205 2.0734
7600 16
3 8 3 2 8 5
5.9104 8.9835 8.9835 10.994 12.049 11.957
1.5507 0.96767 1.4701 1.5596 1.4885 1.976
7601 16
3 8 3 2 8 5
5.9874 8.9748 8.9404 11.048 12.007 11.944
1.4501 1.0544 1.5871 1.6355 1.4142 2.024
7602 16
3 8 3 2 8 5
5.9732 8.9837 8.9604 11.015 11.947 12.046
1.4743 1.0084 1.526 1.4879 1.5859 2.1146
7603 16
4 8 1 2 3 8
4.0319 5.0414 6.0566 8.0573 8.9257 11.968
2.4747 2.0079 1.9948 1.5163 1.42 1.4833
7604 16
4 8 1 2 3 8
3.9815 4.9959 6.0013 8.0292 9.0626 12.065
2.5637 1.9051 2.0353 1.5414 1.544 1.5183
7605 16
4 8 1 2 3 8
3.9813 5.0235 6.0233 7.8678 9.0356 11.979
2.5078 1.9706 2.0301 1.5657 1.5223 1.4214
7606 16
4 8 1 2 3 8
4.0509 5.0089 5.9886 8.0351 8.9438 11.987
2.5939 1.9983 1.9285 1.4209 1.5283 1.4546
7607 16
5 4 3 8 3 5
3.0738 3.9796 5.9974 8.9613 8.9841 12.032
1.4086 2.4879 1.4858 0.98484 1.4401 2.0547
7608 16
5 4 3 8 3 5
3.0224 3.9973 6.0082 9.0354 9.0072 12.085
1.518 2.5105 1.5519 0.95533 1.4536 2.0034
7609 16
5 4 3 8 3 5
2.995 3.9648 5.9518 8.9696 9.0301 12.045
1.5157 2.4496 1.4371 1.0353 1.4858 1.995
7610 16
5 4 3 8 3 5
2.9822 4.0386 6.0309 8.9236 8.9545 12.006
1.5121 2.4589 1.5041 1.0507 1.5723 2.0514
7611 16
7 5 2 6 8 8
1.9636 2.9187 4.0189 7.6106 9.0136 12.084
2.0902 1.5664 2.0135 1.5384 0.98822 1.5286
7612 16
7 5 2 6 8 8
1.9708 2.9821 3.9915 7.4682 8.9514 12.037
2.0223 1.4941 1.9756 1.4359 0.92503 1.4721
7613 16
7 5 2 6 8 8
2.0204 2.9731 4.0833 7.5235 8.9922 12.009
1.9848 1.5064 1.9105 1.5146 1.0053 1.5199
7614 16
3 4 8 7 5 2
1.9985 3.9294 4.9575 5.9591 8.07 10.985
1.5089 2.5285 2.043 1.384 1.9781 1.4498
7615 16
3 4 8 7 5 2
2.0356 3.9563 5.0337 5.9911 7.9291 10.924
1.4308 2.4563 2.0485 1.5605 2.0353 1.438
7616 16
3 4 8 7 5 2
1.983 3.9204 4.9787 5.9489 8.0307 10.976
1.4161 2.5039 2.0126 1.3757 1.9761 1.4924
7617 16
3 7 5 8 7 8 2 5
2.0472 1.9939 2.9761 4.9661 6.0179 8.9583 11.045 12.039
1.4345 1.9751 1.5085 2.0829 1.4679 1.029 1.4903 2.08
7618 16
3 7 5 8 7 8 2 5
1.9104 1.9771 3.0176 4.9485 5.9888 8.9504 11.026 12.006
1.4808 2.0197 1.5372 2.0773 1.4135 0.9824 1.572 1.9507
7619 16
3 7 5 8 7 8 2 5
2.1199 1.9793 2.9402 5.0519 6.0543 8.9161 11.012 12.055
1.4796 2.015 1.4279 2.0776 1.5445 0.96517 1.476 1.9477
7620 16
7 2 3 6 5 8 2 8
2.0246 4.0799 6.0693 7.4442 7.9771 9.0505 11.062 12.057
2.109 2.0528 1.4174 1.4294 2.0246 0.94839 1.4714 1.4222
7621 16
7 2 3 6 5 8 2 8
1.9759 3.9897 5.9363 7.5245 8.0504 9.0052 11.024 11.989
2.0084 2.0182 1.5242 1.5749 1.9623 0.97676 1.438 1.4785
7622 16
7 2 3 6 5 8 2 8
2.0131 4.0328 6.0243 7.4695 7.9433 9.0797 11.104 12.041
2.0088 1.9137 1.5033 1.5358 2.0292 1.0595 1.4509 1.5407
