42
2983 16
6 3 2 5
3.6525 3.9244 3.933 5.5522
1.181 2.6825 2.972 2.6187
2984 16
6 7 4 2 7
0.66263 1.9386 3.8498 10.359 12.672
1.3206 1.0646 1.0112 2.7568 2.3123
2985 16
1 1 6 4 2 8 3
4.916 8.927 10.865 13.126 13.377 13.577 13.707
2.8704 2.5316 1.9747 1.089 1.0957 1.8215 1.019
2986 16
7 4 1 4 3
1.1664 2.9443 7.861 10.178 12.279
1.3663 2.0704 1.0545 2.9932 1.9454
2987 16
7 1 2 5 2
1.416 7.7283 7.9174 8.0363 11.654
2.8997 1.2399 1.9396 2.6967 1.801
2988 16
1 4 3 7
1.9834 4.0792 5.9558 5.9251
1.5208 2.4213 1.503 1.5586
2989 16
1 4 3 7
2.0416 4.0705 6.04 6.0576
1.4592 2.5345 1.5112 1.5346
2990 16
1 4 3 7
1.9926 4.0513 6.0184 5.9715
1.5417 2.496 1.5491 1.5169
2991 16
1 4 3 7
1.9793 4.0284 6.0341 6.1003
1.4422 2.5113 1.3955 1.4884
2992 16
2 6 2 8
3.9785 7.5128 7.9567 9.0119
1.9417 1.4729 1.4903 0.91511
2993 16
2 6 2 8
4.0186 7.4813 7.9578 8.942
1.9324 1.5145 1.44 1.1076
2994 16
2 6 2 8
4.0057 7.5099 7.9865 8.9911
1.9919 1.5356 1.573 0.95981
2995 16
2 6 2 8
4.0351 7.5359 8.0497 8.9754
1.9882 1.5139 1.4941 1.0593
2996 16
3 8 3 2 8 5
2.0323 4.9466 5.9455 8.0908 9.0467 11.906
1.4506 2.0442 1.5405 1.4498 1.0645 2.0527
2997 16
3 8 3 2 8 5
2.0296 4.9908 5.9876 8.0054 9.0129 11.926
1.5306 2.0176 1.4979 1.5054 1.0724 1.9726
2998 16
3 8 3 2 8 5
2.0536 5.078 6.027 7.9896 8.9646 11.911
1.4587 2.0159 1.4971 1.5298 1.0472 1.9612
2999 16
3 8 3 2 8 5
2.0321 4.9406 5.9328 7.9701 8.9219 12.039
1.5258 2.0634 1.4227 1.4385 0.89807 2.0177
3000 16
3 8 3 2 8 5
5.9216 9.1111 9.0178 10.946 12.021 11.899
1.4932 1.0554 1.5523 1.5195 1.4595 1.9879
3001 16
3 8 3 2 8 5
6.0582 8.9511 9.1138 11.017 11.995 11.954
1.4659 1.0117 1.4816 1.5005 1.4135 1.9927
3002 16
3 8 3 2 8 5
5.8965 9.0249 9.0586 10.957 12.086 12.056
1.6056 0.97555 1.4693 1.5417 1.5465 1.9878
3003 16
3 8 3 2 8 5
5.9939 9.0306 9.0164 11.019 12.034 12.083
1.5762 0.89754 1.4698 1.4775 1.5502 1.9571
3004 16
4 8 1 2 3 8
4.0098 4.9911 6.0506 7.9505 8.9588 12.02
2.4291 1.9784 2.0186 1.509 1.4896 1.5142
3005 16
4 8 1 2 3 8
3.8975 4.9835 5.9258 7.9679 8.9728 12.004
2.6161 1.9326 1.9346 1.4156 1.4782 1.531
3006 16
4 8 1 2 3 8
3.929 4.9141 5.9574 7.9142 8.9558 12.075
2.636 2.0373 1.9864 1.5621 1.5257 1.5373
3007 16
4 8 1 2 3 8
4.0016 5.0379 6.0655 8.0082 9.0111 12.005
2.4699 1.9497 1.9133 1.5376 1.4785 1.4967
3008 16
5 4 3 8 3 5
2.931 4.0931 5.9572 8.9979 9.0327 12.013
1.5616 2.5134 1.4859 0.92226 1.5707 2.0198
3009 16
5 4 3 8 3 5
2.9613 3.9467 5.9645 8.9768 8.9133 12.13
1.4468 2.4863 1.5446 1.0318 1.5746 1.9425
3010 16
5 4 3 8 3 5
2.9947 4.0422 5.9116 8.9975 8.9799 11.915
1.5013 2.604 1.4616 0.98075 1.4207 2.0759
3011 16
5 4 3 8 3 5
3.0414 3.9502 5.9291 8.9668 8.9237 12.035
1.4379 2.5102 1.484 1.069 1.5159 1.94
3012 16
7 5 2 6 8 8
1.9207 3.0142 3.951 7.4551 9.0112 12.023
2.0475 1.5962 1.9374 1.4559 0.94433 1.5814
3013 16
7 5 2 6 8 8
1.9276 3.017 4.123 7.526 8.9959 12.01
1.9988 1.5618 1.9442 1.4906 1.0149 1.5073
3014 16
7 5 2 6 8 8
1.9253 3.0225 3.9433 7.6068 8.9516 12.027
2.0403 1.4785 1.9777 1.488 0.99921 1.4679
3015 16
7 5 2 6 8 8
1.9607 2.9943 3.9697 7.5307 8.9755 11.951
2.0819 1.5266 1.8646 1.5118 0.99619 1.5008
3016 16
3 4 8 7 5 2
1.9492 4.0781 4.9552 5.9506 7.894 11.028
1.5398 2.5482 1.9945 1.5185 1.9572 1.5164
3017 16
3 4 8 7 5 2
2.0559 4.0389 5.0624 5.959 8.0585 11.049
1.5821 2.5602 2.0626 1.5461 2.0153 1.5396
3018 16
3 4 8 7 5 2
2.0065 4.0392 4.9666 5.9854 8.0257 11.057
1.4623 2.6323 1.9111 1.6174 1.97 1.582
3019 16
3 7 5 8 7 8 2 5
2.0449 1.8716 3.0492 5.05 6.0336 8.9894 10.988 11.991
1.4292 2.0625 1.5727 2.0577 1.5288 0.98623 1.4752 2.0762
3020 16
3 7 5 8 7 8 2 5
2.156 2.0395 3.0536 4.968 5.9084 9.0632 10.883 11.995
1.5304 2.1028 1.4704 2.1002 1.4399 1.0542 1.4794 1.9288
3021 16
3 7 5 8 7 8 2 5
1.9758 1.9973 2.9428 5.0222 5.9581 8.9428 11.091 12.113
1.5482 1.8877 1.606 2.0343 1.4606 0.99379 1.5459 2.0405
3022 16
7 2 3 6 5 8 2 8
2.0205 3.9481 6.0552 7.4987 7.9683 8.9994 10.951 12.04
1.9905 2.0292 1.5294 1.5823 1.9886 1.022 1.5132 1.5147
3023 16
7 2 3 6 5 8 2 8
1.9994 3.972 5.9714 7.5659 8.0224 8.943 10.979 12.096
2.0117 1.9357 1.4308 1.5392 1.9217 0.90126 1.4998 1.504
3024 16
7 2 3 6 5 8 2 8
2.0396 4.0113 6.0795 7.5249 7.9688 8.9996 10.915 11.997
1.9983 2.0466 1.4987 1.4703 2.0085 1.0012 1.5512 1.5003
