42
5125 16
5 6 4 4 4 8 2
0.78225 5.4091 5.9449 9.5786 13.191 13.463 14.499
1.5966 2.6011 1.2706 2.712 2.5822 1.2769 1.0077
5126 16
7 2 8 3 2 5 1 6
0.35215 1.6279 4.501 6.1399 6.5871 7.1623 9.9687 10.757
1.2362 2.6107 2.7364 2.2073 1.4505 2.6003 1.5263 1.5832
5127 16
4 8 3 4 7 5
1.1079 1.9345 3.5589 6.0062 9.0877 11.285
1.0894 1.9236 2.5596 2.7092 1.234 2.5605
5128 16
5 2 2 7 8 4 1
6.6112 7.0686 9.5508 10.385 11.239 11.316 11.531
1.114 1.1588 2.7068 1.9094 1.4567 2.5238 2.8918
5129 16
6 4 6 4
3.5476 4.2894 7.1593 8.2555
2.0762 1.7705 2.1173 1.9514
5130 16
1 4 3 7
1.956 4.0211 5.9959 6.0045
1.5624 2.5508 1.4581 1.5103
5131 16
1 4 3 7
2.0226 3.9736 5.9498 6.089
1.5168 2.4904 1.5397 1.5417
5132 16
1 4 3 7
1.9641 4.0699 5.9583 5.9919
1.4934 2.4708 1.3713 1.5688
5133 16
1 4 3 7
2.0353 3.9776 5.9576 5.9474
1.5465 2.5002 1.4374 1.5294
5134 16
2 6 2 8
3.9838 7.5708 8.0625 9.0235
2.057 1.5503 1.5657 1.0835
5135 16
2 6 2 8
3.9512 7.4749 8.0005 8.9344
1.9897 1.5348 1.5746 0.96511
5136 16
2 6 2 8
3.9681 7.5463 8.008 9.0208
1.9993 1.5444 1.4694 0.99813
5137 16
2 6 2 8
4.0763 7.5254 7.9486 9.0013
2.0537 1.5424 1.4801 1.0466
5138 16
3 8 3 2 8 5
1.9716 5.0442 6.0692 8.0459 9.0536 12
1.4773 1.9773 1.4311 1.5278 1.0624 1.9845
5139 16
3 8 3 2 8 5
1.9368 5.0114 6.0563 8.1083 8.9897 11.984
1.5867 1.9706 1.4818 1.4665 0.99004 2.0837
5140 16
3 8 3 2 8 5
2.0287 4.992 5.971 7.9329 8.9277 12.015
1.4461 2.0112 1.5097 1.55 0.90383 2.0337
5141 16
3 8 3 2 8 5
2.0606 5.0707 5.9223 8.0229 8.9816 11.963
1.5134 1.9872 1.4204 1.5584 0.94667 2.025
5142 16
3 8 3 2 8 5
5.9774 8.9249 9.0192 10.987 12.048 12.004
1.5787 0.88762 1.4872 1.457 1.4435 1.9805
5143 16
3 8 3 2 8 5
6.1239 8.9192 8.9574 11.06 12.015 11.983
1.4684 0.93256 1.4669 1.5477 1.4141 2.115
5144 16
3 8 3 2 8 5
5.9872 8.9374 9.0375 11.078 11.897 11.999
1.5112 0.99654 1.4714 1.5166 1.4937 1.9319
5145 16
3 8 3 2 8 5
6.0043 8.9944 8.9135 10.964 12.012 12.011
1.533 0.97378 1.5594 1.4789 1.4071 2.0009
5146 16
4 8 1 2 3 8
4.0031 5.0389 6.0181 8.0438 9.0667 11.969
2.4383 1.9692 2.0622 1.479 1.5675 1.4914
5147 16
4 8 1 2 3 8
4.013 4.9767 5.9774 8.1232 8.9057 11.95
2.5183 1.9722 2.0105 1.6205 1.5757 1.5562
5148 16
4 8 1 2 3 8
4.0012 4.9956 6.0345 8.0083 8.9834 12.048
2.5381 1.9865 1.9536 1.4832 1.4831 1.4986
5149 16
4 8 1 2 3 8
3.9776 5.0112 5.9798 8.0808 9.0114 12.03
2.4291 1.9671 2.0316 1.5738 1.4709 1.4442
5150 16
5 4 3 8 3 5
2.9459 4.0784 5.905 9.0193 9.0105 11.957
1.473 2.5528 1.4464 0.98873 1.5053 2.0496
5151 16
5 4 3 8 3 5
2.9846 4.0361 5.9445 8.9222 8.9606 11.991
1.5344 2.4742 1.4581 0.91543 1.517 1.9087
5152 16
5 4 3 8 3 5
3.0364 4.0192 6.0232 9.081 9.0621 11.977
1.5498 2.5545 1.5422 0.95611 1.4559 1.972
5153 16
5 4 3 8 3 5
2.9659 4.0709 5.9802 8.999 9.0106 11.954
1.5716 2.575 1.5585 0.96612 1.4822 1.9916
5154 16
7 5 2 6 8 8
1.9985 2.9286 3.9946 7.4667 8.9753 12.04
1.9866 1.5004 2.0471 1.5169 1.0068 1.4662
5155 16
7 5 2 6 8 8
2.0286 3.0648 4.0729 7.5624 9.0635 12.096
1.9115 1.494 2.0031 1.4136 0.95998 1.4343
5156 16
7 5 2 6 8 8
1.9515 3.0603 4.0477 7.4205 8.9911 12.019
2.0892 1.4241 2.0357 1.5004 1.0128 1.4743
5157 16
7 5 2 6 8 8
1.9697 2.9647 4.0744 7.4697 9.0632 11.963
2.0187 1.4717 1.9748 1.4454 0.90702 1.4407
5158 16
3 4 8 7 5 2
1.9953 3.9085 5.042 5.9553 7.9701 10.944
1.4072 2.576 2.0153 1.506 1.9665 1.5178
5159 16
3 4 8 7 5 2
2.0183 3.9984 5.0394 5.9772 7.976 11.011
1.4981 2.5108 2.1248 1.4214 2.0136 1.5178
5160 16
3 4 8 7 5 2
2.0068 4.0309 4.9946 5.9632 8.0743 10.994
1.5525 2.4893 1.9804 1.4509 2.0495 1.4536
5161 16
3 7 5 8 7 8 2 5
2.0315 1.9597 2.9816 5.1196 5.9511 8.9828 10.955 12.027
1.4519 1.919 1.4905 1.9788 1.477 1.0107 1.4721 1.9956
5162 16
3 7 5 8 7 8 2 5
1.9755 2.0348 3.0036 5.1101 6.0465 8.9903 10.984 11.92
1.593 2.0385 1.5372 2.0322 1.5107 1.0076 1.4254 2.0942
5163 16
3 7 5 8 7 8 2 5
2.0693 2.0041 3.0762 4.9857 6.0215 8.9487 10.909 12.021
1.5063 2.0545 1.4693 2.0165 1.5272 0.97433 1.5521 1.9225
5164 16
7 2 3 6 5 8 2 8
1.9952 4.0647 6.0517 7.5495 7.9533 8.9352 10.986 12.041
2.0431 2.0228 1.5098 1.659 1.9643 0.98789 1.5426 1.4934
5165 16
7 2 3 6 5 8 2 8
1.9966 4.0653 5.982 7.4003 8.0413 8.9129 10.977 11.975
2.0462 1.9181 1.4685 1.4905 1.9395 0.9816 1.4629 1.4926
5166 16
7 2 3 6 5 8 2 8
1.9902 3.9672 5.9789 7.5293 7.9936 9.0611 10.988 12.13
2.0667 2.0055 1.4307 1.5217 1.9714 0.97278 1.5233 1.5179
