42
5881 16
8 3 4 2 4 3 5
3.5118 4.9227 6.0563 8.9359 9.6767 11.185 13.665
1.3531 1.7565 2.3023 2.2781 1.7134 2.9669 2.3107
5882 16
3 6 2 5 2 6 4 5
3.2026 4.0687 4.9835 7.0955 9.4377 11.564 12.361 12.762
1.5331 1.5541 2.8398 2.9177 1.8533 2.9678 1.8584 2.8963
5883 16
8 1 5 8 3 4
1.4463 6.5535 7.025 9.1985 12.907 13.106
1.4078 1.6083 2.6878 1.9042 1.9885 2.0769
5884 16
6 2 5 6
1.2762 4.4424 5.7753 9.9709
1.1391 1.0458 1.7836 2.4187
5885 16
1 2 2 5 5 7 4
2.0011 2.5204 5.9004 6.3805 11.037 11.54 12.329
2.0117 2.2325 1.0422 2.0507 2.4703 1.1401 1.5809
5886 16
1 4 3 7
1.926 3.9357 6.0516 6.0126
1.4836 2.5154 1.4121 1.5058
5887 16
1 4 3 7
2.0153 4.0506 6.0932 5.9352
1.4582 2.5221 1.5849 1.5491
5888 16
1 4 3 7
2.0565 3.97 5.9139 5.9542
1.4739 2.4679 1.4751 1.4321
5889 16
1 4 3 7
2.044 3.9829 6.0087 5.9786
1.4813 2.5809 1.5768 1.543
5890 16
2 6 2 8
3.9897 7.5319 7.9767 8.9679
1.9281 1.5162 1.5402 1.0403
5891 16
2 6 2 8
3.9642 7.6051 7.9472 8.9167
2.0407 1.5322 1.4106 0.94947
5892 16
2 6 2 8
4.0424 7.4736 8.0362 9.1558
1.9497 1.5435 1.5563 0.92241
5893 16
2 6 2 8
3.9429 7.38 8.0059 9.0564
2.0066 1.402 1.4829 0.94984
5894 16
3 8 3 2 8 5
2.0539 5.0346 6.014 8.0513 9.0269 11.991
1.5365 2.0707 1.4724 1.5485 1.0618 2.0814
5895 16
3 8 3 2 8 5
1.9337 4.9697 5.9396 8.0154 9.0289 12.046
1.5257 1.9601 1.4697 1.501 0.90523 1.9396
5896 16
3 8 3 2 8 5
1.9684 5.058 5.9838 7.9577 9.0167 12.021
1.5206 1.893 1.5482 1.542 1.0583 2.0528
5897 16
3 8 3 2 8 5
2.0541 5.0345 6.0555 7.9482 8.9492 12.041
1.5068 2.0527 1.5369 1.5135 1.0666 2.019
5898 16
3 8 3 2 8 5
6.0175 8.9006 9.0212 10.986 11.984 11.944
1.5658 1.0295 1.4785 1.5153 1.5297 1.9425
5899 16
3 8 3 2 8 5
5.919 8.9967 9.0275 11.037 12.072 12.135
1.4362 0.87116 1.5457 1.4451 1.5169 1.9816
5900 16
3 8 3 2 8 5
5.9928 9.0524 8.9247 11.072 12.034 12.031
1.5871 1.0652 1.4433 1.4769 1.4999 2.0249
5901 16
3 8 3 2 8 5
5.9441 9.0043 9.0532 11.006 11.933 11.971
1.5207 0.98943 1.5104 1.5462 1.5216 1.9272
5902 16
4 8 1 2 3 8
3.9895 5.0054 5.8643 8.0211 8.9648 11.985
2.6376 1.9901 1.9369 1.4433 1.4863 1.4239
5903 16
4 8 1 2 3 8
3.9678 4.9502 5.9307 8.0109 8.9642 11.953
2.551 1.9656 1.9529 1.4865 1.5311 1.501
5904 16
4 8 1 2 3 8
4.0595 4.951 6.0292 8.0777 8.9363 11.998
2.4327 2.0731 1.9937 1.568 1.4919 1.4943
5905 16
4 8 1 2 3 8
3.9882 5.066 6.0126 7.9625 8.9928 11.94
2.4661 2.0589 1.9839 1.4244 1.4862 1.4802
5906 16
5 4 3 8 3 5
2.9331 4.0431 5.9759 9.0058 8.9288 11.944
1.4787 2.4543 1.4479 1.0162 1.5361 1.9949
5907 16
5 4 3 8 3 5
3.0117 4.0456 6.1035 9.0767 8.9938 12.017
1.5615 2.5799 1.4499 1.0279 1.4427 1.9813
5908 16
5 4 3 8 3 5
2.971 4.0361 5.8772 8.9975 9.005 12.011
1.4409 2.4552 1.5491 0.99413 1.4413 1.9524
5909 16
5 4 3 8 3 5
2.9028 3.9467 5.9202 8.9694 8.9964 11.989
1.5313 2.5253 1.482 1.0192 1.53 2.0319
5910 16
7 5 2 6 8 8
1.9949 2.9705 4.0264 7.3859 8.9868 12.018
1.9321 1.5178 2.0175 1.5507 1.016 1.4827
5911 16
7 5 2 6 8 8
1.9794 2.9564 4.0265 7.5295 8.9083 12
2.0453 1.4953 2.0097 1.4955 1.0349 1.5088
5912 16
7 5 2 6 8 8
1.9573 2.9857 4.0178 7.4999 9.0362 11.939
2.0322 1.5176 2.0457 1.4706 1.0346 1.5002
5913 16
7 5 2 6 8 8
2.0051 2.9762 4.0438 7.4379 8.9608 11.972
1.98 1.403 2.0158 1.5352 1.0471 1.5478
5914 16
3 4 8 7 5 2
2.013 3.9136 5.0353 6.0748 8.0197 10.946
1.5959 2.5155 1.9998 1.487 1.9828 1.5025
5915 16
3 4 8 7 5 2
1.9506 4.0682 4.9519 5.9779 7.9679 10.901
1.5529 2.5198 2.0578 1.5959 1.9657 1.5106
5916 16
3 4 8 7 5 2
2.0162 3.9464 5.017 5.9687 8.0158 10.954
1.4846 2.5556 1.9446 1.4528 1.9493 1.4333
5917 16
3 7 5 8 7 8 2 5
2.083 1.9837 2.9951 4.9932 5.9541 8.9808 10.96 11.986
1.5248 1.9708 1.5085 1.9496 1.5519 0.87634 1.5132 2.0037
5918 16
3 7 5 8 7 8 2 5
2.0036 1.9915 3.0536 5.0362 6.0531 8.9906 10.974 11.98
1.4958 1.9693 1.5113 2.0367 1.5153 0.98328 1.6613 2.0475
5919 16
3 7 5 8 7 8 2 5
1.9748 2.0286 2.9516 5.0004 5.9842 9.0233 10.922 11.995
1.5125 2.096 1.4833 2.0216 1.5289 1.0035 1.523 1.9813
5920 16
7 2 3 6 5 8 2 8
1.9858 3.9753 5.9725 7.4912 8.0219 8.9653 10.985 11.947
1.9905 1.9983 1.4672 1.5581 2.0036 1.1391 1.4747 1.3655
5921 16
7 2 3 6 5 8 2 8
2.0543 3.9877 6.0037 7.4157 7.9985 8.9771 11.043 12.041
1.9462 1.9801 1.5179 1.5226 2.0311 1.0018 1.4994 1.4466
5922 16
7 2 3 6 5 8 2 8
2.1218 4.0013 5.9436 7.5556 7.988 8.9917 10.996 12.041
1.9821 1.9007 1.523 1.5332 1.9772 0.92121 1.5279 1.4791
