42
6175 16
5 7 3 3
0.7222 8.7891 9.0552 12.881
1.9903 1.5788 2.9818 2.2284
6176 16
6 2 8 6 6 2 6
1.7012 1.9509 2.1717 3.8683 8.2875 9.7203 11.332
1.3615 1.4228 2.5789 1.3693 2.2107 2.9926 2.7534
6177 16
3 6 8 4 8 6 3 7
0.0505 1.2678 3.9167 9.6467 11.002 12.155 13.455 13.814
1.5866 2.7023 1.912 2.2542 1.2026 1.6384 1.4368 2.0787
6178 16
8 4 6 7
2.0606 4.1058 6.7282 11.741
1.7571 1.5549 2.9652 1.3773
6179 16
1 7 6 3 7 6
2.5096 2.5178 2.7061 11.331 12.978 13.427
1.0539 2.9641 1.9896 2.3655 2.1855 1.7524
6180 16
1 4 3 7
2.0037 4.0676 6.0186 6.0585
1.4285 2.5278 1.4345 1.5084
6181 16
1 4 3 7
2.0054 4.0255 5.9532 5.9486
1.4918 2.4686 1.5037 1.4915
6182 16
1 4 3 7
2.042 3.9522 6.1329 5.9707
1.5479 2.5061 1.5092 1.6121
6183 16
1 4 3 7
1.9291 4.133 6.0639 6.0429
1.5363 2.5788 1.4741 1.6232
6184 16
2 6 2 8
4.0082 7.5008 7.9949 8.9512
2.0328 1.42 1.4348 1.0063
6185 16
2 6 2 8
3.9554 7.4763 7.9905 8.9474
1.9862 1.4557 1.4746 1.0055
6186 16
2 6 2 8
3.9801 7.4014 7.9694 8.9987
1.9987 1.5537 1.5432 0.92471
6187 16
2 6 2 8
4.0411 7.4661 7.9536 8.9573
2.0104 1.5409 1.4755 0.87763
6188 16
3 8 3 2 8 5
1.9826 5.0053 5.9616 8.0071 8.9307 12.008
1.5011 2.0545 1.5005 1.4796 1.0074 1.9559
6189 16
3 8 3 2 8 5
1.9862 4.9813 5.9574 7.9639 9.0032 11.994
1.5475 2.0489 1.514 1.525 0.95906 2.0351
6190 16
3 8 3 2 8 5
1.9221 4.8992 6.0452 8.0082 8.9879 12.004
1.5051 2.031 1.5158 1.5005 1.0045 1.9507
6191 16
3 8 3 2 8 5
1.9855 4.9389 5.9791 7.9926 9.0458 12.051
1.4474 2.0438 1.5019 1.4298 1.016 2.0203
6192 16
3 8 3 2 8 5
5.9736 8.9422 9.055 11.056 11.925 12.063
1.4418 0.99942 1.5021 1.5402 1.4492 1.9876
6193 16
3 8 3 2 8 5
6.0009 9.0762 8.9537 10.96 12.001 12.041
1.5591 0.99992 1.4169 1.5457 1.5386 1.9635
6194 16
3 8 3 2 8 5
6.0705 9.0504 9.0481 10.989 11.987 11.962
1.5373 1.0029 1.5403 1.5211 1.5283 2.0064
6195 16
3 8 3 2 8 5
6.0685 8.9638 8.9311 11.033 12.064 12.011
1.5319 0.90621 1.5344 1.4298 1.5125 1.986
6196 16
4 8 1 2 3 8
4.1147 4.9205 5.9283 7.9651 8.9898 12.059
2.4713 1.9729 2.0766 1.4742 1.5032 1.4786
6197 16
4 8 1 2 3 8
3.9019 5.0516 5.9876 7.9782 9.0426 12.017
2.5424 2.0159 1.9617 1.5618 1.4921 1.5729
6198 16
4 8 1 2 3 8
4.033 5.0143 6.0061 7.9702 9.032 11.981
2.4108 2.0629 1.9894 1.5019 1.4873 1.4951
6199 16
4 8 1 2 3 8
4.0252 5.0063 5.9724 8.0219 8.936 11.975
2.5289 2.0434 2.0255 1.4801 1.4818 1.5703
6200 16
5 4 3 8 3 5
2.907 4.0418 5.9453 8.9936 9.0274 11.926
1.5446 2.5472 1.4855 0.99314 1.5609 2.0581
6201 16
5 4 3 8 3 5
2.9849 4.0182 6.0523 9.0463 9.0329 12.033
1.5014 2.6211 1.5569 0.9941 1.4798 2.0331
6202 16
5 4 3 8 3 5
3.0011 3.9419 6.0052 8.9161 9.0698 11.994
1.4282 2.534 1.5486 1.0586 1.4783 2.0306
6203 16
5 4 3 8 3 5
3.0383 4.0129 5.9642 9.0512 9.0359 11.996
1.5029 2.4917 1.4457 0.94341 1.5157 1.9856
6204 16
7 5 2 6 8 8
2.0384 3.0037 4.051 7.4605 8.9529 11.995
2.0511 1.5244 2.0889 1.4669 0.99348 1.4591
6205 16
7 5 2 6 8 8
1.9996 2.943 4.0741 7.5283 8.925 12.011
1.9634 1.4519 1.9922 1.4807 1.0038 1.5718
6206 16
7 5 2 6 8 8
2.0154 3.0315 4.1383 7.4092 8.9964 12.048
1.9773 1.5338 1.9932 1.6236 0.93583 1.5086
6207 16
7 5 2 6 8 8
2.068 3.0764 3.9866 7.4654 9.0209 11.953
2.0535 1.4442 1.9605 1.3848 1.0329 1.5651
6208 16
3 4 8 7 5 2
1.9572 4.0966 5.0208 6.0417 8.0253 10.939
1.4076 2.5301 1.9997 1.5455 1.9062 1.4753
6209 16
3 4 8 7 5 2
1.9723 4.1117 5.0136 5.9909 8.0138 11.007
1.5323 2.4911 1.8825 1.5446 1.9355 1.5017
6210 16
3 4 8 7 5 2
1.9961 3.9672 5.0085 6.1219 7.9902 10.956
1.4727 2.4386 1.9864 1.504 2.0519 1.5201
6211 16
3 7 5 8 7 8 2 5
1.9826 1.962 3.0903 4.9975 5.9784 9.0418 10.987 11.948
1.5616 2.03 1.4664 2.04 1.5799 1.0019 1.5167 1.996
6212 16
3 7 5 8 7 8 2 5
2.0111 2.0333 2.9827 4.9423 5.9373 8.8708 10.984 11.995
1.5407 2.0745 1.5294 1.9761 1.5058 0.965 1.5045 2.0502
6213 16
3 7 5 8 7 8 2 5
1.9364 1.9558 3.0178 5.0232 6.0352 9.0871 11.007 11.988
1.5886 2.0351 1.5234 2.0149 1.6235 1.0059 1.5395 1.9961
6214 16
7 2 3 6 5 8 2 8
2.0757 3.9576 5.9736 7.519 8.03 9.0393 10.928 11.966
2.0183 1.9951 1.4755 1.4669 1.998 1.02 1.4927 1.561
6215 16
7 2 3 6 5 8 2 8
1.916 4.0426 6.039 7.4658 8.027 9.0969 10.982 11.984
1.968 2.028 1.4423 1.5355 2.0895 0.94323 1.5008 1.5638
6216 16
7 2 3 6 5 8 2 8
1.9506 3.9289 5.9799 7.4421 8.0419 8.9837 10.94 11.977
2.0665 1.9968 1.5408 1.4794 2.0185 1.0169 1.4603 1.5518
