41
7336 16
7 3 7 3 7
0.63949 2.3232 5.3554 9.41 10.087
1.8002 1.9404 2.5691 1.449 2.6283
7337 16
4 2 6 2 1 6 7 7
0.034865 0.47572 3.2539 3.8034 7.6225 7.9214 8.1003 13.183
2.774 2.9714 1.923 1.5893 2.5704 2.1681 2.6323 2.6875
7338 16
4 1 4 2 5 1 4
1.9553 7.3502 7.881 9.1521 11.523 12.531 12.822
1.8685 2.7205 1.7332 1.7788 2.6783 1.3143 1.735
7339 16
4 7 7 3 1 1 7
0.61031 0.96702 4.0051 4.9521 9.0606 11.395 12.426
2.0176 2.5602 1.5683 1.4049 1.8946 1.1322 1.2109
7340 16
7 1 6 6 8 1
0.6109 1.1618 2.076 4.7868 5.0963 5.7501
2.1071 2.7244 2.6446 2.6861 2.6721 1.5502
7341 16
1 4 3 7
2.0699 4.0451 6.0026 6.0136
1.4993 2.471 1.4164 1.5914
7342 16
1 4 3 7
2.0657 4.0337 5.9685 5.972
1.5225 2.4731 1.5677 1.5771
7343 16
1 4 3 7
2.0343 4.0326 5.9861 5.9433
1.4866 2.562 1.4582 1.461
7344 16
1 4 3 7
1.977 3.9833 6.0662 6.0433
1.4552 2.4816 1.5591 1.567
7345 16
2 6 2 8
3.9434 7.5679 7.9785 9.0559
2.0702 1.5616 1.464 0.97265
7346 16
2 6 2 8
4.0373 7.4667 8.0945 8.977
1.9817 1.4683 1.4906 1.0399
7347 16
2 6 2 8
4.0541 7.4843 7.9524 8.981
2.0287 1.4836 1.5438 1.0655
7348 16
2 6 2 8
4.0092 7.4348 8.0254 9.0492
1.9895 1.4381 1.4604 1.0666
7349 16
3 8 3 2 8 5
2.0579 5.0617 5.9465 8.0211 9.0362 12.015
1.5558 2.039 1.5478 1.5119 1.0169 1.9386
7350 16
3 8 3 2 8 5
2.0338 5.1106 5.9696 8.0343 8.9889 12.008
1.5274 2.0182 1.3731 1.5426 0.98231 2.0428
7351 16
3 8 3 2 8 5
1.9569 5.073 6.0502 8.048 9.0192 12.094
1.5129 2.0166 1.4291 1.4381 0.98009 2.0198
7352 16
3 8 3 2 8 5
1.9457 4.9776 6.0822 7.9797 8.9378 11.971
1.6514 2.0402 1.5538 1.525 0.99564 2.0901
7353 16
3 8 3 2 8 5
5.941 9.0278 8.9654 11.081 11.914 11.969
1.4929 0.99716 1.4635 1.5281 1.4341 2.0199
7354 16
3 8 3 2 8 5
5.948 9.0524 9.0023 10.964 12.021 11.989
1.6291 0.94408 1.4512 1.5403 1.4913 1.9764
7355 16
3 8 3 2 8 5
6.0047 8.9364 8.9876 11.029 12.136 12.047
1.5595 1.0249 1.4836 1.5346 1.508 2.0625
7356 16
3 8 3 2 8 5
5.9278 8.9646 9.0012 11.03 11.916 11.917
1.5202 0.99884 1.4825 1.4655 1.5354 2.0081
7357 16
4 8 1 2 3 8
3.9468 4.9983 6.0147 7.9696 8.9834 11.964
2.4915 1.9343 1.9563 1.5687 1.4174 1.3991
7358 16
4 8 1 2 3 8
3.9252 4.9674 5.9817 7.9803 9.0623 12.057
2.4484 2.0061 1.9849 1.4465 1.466 1.4236
7359 16
4 8 1 2 3 8
4.0039 5.0063 6.0032 7.9818 9.0423 11.954
2.553 1.9668 1.9467 1.4671 1.5571 1.4976
7360 16
4 8 1 2 3 8
4.0318 5.0093 5.9823 8.1052 9.0552 11.986
2.4351 2.054 1.973 1.4234 1.5422 1.4652
7361 16
5 4 3 8 3 5
2.9278 3.9469 5.9826 9.0691 8.9403 12.069
1.4321 2.5803 1.4962 0.94476 1.4978 1.9611
7362 16
5 4 3 8 3 5
3.0271 4.0099 6.066 8.9595 8.9937 11.988
1.5583 2.5878 1.5889 1.0176 1.4603 1.9593
7363 16
5 4 3 8 3 5
2.9594 3.9556 5.9545 8.915 9.0102 11.994
1.4901 2.5311 1.5674 1.0151 1.4746 2.0219
7364 16
5 4 3 8 3 5
2.9721 4.0247 5.9958 8.9886 9.0265 12.002
1.5638 2.409 1.4648 0.9767 1.5236 1.9954
7365 16
7 5 2 6 8 8
1.962 2.9979 3.9903 7.5317 9.0566 12.003
2.0668 1.5598 1.8817 1.5728 1.0389 1.5286
7366 16
7 5 2 6 8 8
2.0366 2.9951 3.9678 7.5496 9.0063 12.114
1.9955 1.5169 2.0191 1.6105 0.96211 1.4226
7367 16
7 5 2 6 8 8
2.023 2.9485 4.1016 7.4784 9.0009 11.941
1.9557 1.5139 2.1128 1.468 0.97345 1.4754
7368 16
3 4 8 7 5 2
1.9924 4.0021 4.9917 6.0501 7.9728 11.059
1.3541 2.4155 1.9492 1.5237 1.9882 1.4466
7369 16
3 4 8 7 5 2
1.9964 4.041 4.9559 6.0066 8.0016 11.065
1.477 2.4373 2.027 1.4788 2.0701 1.5005
7370 16
3 4 8 7 5 2
2.0064 3.9764 4.9012 6.0321 7.9566 11.025
1.4238 2.5405 2.1168 1.6113 2.0244 1.4809
7371 16
3 7 5 8 7 8 2 5
1.9766 2.0385 2.9829 5.0433 5.9991 9.005 10.994 11.916
1.4442 2.1122 1.5547 1.9911 1.4375 1.0085 1.5082 1.9306
7372 16
3 7 5 8 7 8 2 5
1.9858 1.9876 3.0234 4.9656 6.0119 9.0123 11.037 11.918
1.4145 1.9428 1.5471 2.0345 1.5073 1.022 1.3558 2.0458
7373 16
3 7 5 8 7 8 2 5
1.9454 2.0227 2.9348 5.0075 5.9952 8.9786 11.088 12.03
1.5639 2.0198 1.4186 2.0489 1.5008 0.99248 1.5065 2.0235
7374 16
7 2 3 6 5 8 2 8
2.0142 3.9446 5.9489 7.4797 8.0056 8.9914 11.028 11.948
1.9966 2.0759 1.4646 1.4295 1.9758 1.0642 1.4558 1.4453
7375 16
7 2 3 6 5 8 2 8
1.9742 3.989 5.9607 7.4976 7.9694 8.9398 10.976 12.023
1.9406 1.9214 1.5299 1.3786 1.9694 1.0094 1.4839 1.4574
7376 16
7 2 3 6 5 8 2 8
2.0482 3.9855 6.0631 7.5041 7.9901 9.0817 10.968 12.044
1.9471 1.9957 1.5698 1.5813 2.0326 1.0619 1.5926 1.5949
