42
6679 16
1 2 8 3
1.808 2.3078 3.9286 14.091
1.2242 2.1475 1.6235 1.073
6680 16
7 5 1 6 7 5 6 8
0.19776 1.6386 2.096 2.7436 5.4994 6.7962 7.6845 8.3235
1.655 1.9404 2.8108 2.3778 2.9866 2.3009 1.6768 1.8638
6681 16
1 7 5 2
0.81179 5.6067 11.277 11.378
2.8122 1.6241 2.942 1.5421
6682 16
5 4 8 1
3.6468 6.9704 10.498 13.803
1.4788 1.6671 2.0181 2.0042
6683 16
6 4 7 3 8 5
2.119 2.5396 3.5428 3.7495 9.997 10.327
2.3695 2.2091 1.9174 2.4714 1.4425 2.7504
6684 16
1 4 3 7
1.9664 3.9415 6.0205 5.9425
1.4302 2.5345 1.5062 1.4726
6685 16
1 4 3 7
1.9904 3.9281 5.994 5.9749
1.5478 2.5203 1.4862 1.4725
6686 16
1 4 3 7
2.0181 4.0667 6.0248 5.9546
1.5083 2.4878 1.4581 1.4727
6687 16
1 4 3 7
1.985 4.0236 5.9685 6.0256
1.447 2.4036 1.4465 1.517
6688 16
2 6 2 8
3.9605 7.5013 7.9836 8.9707
2.0201 1.5301 1.5399 1.0679
6689 16
2 6 2 8
3.9713 7.5708 8.0248 8.988
2.0255 1.4823 1.4987 0.96545
6690 16
2 6 2 8
3.9914 7.5061 8.0346 9.0326
2.0045 1.5271 1.462 1.0387
6691 16
2 6 2 8
4.0243 7.5312 7.9347 9.0158
2.0223 1.4893 1.5291 0.99499
6692 16
3 8 3 2 8 5
2.0235 4.9802 6.045 8.016 8.9906 11.953
1.5058 2.1896 1.4331 1.617 1.0311 1.9145
6693 16
3 8 3 2 8 5
2.0175 5.0462 6.1056 8.0305 9.0081 12.044
1.4399 1.9668 1.4954 1.4714 1.0072 2.0861
6694 16
3 8 3 2 8 5
2.0271 5.0347 5.9462 7.9972 9.0103 11.965
1.4967 1.9983 1.5844 1.5401 0.92392 1.9637
6695 16
3 8 3 2 8 5
1.9836 4.974 6.0005 8.0301 8.9798 11.945
1.5324 2.0656 1.4789 1.4537 0.94807 2.0129
6696 16
3 8 3 2 8 5
5.9984 9.0057 8.9702 11.026 11.944 11.867
1.4958 1.0097 1.4185 1.4867 1.4269 2.0526
6697 16
3 8 3 2 8 5
5.9928 9.0303 9.104 11.004 11.965 11.91
1.4485 0.96665 1.4548 1.5584 1.5824 2.038
6698 16
3 8 3 2 8 5
5.9842 9.0372 9.0561 10.961 11.967 12.038
1.5352 1.0307 1.4887 1.5228 1.4549 1.9929
6699 16
3 8 3 2 8 5
5.9848 8.9701 8.9768 10.962 12.033 11.931
1.4476 1.016 1.5565 1.4982 1.5854 1.9597
6700 16
4 8 1 2 3 8
4.0243 5.0686 6.0775 8.0275 8.991 11.98
2.5581 1.9922 1.9438 1.4445 1.5105 1.5201
6701 16
4 8 1 2 3 8
3.9734 4.9498 5.9769 8.0559 9.0103 11.914
2.5172 2.0542 1.9246 1.5321 1.4759 1.4676
6702 16
4 8 1 2 3 8
4.0347 4.995 6.0385 7.9444 9.0105 12.076
2.5259 1.9967 2.0057 1.5244 1.4724 1.5175
6703 16
4 8 1 2 3 8
3.992 5.0493 5.9921 8.1116 9.0967 11.991
2.5099 2.0573 1.9343 1.5061 1.5218 1.5053
6704 16
5 4 3 8 3 5
3.0107 3.9668 6.0311 9.0138 8.9868 12.024
1.4198 2.5229 1.4619 1.0983 1.4564 2.0109
6705 16
5 4 3 8 3 5
3.029 4.0245 5.9187 9.0027 8.9539 11.932
1.5781 2.5335 1.4219 1.0871 1.5261 1.9944
6706 16
5 4 3 8 3 5
2.9366 4.0127 5.9928 9.0362 8.9777 12.048
1.4715 2.397 1.5334 1.0765 1.5777 1.9747
6707 16
5 4 3 8 3 5
2.9124 4.0414 6.0078 8.9908 9.0602 12.021
1.5123 2.4016 1.5058 0.97748 1.408 2.1041
6708 16
7 5 2 6 8 8
2.0116 3.0167 3.9487 7.505 8.9986 12.042
1.988 1.486 2.0011 1.4102 1.0712 1.4917
6709 16
7 5 2 6 8 8
2.023 3.0784 3.975 7.4652 9.0141 12.089
2.0065 1.5083 2.0691 1.5675 0.99254 1.4125
6710 16
7 5 2 6 8 8
1.9292 2.9768 3.9849 7.4947 9.0612 11.944
1.9946 1.4932 2.0774 1.5008 0.99316 1.5327
6711 16
7 5 2 6 8 8
2.0136 3.0266 3.9821 7.4674 9.017 12.071
2.0477 1.5329 1.9554 1.5075 0.95216 1.5265
6712 16
3 4 8 7 5 2
2.0345 3.9767 5.0262 6.0569 8.0929 11.019
1.5286 2.447 1.9952 1.5774 2.0826 1.5155
6713 16
3 4 8 7 5 2
1.9479 3.9329 5.0383 6.0008 7.9662 11.014
1.5558 2.5846 2.0229 1.4203 2.0122 1.4802
6714 16
3 4 8 7 5 2
2.0603 4.0069 5.0355 6.0037 8.0117 11.025
1.5346 2.5756 1.9918 1.5516 1.9796 1.4865
6715 16
3 7 5 8 7 8 2 5
1.9989 2.0705 2.94 5.0204 6.0495 9.0624 10.974 12.049
1.4977 1.9677 1.4922 2.0517 1.4552 1.0371 1.5532 2.0316
6716 16
3 7 5 8 7 8 2 5
1.9816 1.9605 3.0326 5.0483 5.9861 9.1049 10.986 11.97
1.4505 2.0117 1.5033 2.0267 1.5113 1.0205 1.5201 2.0226
6717 16
3 7 5 8 7 8 2 5
1.959 2.0082 3.0262 5.0008 6.0406 8.9692 10.911 12.022
1.5431 1.9542 1.5522 2.0385 1.485 0.96651 1.4952 2.0317
6718 16
7 2 3 6 5 8 2 8
1.9809 4.0362 5.9263 7.5342 8.0732 9.0285 11.023 12.1
2.0554 1.9956 1.5155 1.475 2.0318 1.0534 1.5782 1.5382
6719 16
7 2 3 6 5 8 2 8
1.9451 3.9575 5.9921 7.4156 8.0383 9.0425 10.868 12.025
2.0822 2.0011 1.4368 1.492 2.0981 0.98341 1.52 1.4945
6720 16
7 2 3 6 5 8 2 8
2.0288 4.0449 5.978 7.5372 7.9807 8.9695 11.098 11.973
1.9846 1.8937 1.519 1.4655 1.936 1.0091 1.5569 1.4971
