42
4369 16
7 5 4 1 2 3
3.5538 4.0785 4.4954 5.5723 11.913 13.174
2.8767 2.7523 1.6206 2.0653 2.9446 1.381
4370 16
7 4 3 5 3
4.6284 7.322 7.411 9.1917 12.683
2.468 1.0314 2.8105 2.5209 2.1053
4371 16
2 3 5 1
4.2732 7.5968 8.584 8.8043
2.9691 1.9172 1.8147 2.625
4372 16
7 6 5 7 3 4 8 3
1.3381 1.9647 5.2723 6.0516 6.4994 8.8004 8.819 11.228
2.906 1.7581 2.7893 1.2948 2.7151 2.9005 2.7534 1.405
4373 16
7 3 7 3 8
5.6075 8.2081 8.2647 11.984 13.037
1.6993 2.8072 1.4642 1.7208 2.0442
4374 16
1 4 3 7
1.99 3.9874 6.0266 5.9943
1.4913 2.4485 1.4595 1.414
4375 16
1 4 3 7
2.0192 4.0237 5.9576 5.9649
1.5367 2.5226 1.3941 1.4947
4376 16
1 4 3 7
1.9711 4.027 5.9852 6.0091
1.467 2.4796 1.6077 1.532
4377 16
1 4 3 7
1.9582 3.9081 6.0174 6.0114
1.5215 2.5756 1.5242 1.4706
4378 16
2 6 2 8
3.9659 7.4819 8.0651 8.9977
2.0623 1.5019 1.5061 1.0584
4379 16
2 6 2 8
4.0646 7.5356 8.0123 8.9778
2.0022 1.4677 1.4905 0.9474
4380 16
2 6 2 8
3.9644 7.4722 7.9093 8.9764
2.0224 1.5584 1.5755 0.96288
4381 16
2 6 2 8
4.011 7.5162 8.0066 8.9704
1.9108 1.4476 1.4997 0.91394
4382 16
3 8 3 2 8 5
2.0031 4.9807 5.9759 7.9043 9.0569 11.909
1.56 1.9365 1.5411 1.4867 0.9855 2.0429
4383 16
3 8 3 2 8 5
1.9862 4.9024 5.9846 8.0679 8.9326 11.932
1.3324 2.0197 1.5746 1.3837 0.9934 1.9749
4384 16
3 8 3 2 8 5
2.0722 5.0219 6.0109 8.0127 9.0618 12.036
1.5048 2.0461 1.5052 1.5192 1.0241 2.0474
4385 16
3 8 3 2 8 5
1.9897 4.9643 5.9523 7.9474 9.0919 12.018
1.433 1.9741 1.4941 1.4637 1.0748 2.0839
4386 16
3 8 3 2 8 5
5.9716 9.0965 8.9447 10.98 11.91 11.957
1.4577 1.0101 1.4941 1.5561 1.4617 2.0277
4387 16
3 8 3 2 8 5
5.9758 8.9736 9.0472 10.935 11.949 12.026
1.457 1.0525 1.4956 1.4722 1.4189 2.0685
4388 16
3 8 3 2 8 5
5.9672 9.0157 9.0213 10.937 12.013 11.965
1.5922 0.97257 1.4229 1.4748 1.4454 2.0529
4389 16
3 8 3 2 8 5
5.9826 8.9883 9.0091 11.047 11.974 12.033
1.5097 0.95393 1.4313 1.4548 1.4821 2.0547
4390 16
4 8 1 2 3 8
4.043 4.9976 5.9856 7.9362 9.0229 12.037
2.4884 2.0017 2.1583 1.4294 1.5766 1.5104
4391 16
4 8 1 2 3 8
4.0101 5.0727 5.9864 7.9991 8.891 11.978
2.443 2.0202 2.0039 1.4881 1.5752 1.5442
4392 16
4 8 1 2 3 8
4.0375 5.0203 6.0336 8.0617 9.0136 12.025
2.4867 1.8893 2.0145 1.5097 1.5957 1.5661
4393 16
4 8 1 2 3 8
4.0424 5.0378 6.022 7.9708 9.0579 11.959
2.5657 1.941 2.0646 1.518 1.5712 1.5612
4394 16
5 4 3 8 3 5
2.9881 3.8986 5.9951 8.9897 9.1112 12.016
1.4634 2.4794 1.5165 0.9934 1.5684 2.0147
4395 16
5 4 3 8 3 5
3.0086 4.0113 6.0007 8.9543 9.0055 12.062
1.4895 2.5578 1.4994 1.0445 1.5337 1.9817
4396 16
5 4 3 8 3 5
2.9249 3.9885 6.0145 9.022 9.0524 11.981
1.5373 2.5053 1.4188 1.0901 1.4973 2.0673
4397 16
5 4 3 8 3 5
3.0483 3.9805 5.953 8.9457 8.9911 11.981
1.5651 2.5689 1.4271 0.93897 1.5017 1.9894
4398 16
7 5 2 6 8 8
2.0047 3.0271 4.0341 7.423 8.9604 12.077
1.9889 1.4702 2.0225 1.4999 1.0785 1.5151
4399 16
7 5 2 6 8 8
1.9611 3.0043 3.9638 7.4268 9.102 12.024
2.067 1.5571 2.05 1.4167 0.98263 1.3934
4400 16
7 5 2 6 8 8
2.0577 2.9895 3.9944 7.4552 8.9771 11.972
2.1308 1.4883 1.9846 1.4572 0.9732 1.4482
4401 16
7 5 2 6 8 8
2.0872 3.0757 3.9499 7.5028 9.018 12.032
2.0063 1.5492 1.8811 1.4301 0.96629 1.5296
4402 16
3 4 8 7 5 2
2.037 3.9624 4.9823 6.0174 7.9706 10.955
1.6236 2.5725 1.9539 1.592 2.0445 1.4562
4403 16
3 4 8 7 5 2
2.0067 3.988 5.0197 6.1151 8.0073 10.967
1.4435 2.5294 1.9296 1.4535 2.0668 1.5128
4404 16
3 4 8 7 5 2
1.969 4.0093 5.0152 5.9725 7.977 10.951
1.4799 2.6317 2.0287 1.4742 2.1113 1.4911
4405 16
3 7 5 8 7 8 2 5
2.0339 2.0197 2.982 5.0172 5.9844 8.9292 10.961 12.078
1.447 1.9471 1.5123 1.922 1.4936 1.0095 1.434 2.058
4406 16
3 7 5 8 7 8 2 5
2.0657 1.9189 3.053 4.9359 6.0084 8.9747 10.955 12.084
1.5372 1.9316 1.3904 2.03 1.525 1.0655 1.5303 2.0319
4407 16
3 7 5 8 7 8 2 5
2.0732 1.9625 3.0979 5.0553 6.0963 9.0255 10.987 11.939
1.4741 1.925 1.442 1.9454 1.5756 0.97225 1.3886 2.0353
4408 16
7 2 3 6 5 8 2 8
1.9512 4.0159 5.9318 7.473 8.0081 8.9537 11.029 12.009
1.9427 1.9848 1.5934 1.5474 2.0109 0.93044 1.5085 1.5282
4409 16
7 2 3 6 5 8 2 8
1.957 3.9258 6.0931 7.4912 7.9583 8.9671 10.987 11.957
1.942 2.0188 1.5435 1.4745 2.0311 0.93291 1.4569 1.5174
4410 16
7 2 3 6 5 8 2 8
2.1057 3.9855 6.0754 7.5415 8.0897 9.0133 11.036 11.958
1.9907 2.0626 1.5168 1.5517 1.9699 1.0458 1.5744 1.4569
