42
463 16
1 2 4 8
0.64567 2.3765 4.3161 9.8704
2.4936 1.0771 2.9041 2.483
464 16
8 1 5 7 6 7
2.6461 3.5099 3.5345 4.2191 4.7338 7.032
2.5952 2.8802 1.4518 1.2854 1.8249 2.1585
465 16
3 7 1 8 5
3.4229 4.1828 6.1891 10.483 13.247
1.011 1.8443 2.7749 2.2001 1.2419
466 16
8 1 7 3
0.29773 0.87542 3.733 10.73
2.3937 2.7673 2.9633 2.5778
467 16
2 2 8 5 7
5.542 8.5916 10.984 11.611 12.678
2.3478 1.8537 2.1555 2.8365 2.2727
468 16
1 4 3 7
2.0237 4.0313 5.9328 5.9358
1.3905 2.4718 1.4756 1.4706
469 16
1 4 3 7
1.9534 3.9044 5.9491 6.0132
1.5412 2.3761 1.5392 1.5636
470 16
1 4 3 7
1.9573 3.9623 6.0715 6.0501
1.594 2.561 1.4884 1.5253
471 16
1 4 3 7
2.0314 4.0329 6.0645 5.9938
1.5144 2.4293 1.5097 1.5555
472 16
2 6 2 8
4.0213 7.5021 7.883 9.0112
1.9712 1.5807 1.4844 0.93095
473 16
2 6 2 8
3.9801 7.4747 7.871 8.9973
2.0874 1.5461 1.4481 1.1104
474 16
2 6 2 8
4.0189 7.4442 7.9544 8.9401
1.9712 1.5228 1.5253 0.98336
475 16
2 6 2 8
3.9013 7.5696 7.9669 9.0579
2.0857 1.477 1.6346 0.98468
476 16
3 8 3 2 8 5
2.0642 5.0051 5.9993 7.9582 9.0628 12.02
1.4955 1.9698 1.4962 1.481 0.9456 1.9793
477 16
3 8 3 2 8 5
2.0079 4.993 5.9899 7.9426 9.0338 12.011
1.4728 1.9423 1.538 1.4733 1.0046 1.9272
478 16
3 8 3 2 8 5
2.0295 5.019 5.8778 8.0679 9.0419 12.013
1.5521 1.9443 1.6038 1.4654 0.98206 2.0714
479 16
3 8 3 2 8 5
1.9841 5.0612 5.9893 8.0836 9.0085 12.034
1.4682 2.1131 1.4971 1.5163 0.99258 1.9788
480 16
3 8 3 2 8 5
6.0935 8.9858 9.0469 10.932 12.039 11.971
1.4015 0.9834 1.5146 1.502 1.5501 1.9339
481 16
3 8 3 2 8 5
6.0103 8.9612 8.8873 10.948 12.05 11.914
1.4841 1.0087 1.5414 1.4528 1.5918 2.0212
482 16
3 8 3 2 8 5
6.0334 8.8369 9.0551 10.931 12.048 12.036
1.5888 1.0702 1.5496 1.5271 1.5117 1.9946
483 16
3 8 3 2 8 5
6.0463 8.9731 9.0211 10.877 11.958 12
1.5697 0.94465 1.4775 1.4854 1.5598 1.9471
484 16
4 8 1 2 3 8
3.9891 4.9881 6.0062 7.978 8.9893 12.05
2.5412 1.9412 2.1046 1.505 1.5319 1.529
485 16
4 8 1 2 3 8
4.0775 4.9828 5.953 7.9896 8.9598 12.095
2.5196 1.9986 2.0517 1.5156 1.4778 1.5226
486 16
4 8 1 2 3 8
3.9829 5.0202 5.9724 7.933 9.1328 11.902
2.4842 1.9945 1.9811 1.5345 1.5057 1.4756
487 16
4 8 1 2 3 8
3.9502 4.9288 6.0377 8.0461 8.9569 12.072
2.5114 1.9928 2.0361 1.544 1.4971 1.546
488 16
5 4 3 8 3 5
2.9164 3.8869 6.0541 8.9914 9.0727 12.112
1.5495 2.4608 1.4855 1.0351 1.4705 1.9369
489 16
5 4 3 8 3 5
3.0195 4.0796 5.9643 8.9797 9.0099 11.994
1.4417 2.5055 1.477 0.92194 1.4893 1.985
490 16
5 4 3 8 3 5
3.0109 3.9612 5.9923 9.0132 8.945 12.108
1.4229 2.4526 1.5143 1.0291 1.4465 2.1156
491 16
5 4 3 8 3 5
2.9864 3.9947 5.8962 9.0087 8.9771 12.011
1.5601 2.53 1.5733 0.93847 1.4647 1.9587
492 16
7 5 2 6 8 8
2.0086 3.0863 3.8831 7.5018 9.0579 11.999
2.0054 1.4936 2.0821 1.4646 0.96487 1.4313
493 16
7 5 2 6 8 8
2.0636 3.0455 4.0103 7.4623 9.0866 11.971
1.9582 1.4797 1.8946 1.5675 0.99376 1.4301
494 16
7 5 2 6 8 8
2.0192 2.9575 4.0646 7.5518 8.9986 12.04
2.0321 1.4525 2.0437 1.5162 0.97922 1.5515
495 16
7 5 2 6 8 8
2.0152 3.0218 4.0734 7.4769 8.9337 12.006
1.9377 1.4734 1.9278 1.4891 1.0555 1.5314
496 16
3 4 8 7 5 2
2.0518 3.9327 4.9958 6.0007 8.0156 10.994
1.5673 2.4583 1.9531 1.5561 1.9102 1.5058
497 16
3 4 8 7 5 2
2.0491 3.9429 5.0053 6.0509 7.9477 10.939
1.5501 2.4352 2.0452 1.4155 1.9791 1.5319
498 16
3 4 8 7 5 2
2.0893 4.0237 4.9461 5.9874 8.0448 11.047
1.5503 2.4726 1.9842 1.4643 2.0005 1.5868
499 16
3 7 5 8 7 8 2 5
2.1478 1.966 2.9578 5.0828 5.9314 9.0025 10.845 12.027
1.5696 1.9633 1.5567 1.9092 1.6044 0.94364 1.5472 2.0655
500 16
3 7 5 8 7 8 2 5
2.0015 1.9955 2.9912 5.0056 5.9402 9.0064 11.038 12.039
1.4826 1.9803 1.4963 1.9183 1.4916 0.90719 1.4716 2.0318
501 16
3 7 5 8 7 8 2 5
2.1216 1.927 2.9581 5.0506 5.8915 8.9665 11.064 12.104
1.4236 1.994 1.568 1.9214 1.4403 1.0074 1.5129 2.0311
502 16
7 2 3 6 5 8 2 8
2.0159 4.0576 6.0376 7.48 7.995 9.0954 11.021 11.972
1.93 1.9538 1.4582 1.452 1.921 1.0495 1.4524 1.535
503 16
7 2 3 6 5 8 2 8
1.9491 4.0306 6.0155 7.417 7.9743 9.0327 10.985 11.917
1.9778 2.0599 1.4231 1.5124 2.0093 1.0098 1.5351 1.4488
504 16
7 2 3 6 5 8 2 8
1.9532 3.9685 5.9425 7.5745 8.0924 9.0423 11.09 11.984
1.937 2.0258 1.557 1.4828 1.9347 0.95703 1.4331 1.4876
