41
8402 16
3 5 4 6 1 8
6.3467 6.8643 6.8979 9.1077 10.882 11.619
1.8816 1.0527 1.3529 1.1378 2.9676 1.5273
8403 16
5 6 7 6 2
8.1895 8.4141 9.1433 9.8569 11.801
2.4917 1.0713 2.8157 2.8276 2.5608
8404 16
3 7 8 5 4 4
2.297 5.3695 6.1126 6.2692 7.5643 10.122
2.4713 2.7093 2.3688 2.3217 1.0383 2.8222
8405 16
6 8 4 3 8
1.05 6.0011 8.9331 11.318 12.852
1.5693 1.4627 2.6242 1.6216 1.8364
8406 16
3 1 1 6
2.1246 2.7196 7.3704 11.406
1.0383 1.4105 2.0931 1.0159
8407 16
1 4 3 7
2.044 3.9376 6.1336 5.9424
1.5355 2.4289 1.5029 1.5635
8408 16
1 4 3 7
2.0738 3.9523 6.0339 6.0863
1.5785 2.5286 1.4709 1.533
8409 16
1 4 3 7
1.9788 3.9906 5.983 6.0028
1.5215 2.5202 1.5042 1.4607
8410 16
1 4 3 7
2.0023 3.9243 5.9814 6.0054
1.5113 2.4447 1.4624 1.4919
8411 16
2 6 2 8
4.0037 7.3858 8.0138 9.0342
1.9861 1.5689 1.455 1.0195
8412 16
2 6 2 8
3.9496 7.522 7.9612 9.0474
2.0087 1.5472 1.5113 0.95956
8413 16
2 6 2 8
4.0785 7.522 8.0508 8.9751
2.0802 1.4904 1.5078 0.96324
8414 16
2 6 2 8
3.9141 7.5129 8.0332 8.9698
2.0634 1.3846 1.5311 1.1109
8415 16
3 8 3 2 8 5
1.9661 5.0597 6.005 8.048 9.0073 12.019
1.5381 1.9842 1.4594 1.5376 0.92606 1.9842
8416 16
3 8 3 2 8 5
1.9447 4.9181 5.9633 7.969 9.0433 11.934
1.533 2.0253 1.4882 1.4761 1.0073 2.0737
8417 16
3 8 3 2 8 5
1.959 5.037 6.0722 7.9535 8.9634 11.946
1.44 2.0908 1.5434 1.4908 0.90482 1.9425
8418 16
3 8 3 2 8 5
2.0015 4.929 6.0273 7.9733 9.0707 12.02
1.6126 2.0404 1.4708 1.6556 0.98934 2.017
8419 16
3 8 3 2 8 5
5.9969 9.0103 8.9261 10.992 11.998 11.96
1.4812 0.92248 1.5106 1.5465 1.5339 2.014
8420 16
3 8 3 2 8 5
5.8909 8.8689 8.9318 10.934 11.968 12.002
1.5521 1.0332 1.5293 1.4358 1.5121 1.9828
8421 16
3 8 3 2 8 5
5.9382 8.9684 9.0365 10.984 11.923 11.954
1.4789 1.0025 1.4278 1.4483 1.471 2.065
8422 16
3 8 3 2 8 5
6.063 9.0717 8.9793 10.903 12.046 11.96
1.456 1.0379 1.4276 1.5482 1.535 1.9805
8423 16
4 8 1 2 3 8
4.0692 4.9149 5.9662 8.0512 9.0352 11.952
2.56 1.9334 2.0232 1.4219 1.5057 1.5073
8424 16
4 8 1 2 3 8
3.9897 4.9358 5.9987 8.0112 8.925 11.998
2.4494 2.0915 2.0512 1.4992 1.475 1.5352
8425 16
4 8 1 2 3 8
3.9148 4.9643 5.9776 7.9433 8.9781 12.024
2.5031 1.978 2.0311 1.4752 1.4924 1.4146
8426 16
4 8 1 2 3 8
4.0143 5.0012 5.965 8.1042 9.0483 11.967
2.4153 1.954 1.9655 1.4503 1.5876 1.4893
8427 16
5 4 3 8 3 5
2.9461 3.9502 5.9931 8.8654 9.1359 12.047
1.5085 2.4838 1.5272 0.95165 1.5667 1.9297
8428 16
5 4 3 8 3 5
2.9654 3.9788 6.0106 8.9982 9.0372 12.025
1.4745 2.4057 1.4402 1.11 1.5058 1.9866
8429 16
5 4 3 8 3 5
2.9021 4.0006 5.9444 8.9963 8.9843 12.043
1.548 2.4934 1.4263 0.9075 1.3805 1.9889
8430 16
5 4 3 8 3 5
3.0738 4.017 5.9487 8.9664 8.9746 12.034
1.4544 2.5709 1.5137 0.91808 1.5959 2.006
8431 16
7 5 2 6 8 8
2.0151 3.0604 3.9261 7.505 8.9913 11.975
2.0543 1.5547 2.0242 1.4168 0.96283 1.5151
8432 16
7 5 2 6 8 8
2.0605 2.9855 3.9621 7.49 9.0447 11.891
1.951 1.4782 1.933 1.5195 1.0249 1.4406
8433 16
7 5 2 6 8 8
2.0934 2.9779 4.0054 7.5445 9.1138 11.974
1.9683 1.4774 2.0321 1.5125 1.0281 1.5316
8434 16
3 4 8 7 5 2
1.9502 3.993 4.9928 5.9583 8.0703 10.981
1.5434 2.57 2.0034 1.5301 2 1.4433
8435 16
3 4 8 7 5 2
2.0382 3.9999 4.8188 6.1124 7.9854 11.082
1.5081 2.5379 1.9758 1.5372 1.9612 1.5115
8436 16
3 4 8 7 5 2
1.9671 4.0049 5.0351 5.971 7.9869 10.952
1.5619 2.5314 1.9206 1.5854 2.0307 1.55
8437 16
3 7 5 8 7 8 2 5
1.9361 2.002 3.0342 5.0741 6.0131 9.0178 10.973 11.937
1.491 2.1076 1.4711 1.9926 1.505 1.0453 1.4409 1.9849
8438 16
3 7 5 8 7 8 2 5
2.0631 2.1018 2.961 5.0086 6.017 9.0923 10.953 11.994
1.4704 2.0341 1.4555 1.9854 1.5096 0.95028 1.5202 1.8865
8439 16
3 7 5 8 7 8 2 5
1.9641 2.0198 2.9464 5.0048 6.044 8.9731 10.991 12.032
1.5074 1.9609 1.5046 1.9742 1.47 1.0357 1.5125 2.0689
8440 16
7 2 3 6 5 8 2 8
1.9158 4.0819 5.934 7.469 8.0701 9.0217 11.063 12.071
2.0027 2.0137 1.475 1.5021 1.9164 0.9738 1.528 1.6007
8441 16
7 2 3 6 5 8 2 8
2.0488 3.999 6.0532 7.4251 8.0969 8.9428 10.966 11.909
1.9498 2.0496 1.4687 1.5888 1.9839 0.99528 1.4735 1.3551
8442 16
7 2 3 6 5 8 2 8
2.0317 4.013 5.9788 7.5012 7.9194 9.0127 10.974 11.998
1.979 1.9848 1.5035 1.4812 1.9757 1.0286 1.456 1.5313
