42
967 16
3 6 8 7 2 1 4 6
1.6541 3.7699 5.3357 8.9706 8.986 9.2431 9.9525 12.765
2.6756 2.3722 2.5647 2.3511 1.046 1.9292 2.8651 2.8192
968 16
4 5 2 3 2 6
2.1355 3.8342 7.9881 9.4372 13.971 13.973
1.9786 1.3331 1.0187 2.0885 1.1942 1.1326
969 16
2 6 4 2 5 4
0.63842 1.7537 2.1361 4.462 8.0148 14.267
1.6694 1.5385 2.0725 1.1776 1.2639 1.254
970 16
5 8 4 2 7 3
1.1075 3.2398 7.5871 7.7827 8.3767 8.5175
1.8518 1.071 1.0773 2.2172 1.2614 1.9179
971 16
5 5 3 3 7 1
0.19544 2.6924 4.01 7.2441 8.6685 8.9952
1.4771 2.8106 1.9152 1.8025 2.7356 2.7953
972 16
1 4 3 7
1.9844 3.9047 5.8347 5.9056
1.4347 2.4583 1.5152 1.5441
973 16
1 4 3 7
2.1314 3.9308 6.0064 6.03
1.5134 2.5014 1.4454 1.538
974 16
1 4 3 7
1.931 4.025 5.987 6.0323
1.6292 2.4484 1.4697 1.4617
975 16
1 4 3 7
1.9555 3.9046 5.9475 5.9699
1.6946 2.5757 1.5735 1.5072
976 16
2 6 2 8
3.9602 7.4607 7.9939 9.0324
2.053 1.4886 1.4935 1.193
977 16
2 6 2 8
3.9304 7.4629 8.0373 8.945
1.9851 1.5056 1.438 1.0586
978 16
2 6 2 8
4.0325 7.4317 8.0018 8.9626
2.0219 1.5571 1.5053 0.93823
979 16
2 6 2 8
3.9301 7.609 8.0257 8.9857
1.9238 1.5836 1.4688 1.0279
980 16
3 8 3 2 8 5
2.0136 5.0403 5.9885 7.9602 8.9805 12.008
1.5512 2.0177 1.4635 1.5313 0.98164 2.0852
981 16
3 8 3 2 8 5
2.0674 4.9851 6.0296 7.9544 9.0441 12.008
1.5009 2.0377 1.4681 1.4232 1.1022 1.9512
982 16
3 8 3 2 8 5
1.9266 5.0105 6.0254 8.0082 9.0088 11.943
1.5113 1.9696 1.5352 1.4745 0.93164 1.9833
983 16
3 8 3 2 8 5
1.9758 4.9645 5.9629 8.0115 9.0094 12.003
1.4228 2.0027 1.498 1.5206 0.99823 1.9329
984 16
3 8 3 2 8 5
5.9396 9.0645 9.0313 10.994 11.985 12.054
1.5273 1.0042 1.5055 1.5086 1.4106 1.9891
985 16
3 8 3 2 8 5
5.9571 8.9505 8.957 11.058 11.988 12.045
1.4938 1.0017 1.5191 1.5175 1.4518 1.8259
986 16
3 8 3 2 8 5
5.9583 8.9794 8.9458 11.008 12.052 11.949
1.4506 0.97769 1.4201 1.4746 1.5486 1.9449
987 16
3 8 3 2 8 5
5.9867 8.9711 8.9549 10.993 11.957 12.044
1.6101 0.95273 1.4474 1.4278 1.5147 1.98
988 16
4 8 1 2 3 8
3.9763 5.0026 6.0041 7.9377 9.023 11.905
2.4611 1.9351 2.0674 1.5065 1.4523 1.5249
989 16
4 8 1 2 3 8
3.9172 5.0362 5.9697 7.9588 9.0044 12.044
2.5397 1.9778 1.9116 1.5437 1.4276 1.538
990 16
4 8 1 2 3 8
4.0222 4.9339 5.9319 8.03 9.0221 12.054
2.4829 2.0034 2.0459 1.5186 1.5136 1.374
991 16
4 8 1 2 3 8
4.027 4.9552 5.9589 7.9914 8.9138 11.991
2.4808 2.0041 2.0626 1.511 1.4249 1.4309
992 16
5 4 3 8 3 5
2.9463 3.8918 5.984 9.0141 8.9612 12.07
1.4746 2.4945 1.5131 1.1188 1.4173 1.9845
993 16
5 4 3 8 3 5
3.0167 4.0166 6.0871 8.9146 8.9255 11.963
1.3926 2.4241 1.4882 0.91676 1.5649 1.973
994 16
5 4 3 8 3 5
3.0108 4.0925 5.9703 9.0044 9.0773 12.011
1.5358 2.5006 1.5644 1.002 1.5072 1.9843
995 16
5 4 3 8 3 5
3.0483 4.0052 5.9804 8.9193 8.9621 11.981
1.4999 2.5321 1.429 1.0283 1.4884 1.9613
996 16
7 5 2 6 8 8
2.0366 3.0475 4.0201 7.443 8.9977 12.044
1.948 1.5056 2.0611 1.5025 0.94456 1.5875
997 16
7 5 2 6 8 8
1.9964 2.9837 3.9899 7.5628 9.0189 11.943
1.935 1.5019 2.0491 1.5216 0.91598 1.624
998 16
7 5 2 6 8 8
1.9719 3.0864 3.9845 7.5108 9.0129 11.889
2.035 1.4486 1.9703 1.4956 1.0129 1.4526
999 16
7 5 2 6 8 8
2.0343 2.9649 3.9481 7.5382 8.9408 11.944
1.9781 1.5533 2.0672 1.4496 1.0005 1.5177
1000 16
3 4 8 7 5 2
1.9917 3.9317 4.9657 5.9217 7.99 11.07
1.5324 2.5724 2.0247 1.5066 2.0375 1.5281
1001 16
3 4 8 7 5 2
2.0126 4.0238 5.0066 5.9174 8.0081 11.008
1.4993 2.4691 2.0245 1.4492 1.922 1.5592
1002 16
3 4 8 7 5 2
2.0602 4.0251 4.9666 6.0274 7.9517 10.997
1.5 2.536 2.0173 1.4582 2.0169 1.5823
1003 16
3 7 5 8 7 8 2 5
1.9487 2.0315 2.9383 4.9432 6.0171 9.0941 10.98 12.057
1.515 2.0432 1.4897 2.0333 1.5202 1.0217 1.5552 1.9458
1004 16
3 7 5 8 7 8 2 5
2.046 1.956 2.9608 5.0499 5.9454 9.0656 10.933 11.895
1.4833 2.0188 1.5566 1.9724 1.592 1.022 1.4373 1.978
1005 16
3 7 5 8 7 8 2 5
2.0144 2.0513 3.0604 4.998 6.0607 9.023 10.979 12.011
1.5168 2.062 1.4937 1.9825 1.6028 1.0219 1.5116 2.1173
1006 16
7 2 3 6 5 8 2 8
2.1044 3.9625 5.8013 7.496 7.9336 8.9982 11.145 12.077
2.0784 1.988 1.509 1.5057 1.9266 1.0314 1.5544 1.5417
1007 16
7 2 3 6 5 8 2 8
2.006 4.0867 6.0678 7.4354 8.0655 9.0982 11.078 12.169
2.0764 2.0635 1.5097 1.5396 1.978 0.91469 1.48 1.4917
1008 16
7 2 3 6 5 8 2 8
1.9986 4.0053 5.9559 7.5245 8.0391 8.9672 10.926 11.921
2.0962 1.974 1.5027 1.5627 2.0024 1.0867 1.4348 1.462
