42
85 16
5 2 3 1 5 2 2 5
3.1223 5.4069 5.5935 6.4037 6.6381 8.7403 10.572 11.41
2.532 1.6146 1.4628 1.9601 2.3927 1.7156 1.0665 2.5857
86 16
5 4 1 7
1.4788 7.6644 8.3484 12.079
1.1819 2.0148 2.9735 2.5
87 16
5 1 5 1 7 8
2.8806 3.8133 6.7819 7.6186 12.063 14.154
1.5996 2.2708 1.774 1.3773 2.6148 1.7445
88 16
5 7 5 8 4
4.0024 5.8438 5.8876 9.5907 10.298
1.414 2.106 1.1974 1.7436 2.5766
89 16
1 4 7 1
0.75897 1.8853 8.5402 10.982
2.185 1.2151 2.293 2.1011
90 16
1 4 3 7
2.0138 3.942 5.9248 6.0002
1.5034 2.5376 1.4628 1.522
91 16
1 4 3 7
2.0161 3.9624 5.9765 6.109
1.4815 2.3862 1.4969 1.5435
92 16
1 4 3 7
1.9526 3.9132 6.0677 6.0202
1.4318 2.5132 1.5829 1.5342
93 16
1 4 3 7
1.9582 3.9682 6.0245 5.9759
1.5127 2.457 1.4538 1.5688
94 16
2 6 2 8
3.9813 7.4025 8.0841 9.0418
2.0139 1.555 1.436 0.98591
95 16
2 6 2 8
3.9667 7.4941 7.9604 9.1125
2.0458 1.4802 1.4674 1.0157
96 16
2 6 2 8
3.9675 7.4629 8.0705 8.9748
1.9887 1.4294 1.467 1.0082
97 16
2 6 2 8
4.0524 7.52 7.9227 8.9034
2.0492 1.5005 1.4721 0.96624
98 16
3 8 3 2 8 5
2.0011 4.9936 6.0417 7.9679 9.0261 11.925
1.5361 2.013 1.4669 1.503 1.0047 1.9955
99 16
3 8 3 2 8 5
2.004 4.9806 6.0467 7.9958 8.9221 11.889
1.533 2.0227 1.5514 1.5151 0.99335 1.9794
100 16
3 8 3 2 8 5
1.9929 4.9639 5.9652 8.0108 9.0192 12.035
1.4935 1.9944 1.4588 1.4817 1.0585 2.0353
101 16
3 8 3 2 8 5
2.0195 5.0132 5.9993 7.9969 8.9038 11.942
1.5761 1.9856 1.5521 1.5039 0.99702 2.0365
102 16
3 8 3 2 8 5
6.0333 8.9248 9.0999 11.017 12.012 12.013
1.6 0.98578 1.6014 1.4756 1.4144 1.9962
103 16
3 8 3 2 8 5
6.0472 9.0398 9.1358 10.939 11.972 11.979
1.5325 0.94939 1.5052 1.5787 1.3674 2.077
104 16
3 8 3 2 8 5
5.9458 8.964 8.9971 10.964 11.987 12.133
1.5468 0.99834 1.5027 1.4947 1.4917 2.0725
105 16
3 8 3 2 8 5
6.1093 9.0167 9.0138 10.945 11.996 11.999
1.5849 0.94654 1.5319 1.5287 1.4406 1.9293
106 16
4 8 1 2 3 8
4.0472 5.0365 6.0052 7.9908 8.9297 11.864
2.4631 2.0221 2.0085 1.5086 1.6412 1.4878
107 16
4 8 1 2 3 8
4.0378 5.0086 6.072 7.9698 9.0178 11.922
2.4442 2.1057 2.0242 1.4662 1.4526 1.4886
108 16
4 8 1 2 3 8
3.9397 4.971 5.9136 8.0014 8.9704 11.937
2.5925 1.9723 1.9711 1.5316 1.534 1.5083
109 16
4 8 1 2 3 8
3.9956 4.9876 5.9807 7.9957 8.9828 12.141
2.4624 2.0457 2.0546 1.4233 1.472 1.5435
110 16
5 4 3 8 3 5
3.0074 3.9157 5.9998 9.0601 9.0898 11.983
1.4896 2.3924 1.5497 1.026 1.4837 2.0027
111 16
5 4 3 8 3 5
2.9432 4.031 5.9609 8.9103 9.0171 12.002
1.4273 2.4657 1.5322 0.97171 1.551 2.1206
112 16
5 4 3 8 3 5
3.0511 3.889 6.0206 8.9285 8.979 11.985
1.5162 2.493 1.6444 0.96114 1.6229 1.9956
113 16
5 4 3 8 3 5
3.0295 3.9146 5.924 8.8838 9.0296 11.941
1.4101 2.4592 1.5525 0.98526 1.512 1.9605
114 16
7 5 2 6 8 8
1.9948 3.032 4.0204 7.5019 9.0557 12.019
1.9567 1.3908 2.0172 1.492 1.0952 1.519
115 16
7 5 2 6 8 8
1.9645 3.0667 4.075 7.5487 8.9513 12.009
2.0599 1.4619 2.043 1.3838 0.9492 1.5653
116 16
7 5 2 6 8 8
2.0029 3.0257 4.082 7.6025 8.9311 11.953
1.9695 1.5194 1.9656 1.4371 0.92091 1.548
117 16
7 5 2 6 8 8
2.1216 2.9575 3.9984 7.4204 8.9518 12.036
1.982 1.558 1.993 1.5341 1.0352 1.4747
118 16
3 4 8 7 5 2
1.9773 3.9837 4.9403 6.0312 7.9416 11.114
1.455 2.5037 1.9993 1.5231 1.9227 1.5228
119 16
3 4 8 7 5 2
2.04 3.8701 5.0614 5.959 7.9514 10.961
1.5154 2.474 2.056 1.5177 1.8848 1.5157
120 16
3 4 8 7 5 2
2.0683 4.0353 4.9867 6.1333 8.0539 11.032
1.6398 2.528 2.0482 1.5896 2.031 1.6356
121 16
3 7 5 8 7 8 2 5
1.9689 1.9593 3.0091 5.0234 6.0512 9.0392 11.038 11.938
1.437 2.0086 1.5559 1.9612 1.5049 0.98342 1.5213 2.0166
122 16
3 7 5 8 7 8 2 5
1.9587 2.0429 2.9751 5.0148 5.9397 9.0102 11.071 11.914
1.5003 2.0003 1.5074 1.9723 1.5154 0.95962 1.4969 2.0115
123 16
3 7 5 8 7 8 2 5
2.033 1.9768 3.0579 4.9426 5.9872 8.9722 11.031 11.99
1.5177 2.0526 1.5318 1.9895 1.4331 0.93401 1.4903 2.0287
124 16
7 2 3 6 5 8 2 8
2.0153 4.044 6.0497 7.5691 8.033 8.9829 11.038 11.994
1.9001 1.9944 1.5774 1.4738 1.976 0.98474 1.4696 1.3711
125 16
7 2 3 6 5 8 2 8
1.9316 3.9985 6.0326 7.4061 8.07 8.9045 10.907 12.002
2.0031 2.0244 1.4611 1.5179 2.0388 0.97273 1.5276 1.4928
126 16
7 2 3 6 5 8 2 8
2.0343 3.9362 6.0193 7.5095 8.0291 8.984 10.956 11.998
1.9841 1.9864 1.547 1.5439 1.9229 1.0489 1.4356 1.537
