41
6721 16
4 6 8 8
0.41984 6.325 7.0553 10.017
1.7587 1.2852 1.6726 2.1189
6722 16
6 5 8 5 8 6 7 3
0.12725 1.5907 2.3875 3.4011 5.4521 6.4334 7.7286 9.8286
1.1862 1.7694 1.5179 1.6003 2.6 2.184 2.0293 2.018
6723 16
4 2 4 6 5
0.89982 7.8082 9.4114 10.984 13.027
1.6773 2.6749 1.3374 1.0423 2.4656
6724 16
7 8 5 7
1.3282 5.4073 6.8859 14.665
1.0829 2.5445 2.9178 1.0947
6725 16
4 2 2 4 8
3.2887 4.0874 9.7504 10.021 14.243
2.0011 2.6179 1.3764 2.619 1.072
6726 16
1 4 3 7
2.0354 3.9125 5.9333 6.0192
1.4918 2.5792 1.6509 1.5062
6727 16
1 4 3 7
1.9682 4.0488 5.9642 5.9605
1.4286 2.5207 1.4787 1.466
6728 16
1 4 3 7
1.9448 3.979 5.9641 5.9415
1.5329 2.5342 1.5433 1.5962
6729 16
1 4 3 7
2.0388 4.075 6.0208 6.0225
1.4106 2.5626 1.5417 1.5048
6730 16
2 6 2 8
3.9757 7.5317 7.9471 8.9437
1.9264 1.5251 1.4807 0.97671
6731 16
2 6 2 8
3.9785 7.4455 8.0716 8.9731
2.0354 1.4844 1.5582 0.93062
6732 16
2 6 2 8
3.992 7.4899 8.0187 8.9341
1.9996 1.5102 1.4173 1.0445
6733 16
2 6 2 8
4.0376 7.5163 8.048 8.9923
1.9949 1.497 1.5239 0.94544
6734 16
3 8 3 2 8 5
2.0008 4.961 6.0095 8.0251 8.9373 11.996
1.5599 1.966 1.5541 1.5236 1.0728 1.9228
6735 16
3 8 3 2 8 5
2.0428 4.9036 5.9578 8.0502 8.9738 12.044
1.5205 2.0069 1.5228 1.5471 1.0062 1.9861
6736 16
3 8 3 2 8 5
1.9543 4.8913 5.9703 8.017 8.9999 11.961
1.5258 2.0434 1.5378 1.5437 1.0247 2.1347
6737 16
3 8 3 2 8 5
2.0476 4.8449 6.0135 7.9764 8.9653 11.96
1.5282 2.0811 1.4927 1.488 1.0331 1.9527
6738 16
3 8 3 2 8 5
6.0005 8.9385 8.9639 11.006 12.048 12.022
1.5203 0.99218 1.5176 1.5006 1.5244 1.9343
6739 16
3 8 3 2 8 5
6.0141 9.0353 8.9948 11.004 11.939 12.051
1.4766 0.957 1.5835 1.4002 1.4178 2.0298
6740 16
3 8 3 2 8 5
5.9223 8.9641 8.9551 11.01 12.068 11.996
1.5988 1.0093 1.5045 1.513 1.4721 2.0503
6741 16
3 8 3 2 8 5
6.0605 9.1094 9.0188 11.024 12.012 12
1.5283 1.0217 1.5272 1.5089 1.4309 1.9707
6742 16
4 8 1 2 3 8
3.9739 4.9899 5.9777 7.9742 8.9684 12.022
2.4924 1.9353 1.9764 1.5087 1.4719 1.4036
6743 16
4 8 1 2 3 8
3.9509 5.0165 5.9396 8.0085 8.9001 12.007
2.4673 2.0089 1.9136 1.501 1.4927 1.4628
6744 16
4 8 1 2 3 8
4.0968 5.086 6.0146 8.0352 8.9519 11.97
2.4581 2.0195 2.0245 1.4797 1.5033 1.4693
6745 16
4 8 1 2 3 8
4.0585 5.0808 6.0766 8.0066 9.0247 12.063
2.5846 2.047 1.9823 1.5328 1.4589 1.5274
6746 16
5 4 3 8 3 5
3.044 4.0717 6.0328 8.9257 8.9947 11.899
1.4632 2.5113 1.5096 0.98994 1.4567 2.1095
6747 16
5 4 3 8 3 5
2.9973 4.0383 6.0529 8.9658 8.9998 11.922
1.518 2.5114 1.4282 0.94784 1.5285 2.0021
6748 16
5 4 3 8 3 5
2.9694 3.9738 6.0457 8.93 9.0167 11.996
1.5625 2.4961 1.5678 1.0192 1.5889 2.0028
6749 16
5 4 3 8 3 5
3.1024 3.9462 6.0048 8.9569 9.021 11.961
1.5053 2.4314 1.5203 1.0228 1.587 2.0406
6750 16
7 5 2 6 8 8
2.066 2.9908 3.9525 7.5598 9.1309 12.063
1.9578 1.4958 2.0444 1.472 1.0567 1.5111
6751 16
7 5 2 6 8 8
1.9437 3.0655 3.9895 7.5187 8.9146 11.98
1.948 1.4459 2.0127 1.5637 0.9618 1.4762
6752 16
7 5 2 6 8 8
1.9518 2.9699 3.9925 7.5021 9.0941 12.038
1.9584 1.5071 1.9792 1.5233 1.0459 1.5826
6753 16
3 4 8 7 5 2
2.0592 4.0621 5.0012 6.0711 7.9737 10.963
1.4207 2.4713 2.0991 1.5468 1.9794 1.4468
6754 16
3 4 8 7 5 2
1.9471 4.0203 4.8551 5.9378 8.0009 10.956
1.4102 2.4578 2.0647 1.5727 1.8921 1.5595
6755 16
3 4 8 7 5 2
2.014 4.0863 5.0293 6.0253 7.968 11.046
1.3888 2.4878 2.0539 1.4052 1.9785 1.5008
6756 16
3 7 5 8 7 8 2 5
1.9767 1.9705 2.98 5.026 5.9403 9.0263 11.081 11.945
1.4326 2.0109 1.538 1.9446 1.5237 0.98205 1.4042 1.9801
6757 16
3 7 5 8 7 8 2 5
1.9944 1.9097 3.011 4.9496 5.9793 9.0006 11.004 11.936
1.5502 2.0412 1.532 2.0131 1.5362 1.0797 1.4987 1.949
6758 16
3 7 5 8 7 8 2 5
1.9589 1.9773 3.0354 5.0188 6.0298 8.9733 11.061 12.048
1.5865 2.0339 1.4724 2.0789 1.4756 0.9675 1.4652 2.0898
6759 16
7 2 3 6 5 8 2 8
2.0872 4.0352 6.0612 7.4802 8.0288 9.0081 11.035 11.927
2.06 1.9679 1.4605 1.5124 1.9307 0.99867 1.4603 1.4752
6760 16
7 2 3 6 5 8 2 8
2.0001 3.9506 5.9797 7.5399 7.9507 8.8881 11.01 11.913
1.9344 1.9513 1.4902 1.5936 1.9892 1.0714 1.5037 1.4911
6761 16
7 2 3 6 5 8 2 8
2.0952 4.0563 5.9598 7.5169 7.9434 8.9511 10.998 12.026
1.9529 1.9787 1.4015 1.5066 1.9846 0.98146 1.442 1.5089
