42
505 16
1 3 3 7 5 4 8
0.88208 1.8379 5.1799 11.881 12.051 12.721 13.113
1.8858 1.8999 2.5988 1.2084 1.7316 2.9516 2.4617
506 16
2 5 8 5 6 3 5 1
0.64084 1.1964 2.8807 9.283 10.891 12.339 12.572 13.58
1.731 2.9166 1.9649 1.1356 2.4035 1.5179 2.7368 1.464
507 16
6 3 1 5 2 4 7 6
1.9856 4.5155 5.2425 5.9902 6.0878 6.1387 6.3054 11.256
1.4415 2.1131 2.8161 1.8708 2.9007 2.2622 1.4101 1.3312
508 16
6 2 8 3 3
2.5685 2.7723 3.6783 4.0972 8.0459
2.6145 2.2936 2.5121 1.5329 1.7898
509 16
1 8 1 4
1.3892 9.1684 10.827 11.478
1.6497 1.7506 1.0051 2.9783
510 16
1 4 3 7
2.0577 4.0892 5.953 5.9633
1.463 2.5283 1.5079 1.4886
511 16
1 4 3 7
1.9593 4.0231 5.9332 5.9603
1.3778 2.5595 1.5119 1.5342
512 16
1 4 3 7
1.9762 3.9772 5.9989 5.9888
1.57 2.4966 1.5477 1.5314
513 16
1 4 3 7
1.9914 3.9398 6.0761 5.9759
1.4747 2.5186 1.5491 1.4878
514 16
2 6 2 8
4.1256 7.516 8.0799 9.06
2.0418 1.4596 1.4898 0.9692
515 16
2 6 2 8
3.9613 7.4598 7.8856 8.9304
2.0277 1.4566 1.5067 0.97938
516 16
2 6 2 8
4.0217 7.5313 7.8703 9.0315
2.0543 1.5075 1.4734 0.99381
517 16
2 6 2 8
4.0334 7.4986 8.099 9.0825
1.9782 1.4933 1.4723 1.0687
518 16
3 8 3 2 8 5
2.11 4.977 6.0499 7.9502 8.9257 12.045
1.5582 2.0281 1.4631 1.5669 1.0001 1.9574
519 16
3 8 3 2 8 5
1.9624 4.8909 5.9713 7.9519 8.9294 12.007
1.5875 2.047 1.4319 1.4629 0.94205 2.0749
520 16
3 8 3 2 8 5
2.0629 5.0681 6.0826 8.006 9.0187 11.915
1.4636 1.8967 1.5381 1.4684 1.043 1.9504
521 16
3 8 3 2 8 5
2.0842 5.0103 6.0569 7.9444 9.0284 11.989
1.5739 2.015 1.4174 1.5182 0.96224 2.0287
522 16
3 8 3 2 8 5
5.9439 9.0081 8.9862 10.969 11.935 11.983
1.5229 0.9995 1.5262 1.5039 1.4844 1.985
523 16
3 8 3 2 8 5
5.9993 9.0894 8.9595 10.986 11.945 11.994
1.4964 0.95403 1.4962 1.474 1.4878 2.0406
524 16
3 8 3 2 8 5
6.0131 8.9798 8.9977 10.939 12.032 12.058
1.443 1.04 1.5403 1.4638 1.5019 1.9478
525 16
3 8 3 2 8 5
5.9616 9.0408 9.0249 11.063 12 11.959
1.4793 0.89803 1.5081 1.6502 1.4907 1.9399
526 16
4 8 1 2 3 8
3.9382 5.0088 5.9968 8.056 8.9414 12.04
2.502 1.8627 1.9892 1.4997 1.5608 1.4261
527 16
4 8 1 2 3 8
3.9375 4.962 6.0507 7.9321 9.001 11.924
2.445 1.9041 2.0234 1.5443 1.3965 1.4975
528 16
4 8 1 2 3 8
4.033 5.0066 5.8563 8.0813 8.8714 11.899
2.5053 2.0273 2.1068 1.471 1.4856 1.4847
529 16
4 8 1 2 3 8
3.9467 5.0297 5.9945 8.0397 9.032 11.975
2.4352 2.0265 2.0332 1.5377 1.4571 1.5968
530 16
5 4 3 8 3 5
2.9873 4.1076 5.9973 9.0668 9.0198 11.942
1.4806 2.3903 1.461 0.88488 1.5364 2.0058
531 16
5 4 3 8 3 5
3.104 3.9545 5.9377 9.1401 9.1331 12.012
1.4109 2.4335 1.4434 1.0105 1.5597 1.9779
532 16
5 4 3 8 3 5
3.0735 3.9661 6.0604 8.9985 9.0008 11.924
1.5206 2.4996 1.5119 1.0226 1.4905 2.002
533 16
5 4 3 8 3 5
2.9441 3.9189 5.953 8.993 9.0521 11.972
1.4869 2.4932 1.4642 0.96728 1.5431 2.0725
534 16
7 5 2 6 8 8
1.9109 3.0276 4.0028 7.4984 8.9996 12.036
1.9982 1.4811 2.0151 1.4808 1.0067 1.4871
535 16
7 5 2 6 8 8
1.8731 2.8574 3.9763 7.4672 9.0445 12.043
2.0198 1.4754 2.0586 1.4478 0.975 1.5102
536 16
7 5 2 6 8 8
2.0274 2.9115 4.0141 7.4957 8.897 12.008
2.0604 1.5108 1.8798 1.5984 0.91769 1.4583
537 16
7 5 2 6 8 8
1.9316 3.0192 4.0097 7.5443 8.8873 12
1.9905 1.4806 2.0026 1.5143 1.0102 1.5361
538 16
3 4 8 7 5 2
1.9916 3.9329 5.0245 5.9614 7.9505 10.968
1.559 2.5873 1.9848 1.4305 1.9881 1.5335
539 16
3 4 8 7 5 2
2.023 4.0815 4.9584 5.9809 8.0253 11.03
1.4616 2.5925 2.0164 1.463 1.8951 1.4712
540 16
3 4 8 7 5 2
2.0324 4.056 5.0807 6.0337 8.0676 10.996
1.5417 2.5194 2.0342 1.5503 2.0231 1.5377
541 16
3 7 5 8 7 8 2 5
1.8748 2.006 3.073 4.9513 6.0462 8.9787 10.968 12.039
1.5057 2.1068 1.5776 1.9876 1.5153 1.0214 1.4811 1.9615
542 16
3 7 5 8 7 8 2 5
1.9831 1.8844 3.024 5.0523 6.008 8.9705 10.894 11.96
1.6094 2.0665 1.4996 1.984 1.44 1.0762 1.5723 2.0041
543 16
3 7 5 8 7 8 2 5
1.9876 2.0983 3.0125 5.0083 5.9487 8.9942 11.049 12.018
1.5304 2.0321 1.5307 1.9667 1.512 0.97605 1.4703 2.04
544 16
7 2 3 6 5 8 2 8
1.9946 4.0051 6.0379 7.5071 7.9943 9.0118 10.973 12.004
1.9738 1.9118 1.4367 1.4542 2.0987 1.0124 1.4894 1.5459
545 16
7 2 3 6 5 8 2 8
2.0471 3.9977 6.0435 7.587 7.9965 8.9903 11.02 11.983
1.9883 2.0316 1.5952 1.4507 1.9617 1.0144 1.4999 1.4774
546 16
7 2 3 6 5 8 2 8
2.0425 3.9637 5.9922 7.5271 7.9513 9.0305 10.999 12.054
2.0402 2.0065 1.4211 1.4994 2.0438 0.96774 1.4883 1.5541
