42
4705 16
4 6 4 8 7 1 6
3.3466 3.4913 10.436 11.676 12.283 12.785 13.39
1.8169 1.1144 2.0127 1.4842 2.3624 2.3711 1.0568
4706 16
5 1 8 1 3
0.17147 3.7673 5.3555 6.6129 9.1342
2.4524 1.7573 2.8872 2.5948 1.2323
4707 16
4 6 8 1
7.1304 8.9795 9.0053 10.55
2.3941 1.6035 2.3569 2.342
4708 16
3 2 6 1
2.1101 7.5381 8.1404 9.8821
1.5642 1.3678 2.9908 2.2454
4709 16
1 4 4 5
2.8936 5.8744 9.6889 10.342
1.323 1.7811 2.1106 1.5461
4710 16
1 4 3 7
2.02 4.0165 5.9339 5.9792
1.4664 2.4661 1.4906 1.4699
4711 16
1 4 3 7
2.0326 3.9341 6.0659 6.0817
1.4044 2.4766 1.5461 1.4822
4712 16
1 4 3 7
2.0174 4.0234 6.037 5.97
1.5071 2.4994 1.5431 1.5275
4713 16
1 4 3 7
2.0925 3.9595 6.0369 6.0162
1.5287 2.5061 1.4462 1.4289
4714 16
2 6 2 8
3.9842 7.4779 7.9788 9.0359
1.977 1.4826 1.4758 0.99287
4715 16
2 6 2 8
4.0433 7.424 8.082 9.0234
1.8869 1.5234 1.515 1.0018
4716 16
2 6 2 8
4.0895 7.4293 7.9487 9.0272
1.9697 1.4447 1.5483 1.0596
4717 16
2 6 2 8
3.9686 7.5494 8.0468 8.9824
2.0267 1.5892 1.4332 0.99641
4718 16
3 8 3 2 8 5
1.9965 4.9632 5.9589 8.0484 8.9679 11.904
1.4712 2.077 1.5096 1.521 0.97926 2.0489
4719 16
3 8 3 2 8 5
1.9832 5.0061 5.9771 7.9968 9.0666 12.022
1.5404 2.028 1.531 1.469 0.91254 1.9953
4720 16
3 8 3 2 8 5
1.994 4.9243 5.9929 7.9756 9.0028 12.009
1.4196 2.0099 1.5467 1.4282 0.98235 1.9924
4721 16
3 8 3 2 8 5
1.95 4.9676 5.8699 7.9399 8.986 12.03
1.5223 1.9636 1.5327 1.4534 1.0477 2.0101
4722 16
3 8 3 2 8 5
6.0138 8.9899 9.0195 10.972 12.086 12.003
1.4515 1.069 1.4545 1.4977 1.5237 2.0969
4723 16
3 8 3 2 8 5
6.0286 8.9819 8.9955 10.931 12.121 11.928
1.4228 0.94435 1.5125 1.4475 1.449 1.9109
4724 16
3 8 3 2 8 5
5.9941 9.0385 9.0801 10.975 12.023 11.956
1.5497 1.0556 1.4608 1.5243 1.4626 1.9111
4725 16
3 8 3 2 8 5
6.0021 9.0022 8.9416 10.981 11.982 12.072
1.4603 1.0282 1.5549 1.4814 1.4563 2.0095
4726 16
4 8 1 2 3 8
3.99 4.9896 6.0358 7.9926 9.0165 12.033
2.5242 2.0809 1.9931 1.4411 1.5092 1.4921
4727 16
4 8 1 2 3 8
3.8933 4.9848 6.0328 8.0218 8.9898 12.034
2.5423 2.0392 2.0325 1.5047 1.4567 1.4874
4728 16
4 8 1 2 3 8
3.9928 4.9578 5.9746 8.0365 9.0129 12.053
2.4198 2.0263 2.0013 1.4383 1.5225 1.4687
4729 16
4 8 1 2 3 8
4.023 4.9448 5.9662 8.0403 8.9391 12.062
2.4445 2.011 2.0008 1.4579 1.5364 1.5133
4730 16
5 4 3 8 3 5
2.9608 4.0312 6.0146 8.8394 8.9408 11.959
1.5241 2.5707 1.401 0.93799 1.4922 2.0461
4731 16
5 4 3 8 3 5
3.0476 3.9345 6.0186 8.9579 9.0298 11.978
1.5155 2.4732 1.572 1.0244 1.4841 2.044
4732 16
5 4 3 8 3 5
3.0094 3.9734 5.9784 8.9648 9.0294 11.937
1.436 2.4882 1.4823 0.96763 1.4953 1.9592
4733 16
5 4 3 8 3 5
2.9173 3.9936 6.017 9.1185 8.9974 12.039
1.5666 2.4969 1.4782 1.0087 1.482 2.003
4734 16
7 5 2 6 8 8
2.0372 3.0741 4.1039 7.4921 8.9917 12.046
1.9952 1.4412 2.0217 1.4729 1.0402 1.5508
4735 16
7 5 2 6 8 8
2.0015 3.0228 3.9453 7.4822 9.0326 12.054
1.9492 1.4598 2.0468 1.5039 1.0024 1.5657
4736 16
7 5 2 6 8 8
2.0145 3.0447 3.9422 7.4482 9.0074 11.921
1.9975 1.5139 1.942 1.522 1.0386 1.4879
4737 16
7 5 2 6 8 8
2.0245 3.014 4.0721 7.4627 9.0628 11.943
1.9218 1.5849 1.9975 1.4762 1.0685 1.428
4738 16
3 4 8 7 5 2
1.9919 4.0395 5.071 5.921 8.098 11.03
1.5564 2.3745 1.9897 1.4309 1.9496 1.4996
4739 16
3 4 8 7 5 2
1.9728 3.9659 5.0073 6.0809 8.0251 11.112
1.534 2.4283 1.9801 1.5404 2.0185 1.5171
4740 16
3 4 8 7 5 2
2.0282 4.0409 5.0535 5.9311 7.9746 10.965
1.5198 2.5557 1.9678 1.5794 2.0011 1.5924
4741 16
3 7 5 8 7 8 2 5
2.0179 2.0497 3.0063 4.9158 6.075 8.9951 10.972 12.014
1.5252 1.9543 1.4855 2.0487 1.4537 0.86939 1.4607 1.9624
4742 16
3 7 5 8 7 8 2 5
2.007 2.0175 3.0886 4.973 5.9488 9.0096 10.955 11.998
1.3489 2.0168 1.5095 2.0418 1.4878 0.94382 1.5003 1.9948
4743 16
3 7 5 8 7 8 2 5
2.013 2.0431 3.0559 4.9282 6.0192 8.9509 10.95 11.998
1.5497 2.0311 1.5143 2.0062 1.4872 0.87496 1.4963 1.9687
4744 16
7 2 3 6 5 8 2 8
1.9624 3.9551 6.0344 7.5345 7.9822 8.9592 11.028 12.076
1.9726 1.9579 1.5277 1.4843 2.0166 0.96938 1.4788 1.454
4745 16
7 2 3 6 5 8 2 8
1.9708 3.9769 5.9909 7.3906 8.0287 8.9762 10.897 11.97
2.0272 2.021 1.4777 1.4879 2.063 0.99168 1.5751 1.4875
4746 16
7 2 3 6 5 8 2 8
1.9112 3.9982 5.9805 7.5072 8.0127 8.9391 11.018 11.963
1.932 1.9763 1.4593 1.5472 1.9199 0.97729 1.5586 1.4654
