42
631 16
1 5 3 8 2
1.1866 4.0695 7.1188 7.9921 8.55
2.46 1.97 1.5853 2.5393 2.4481
632 16
6 8 5 2
4.5147 8.9843 9.4469 13.512
2.8286 1.8144 1.7104 1.6624
633 16
4 1 6 3 2
7.2623 9.0098 9.105 11.684 13.118
2.5324 2.5148 2.9949 2.8939 2.1265
634 16
5 2 3 1 3
1.4438 2.5362 6.2742 10.843 12.765
2.932 1.6807 2.6193 2.1407 2.3397
635 16
7 1 2 3 2 4
4.9143 5.8328 8.4888 9.7771 10.257 11.369
1.54 1.1991 1.1808 1.9012 1.1996 2.8353
636 16
1 4 3 7
1.9614 3.9799 6.0188 6.0471
1.4812 2.5528 1.4751 1.4201
637 16
1 4 3 7
2.0366 4.0128 6.0307 5.9786
1.5116 2.5577 1.5181 1.4941
638 16
1 4 3 7
1.9613 4.019 5.9839 6.0425
1.4467 2.4528 1.4892 1.4891
639 16
1 4 3 7
1.9629 4.0761 5.974 6.0024
1.4376 2.4657 1.5379 1.5338
640 16
2 6 2 8
3.8964 7.4842 7.9481 9.0316
2.0259 1.5439 1.5378 0.94349
641 16
2 6 2 8
3.9365 7.5461 8.1213 8.9981
2.1064 1.4343 1.5198 1.0107
642 16
2 6 2 8
4.0672 7.4431 7.9612 8.9978
2.0536 1.4684 1.5059 0.99293
643 16
2 6 2 8
4.0498 7.4446 7.9983 9.0352
1.9393 1.3343 1.5631 1.0159
644 16
3 8 3 2 8 5
1.9753 4.9518 5.9983 8.0612 8.977 12.044
1.4763 1.9986 1.4608 1.4919 1.006 1.8974
645 16
3 8 3 2 8 5
1.995 5.0148 5.9888 8.0211 8.9936 11.981
1.4538 2.0091 1.4566 1.5335 1.0406 1.9729
646 16
3 8 3 2 8 5
2.0421 4.9735 6.0092 7.9229 8.9881 11.988
1.4559 2.0318 1.4443 1.5314 0.94474 2.0135
647 16
3 8 3 2 8 5
2.0097 4.9383 6.0982 8.0096 8.9278 12.073
1.49 2.0182 1.4411 1.5128 0.94333 2.0421
648 16
3 8 3 2 8 5
5.9783 9.0461 8.9986 11.06 11.941 12.023
1.5479 1.0275 1.5196 1.5285 1.5143 2.0467
649 16
3 8 3 2 8 5
6.0893 8.9981 9.0101 10.975 11.964 12.061
1.5036 1.02 1.5681 1.5287 1.4852 2.0311
650 16
3 8 3 2 8 5
5.9932 9.0427 8.9316 10.947 11.986 12.017
1.4529 0.99494 1.5694 1.582 1.5055 1.9041
651 16
3 8 3 2 8 5
6.0151 9.0759 8.9737 10.968 11.944 12.062
1.4812 0.97799 1.4753 1.4946 1.5378 1.9873
652 16
4 8 1 2 3 8
4.047 4.9745 6.0248 8.0347 9.0695 11.996
2.6303 2.0131 2.0007 1.405 1.4714 1.493
653 16
4 8 1 2 3 8
3.8717 4.9297 6.019 7.9918 8.97 11.959
2.6247 2.0119 2.0229 1.5048 1.4814 1.4252
654 16
4 8 1 2 3 8
4.0098 4.9887 6.0196 7.984 9.037 12.016
2.3577 2.0184 2.0337 1.4761 1.4741 1.5432
655 16
4 8 1 2 3 8
3.9926 4.9637 6.0761 8.0004 9.0168 12.013
2.4521 1.9722 1.9849 1.4416 1.5725 1.5159
656 16
5 4 3 8 3 5
2.9842 4.045 5.9988 8.9514 9.0664 11.977
1.5568 2.484 1.4374 1.0268 1.575 1.9624
657 16
5 4 3 8 3 5
2.9926 4.0308 6.0479 8.918 8.9777 12.037
1.424 2.4502 1.4999 1.0187 1.4771 1.9947
658 16
5 4 3 8 3 5
3.0203 3.9432 6.0321 9.0032 8.9979 12.035
1.4574 2.4889 1.3519 0.98068 1.4525 1.952
659 16
5 4 3 8 3 5
2.9837 3.9849 5.9284 9.0726 9.0503 12.025
1.4596 2.4929 1.4937 1.0155 1.4237 2.0238
660 16
7 5 2 6 8 8
2.0746 2.9922 4.0397 7.4752 8.9906 11.987
1.9917 1.4849 2.0257 1.4917 0.98052 1.5028
661 16
7 5 2 6 8 8
2.0054 2.9955 3.9736 7.4806 8.8886 12.02
2.0316 1.4786 1.9575 1.5199 1.0898 1.5023
662 16
7 5 2 6 8 8
1.9753 3.0703 3.9969 7.5654 8.96 12.046
2.0014 1.5196 1.9602 1.4579 0.92766 1.5124
663 16
7 5 2 6 8 8
1.9727 2.9799 3.9783 7.5126 9.0432 11.927
1.9095 1.3922 2.0126 1.4503 1.0682 1.5373
664 16
3 4 8 7 5 2
1.9436 4.0169 5.0418 5.9001 8.0275 10.941
1.5032 2.4612 2.0628 1.525 1.981 1.5615
665 16
3 4 8 7 5 2
2.0244 3.9623 4.9875 5.9865 7.9045 10.943
1.4826 2.5513 1.9912 1.4689 1.9133 1.4608
666 16
3 4 8 7 5 2
2.0553 3.9181 4.9795 6.0582 8.0561 11.087
1.5087 2.51 2.0166 1.5093 1.9726 1.4667
667 16
3 7 5 8 7 8 2 5
1.9797 1.9578 3.0345 5.0176 6.039 8.9842 10.993 12.017
1.5426 1.9594 1.4569 1.969 1.5634 0.90767 1.5047 1.9603
668 16
3 7 5 8 7 8 2 5
1.9891 1.8907 2.9505 5.0262 5.881 9.0401 11.011 12.019
1.4954 1.9832 1.3364 1.8916 1.4711 0.91813 1.4588 1.9357
669 16
3 7 5 8 7 8 2 5
2.0427 2.0301 3.1235 4.9463 5.9649 8.9294 10.981 12.038
1.4748 1.9834 1.5708 2.0486 1.6253 0.98836 1.5669 1.9933
670 16
7 2 3 6 5 8 2 8
2.0336 4.0759 5.987 7.4663 8.0916 8.9586 11.026 12.022
1.9588 2.1063 1.482 1.5063 2.0567 1.0207 1.5334 1.424
671 16
7 2 3 6 5 8 2 8
1.9186 3.9886 6.0483 7.626 7.9062 9.0928 10.954 12.053
2.0349 2.0171 1.5081 1.5783 1.982 1.0691 1.4059 1.524
672 16
7 2 3 6 5 8 2 8
1.9906 3.993 6.0138 7.4422 8.0959 8.9869 10.93 11.973
1.9881 2.0574 1.4421 1.518 2.0031 0.99746 1.5153 1.5087
