42
1303 16
2 6 4 5 5 6
0.20825 2.0162 5.3933 9.8124 12.058 13.209
2.7703 2.2397 1.7813 2.0102 2.8795 1.4087
1304 16
4 1 8 5 4 2 6 1
0.12352 2.4111 3.2561 4.2817 6.1792 6.7074 9.2875 10.812
1.2535 2.2401 1.7709 2.7406 2.958 1.4077 1.2964 1.6586
1305 16
6 5 8 4 8
5.07 5.1774 6.1069 6.3711 10.681
2.8609 1.049 2.0058 2.5907 1.8899
1306 16
2 7 8 2 4 1 5 2
0.84757 1.9537 3.1488 3.7821 4.6161 6.7398 11.782 13.142
2.1249 2.6936 2.214 1.8708 1.3288 1.4746 1.1491 2.1355
1307 16
3 5 1 7 3 6 5
7.0743 7.1777 7.3806 10.621 12.923 12.973 13.566
2.9802 1.391 2.8055 2.6211 2.1996 1.3783 2.1268
1308 16
1 4 3 7
2.0613 3.9682 5.9676 6.0023
1.5105 2.4367 1.5386 1.4543
1309 16
1 4 3 7
1.9694 4.01 5.9686 6.0552
1.4124 2.5792 1.5327 1.5302
1310 16
1 4 3 7
1.9967 3.9431 6.012 5.9848
1.4287 2.5078 1.5211 1.445
1311 16
1 4 3 7
2.0677 3.9283 5.9933 6.0308
1.5721 2.4951 1.4543 1.4289
1312 16
2 6 2 8
4.0427 7.3944 8.0018 8.985
2.0156 1.5957 1.4086 0.943
1313 16
2 6 2 8
4.0287 7.4129 8.0236 9.0317
1.9376 1.5126 1.4632 0.89391
1314 16
2 6 2 8
4.0782 7.4647 8.0158 8.9505
2.0725 1.5136 1.5263 0.90304
1315 16
2 6 2 8
4.0095 7.487 7.9485 9.0026
1.8541 1.526 1.4315 1.0236
1316 16
3 8 3 2 8 5
2.0565 4.9394 6.0721 7.9644 8.973 11.947
1.5106 1.8767 1.5399 1.5288 1.0564 2.0683
1317 16
3 8 3 2 8 5
1.9756 4.9655 5.9922 8.0067 9.0245 12.01
1.4493 1.9907 1.5016 1.5461 0.92006 2.019
1318 16
3 8 3 2 8 5
2.0761 5.0358 6.0203 8.0411 9.0581 12.017
1.4572 2.0527 1.5039 1.4597 0.97758 1.9929
1319 16
3 8 3 2 8 5
1.9234 5.0197 6.0199 8.0495 8.9534 12.003
1.5253 1.8876 1.5156 1.445 0.96564 2.097
1320 16
3 8 3 2 8 5
5.9339 9.0282 8.9376 11.078 11.986 11.957
1.4976 1.0893 1.5237 1.4806 1.522 1.9837
1321 16
3 8 3 2 8 5
6.0273 8.9347 9.0281 11.022 11.974 11.972
1.4792 1.0548 1.5827 1.5217 1.4817 2.0617
1322 16
3 8 3 2 8 5
5.9194 9.0268 9.0043 11.024 11.948 12.097
1.5746 1.0637 1.4929 1.475 1.4442 1.9837
1323 16
3 8 3 2 8 5
5.9566 9.0614 9.0106 11.086 12.037 12.023
1.4515 0.9794 1.4604 1.512 1.4797 2.0417
1324 16
4 8 1 2 3 8
4.0186 5.0628 5.9603 8.0385 8.9548 11.894
2.3889 1.9735 2.0222 1.4392 1.5617 1.5364
1325 16
4 8 1 2 3 8
3.9836 5.0191 5.9434 7.9811 8.975 12.017
2.5542 2.0226 2.0035 1.5275 1.4782 1.5531
1326 16
4 8 1 2 3 8
3.991 4.9675 5.9867 8.0323 8.974 11.931
2.5234 2.0195 2.0304 1.5013 1.4679 1.5264
1327 16
4 8 1 2 3 8
4.0429 4.974 6.0716 7.9757 9.0401 11.925
2.4856 2.1179 2.0987 1.5686 1.5249 1.4484
1328 16
5 4 3 8 3 5
3.0444 3.9925 5.9546 9.0334 9.0044 12.066
1.4913 2.5022 1.5417 1.008 1.4967 1.9833
1329 16
5 4 3 8 3 5
2.9029 4.0589 6.0839 8.8469 8.9718 11.988
1.4423 2.4508 1.4519 0.92149 1.471 2.0806
1330 16
5 4 3 8 3 5
3.0625 3.9482 5.9571 8.9337 8.9673 12.068
1.4985 2.5449 1.5405 1.0374 1.4929 2.0362
1331 16
5 4 3 8 3 5
3.0201 4.033 5.9506 8.9583 8.9817 12.006
1.4712 2.466 1.5569 1.0348 1.5318 2.0555
1332 16
7 5 2 6 8 8
2.0031 2.9577 3.9677 7.4773 8.9662 11.953
2.0288 1.4548 2.0852 1.4758 1.0933 1.4824
1333 16
7 5 2 6 8 8
2.0113 2.9605 4.0074 7.4666 9.0026 12.071
2.0738 1.486 1.8864 1.4398 0.96709 1.5608
1334 16
7 5 2 6 8 8
1.9448 3.0007 4.0269 7.4512 8.9368 12.038
1.988 1.5722 2.0856 1.5307 0.95008 1.4924
1335 16
7 5 2 6 8 8
1.9683 3.0062 3.9571 7.448 9.0167 12.051
1.9662 1.554 1.9291 1.3842 0.95483 1.3781
1336 16
3 4 8 7 5 2
1.9612 4.0571 5.0231 5.949 8.0001 11.068
1.4334 2.5104 2.0292 1.5126 1.973 1.4781
1337 16
3 4 8 7 5 2
2.053 3.9736 4.9682 6.0835 7.9458 10.946
1.4903 2.4341 1.9322 1.462 1.8972 1.5287
1338 16
3 4 8 7 5 2
1.9988 3.9946 5.0522 5.9559 8.0313 10.993
1.4593 2.539 1.8948 1.4555 2.0838 1.5147
1339 16
3 7 5 8 7 8 2 5
1.9206 1.9916 3.0126 4.9285 6.0419 8.9817 11.029 12.039
1.4053 1.9962 1.5358 1.9844 1.5321 1.0191 1.4777 1.9561
1340 16
3 7 5 8 7 8 2 5
2.0827 1.9828 2.9815 4.9402 6.0092 9.0235 10.859 11.963
1.6029 2.1054 1.5564 1.947 1.5918 0.99748 1.5358 2.0022
1341 16
3 7 5 8 7 8 2 5
2.1096 2.0756 3.0324 4.9552 5.9918 8.9686 11.039 12.034
1.4596 1.9783 1.5626 1.9406 1.5847 1.0167 1.4577 2.0351
1342 16
7 2 3 6 5 8 2 8
2.0682 3.9936 5.9994 7.5466 8.0329 9.0133 10.954 11.953
2.0144 2.0362 1.5797 1.407 1.9637 1.0008 1.5641 1.5439
1343 16
7 2 3 6 5 8 2 8
1.9797 3.9016 5.8969 7.6339 8.0124 8.9773 10.994 12.027
1.9365 1.9884 1.4524 1.5787 2.014 0.94796 1.4796 1.5407
1344 16
7 2 3 6 5 8 2 8
1.9354 3.8857 5.9818 7.5077 8.018 9.0038 10.956 11.914
2.1252 1.9515 1.5268 1.5054 2.0215 0.96507 1.4362 1.5058
