42
5965 16
3 8 5 4 6 8 4 3
0.48682 7.0421 7.8783 8.0764 10.246 11.52 12.584 12.962
1.0054 2.9646 2.5883 2.8248 2.7211 1.6239 2.4762 1.9538
5966 16
2 6 2 6 2 6 8 5
3.3392 7.7535 9.07 9.1197 10.448 11.993 12.364 12.782
2.1385 1.1339 1.2426 2.5589 1.2101 1.3102 2.8857 2.2453
5967 16
3 8 3 6 8 7 1 4
0.5535 2.1889 3.8434 4.9419 7.7055 8.0412 8.7716 10.534
1.8959 1.8858 2.7402 2.1859 1.8261 2.649 1.8643 1.9845
5968 16
8 1 5 6 7
4.1531 9.7436 12.01 12.153 12.782
2.5657 1.8699 1.7794 1.2098 2.4189
5969 16
7 3 1 7 3 6
3.5203 4.8519 5.906 11.064 11.391 12.802
2.8093 1.4089 2.4145 2.2286 2.5496 1.6435
5970 16
1 4 3 7
1.9773 4.0202 5.955 5.9632
1.4309 2.4861 1.4962 1.4558
5971 16
1 4 3 7
1.9645 3.9613 5.9708 5.9953
1.4178 2.4504 1.4835 1.4679
5972 16
1 4 3 7
1.9678 3.9838 5.9997 6.0959
1.4732 2.5159 1.535 1.5322
5973 16
1 4 3 7
1.9078 4.0033 6.0282 5.9836
1.4819 2.493 1.4377 1.5192
5974 16
2 6 2 8
4.0094 7.4308 8.0519 8.9651
1.9542 1.4541 1.4666 0.97445
5975 16
2 6 2 8
4.0173 7.4458 7.9654 9.0695
1.9497 1.4775 1.4689 0.98219
5976 16
2 6 2 8
4.0172 7.5073 7.959 9.052
1.9904 1.435 1.5057 0.99814
5977 16
2 6 2 8
4.0212 7.5039 8.0255 8.9729
1.9717 1.5477 1.5259 0.9089
5978 16
3 8 3 2 8 5
1.9272 5.0204 6.067 7.9585 8.9893 11.899
1.5618 1.9545 1.4959 1.4654 0.96498 2.0126
5979 16
3 8 3 2 8 5
2.0817 4.967 6.0203 8.1057 8.9657 11.96
1.5225 1.9612 1.423 1.3965 1.0612 1.9401
5980 16
3 8 3 2 8 5
1.9676 4.9873 5.9654 8.0664 9.0043 12.087
1.4269 2.0252 1.554 1.4403 0.99935 2.0662
5981 16
3 8 3 2 8 5
2.0458 4.9519 5.9417 7.983 8.9834 11.958
1.4839 1.943 1.4627 1.44 1.0015 2.0579
5982 16
3 8 3 2 8 5
5.9677 8.8515 8.97 11.092 11.985 11.978
1.5479 1.0851 1.5905 1.5147 1.4472 2.0371
5983 16
3 8 3 2 8 5
6.0244 8.9996 9.0026 11.002 11.979 12.071
1.5481 1.0371 1.494 1.5377 1.4356 2.0306
5984 16
3 8 3 2 8 5
5.9096 9.0905 9.0165 10.996 12.074 11.992
1.4543 1.0584 1.4461 1.5529 1.4885 2.023
5985 16
3 8 3 2 8 5
5.9988 9.0476 9.0259 11.035 12.013 11.978
1.4081 0.95409 1.4831 1.4868 1.5284 2.0852
5986 16
4 8 1 2 3 8
4.0466 4.9463 5.9776 8.0639 8.9603 12.082
2.5051 1.9875 2.0186 1.5241 1.5296 1.4856
5987 16
4 8 1 2 3 8
3.9521 5.0781 5.9255 8.0385 9.0532 12.03
2.5674 2.0182 2.0427 1.5615 1.4413 1.4418
5988 16
4 8 1 2 3 8
3.9701 4.9974 5.9728 7.9426 9.0608 12.018
2.4838 2.0265 2.0019 1.4851 1.4674 1.4714
5989 16
4 8 1 2 3 8
3.9857 5.0159 6.0449 7.9941 9.0157 12.049
2.3972 1.9974 2.0091 1.4538 1.4492 1.4124
5990 16
5 4 3 8 3 5
2.945 3.9363 5.9704 9.0198 8.9813 11.994
1.5676 2.4908 1.578 0.93595 1.4518 1.9943
5991 16
5 4 3 8 3 5
3.0455 3.9934 6.0234 9.0473 9.0165 12.041
1.4976 2.5434 1.4805 0.94752 1.5167 1.9956
5992 16
5 4 3 8 3 5
3.0064 3.9839 6.0121 8.9614 8.9797 12.027
1.5041 2.502 1.4835 0.99955 1.464 2.1214
5993 16
5 4 3 8 3 5
3.0637 3.8865 5.9397 9.0564 8.9753 11.979
1.4353 2.4136 1.4462 1.0035 1.5491 1.928
5994 16
7 5 2 6 8 8
1.9802 3.042 4.0711 7.5266 9.0391 12.022
1.9532 1.4544 2.008 1.4982 1.0128 1.5127
5995 16
7 5 2 6 8 8
1.9694 3.0356 3.9605 7.4036 9.0102 12.007
1.9793 1.5529 1.9991 1.4742 1.0274 1.5389
5996 16
7 5 2 6 8 8
2.0154 2.9504 3.9979 7.5394 8.996 11.974
2.0639 1.5155 1.9694 1.5504 0.97421 1.4777
5997 16
7 5 2 6 8 8
2.0118 2.9427 3.9933 7.4937 8.9426 11.946
1.9871 1.4629 2.0807 1.4866 0.93485 1.5089
5998 16
3 4 8 7 5 2
1.9659 4.0259 5.0108 5.9417 8.0717 11.036
1.4953 2.499 2.0027 1.4766 2.0654 1.4809
5999 16
3 4 8 7 5 2
2.0434 3.9242 4.9653 5.9289 7.9985 11.039
1.4811 2.5139 2.026 1.476 2.0477 1.5412
6000 16
3 4 8 7 5 2
2.0979 3.9598 5.0235 6.0075 7.9848 11.032
1.5089 2.4873 2.0335 1.4888 1.9702 1.4709
6001 16
3 7 5 8 7 8 2 5
2.0996 1.9895 2.9895 4.9618 6.0186 9.0475 10.994 12.011
1.5907 1.9248 1.5046 1.9355 1.471 0.86117 1.6195 1.998
6002 16
3 7 5 8 7 8 2 5
2.0178 1.9434 2.9828 5.0314 6.0105 8.9688 11.023 12.023
1.464 1.937 1.4802 2.0459 1.5357 0.92734 1.4815 2.0182
6003 16
3 7 5 8 7 8 2 5
2.0523 1.967 3.0145 4.9976 6.0337 9.0683 10.933 11.994
1.5237 1.9109 1.581 2.0022 1.5275 1.0129 1.5203 1.9434
6004 16
7 2 3 6 5 8 2 8
2.0732 4.0594 5.978 7.4572 8.1062 8.9144 10.907 11.96
1.9326 2.0157 1.4991 1.5141 2.0301 1.0106 1.4812 1.4283
6005 16
7 2 3 6 5 8 2 8
2.0168 4.0064 6.0564 7.4265 7.9473 8.9321 10.982 11.982
2.0587 2.0105 1.4819 1.5286 2.0507 1.061 1.5214 1.5206
6006 16
7 2 3 6 5 8 2 8
2.0181 3.9862 6.0245 7.5058 8.0421 9.0021 11.078 12.014
1.9242 2.0216 1.5516 1.5711 1.953 1.0903 1.435 1.5603
