41
7459 16
3 1 4 6 3 4
0.24055 1.744 3.1543 11.637 12.488 13.256
1.6155 1.2821 1.8188 1.598 1.0267 2.4916
7460 16
1 6 8 4 1 2
0.71409 3.3625 3.9712 5.4097 7.9957 8.6313
2.1436 1.2376 2.77 2.2509 2.7349 1.0056
7461 16
8 1 8 3 3 1
1.6404 2.5224 3.0943 3.8414 8.1121 9.2125
1.4138 2.0053 1.809 2.8418 2.8468 1.3603
7462 16
5 4 7 6 2
0.26966 0.37299 2.3269 5.8783 6.2268
2.7034 2.4982 1.1311 1.6689 2.6228
7463 16
5 8 8 6 6 5 7 8
3.467 4.2149 6.8571 7.9064 11.54 11.941 12.155 12.433
1.7984 1.3672 1.814 1.2161 2.1013 2.0785 1.1876 2.334
7464 16
1 4 3 7
1.991 3.9754 6.0839 6.011
1.4845 2.5638 1.4744 1.4779
7465 16
1 4 3 7
1.9229 4.1139 5.9896 6.0351
1.5463 2.5048 1.5098 1.437
7466 16
1 4 3 7
2.1395 3.9986 6.0467 5.9727
1.5287 2.4569 1.5208 1.4396
7467 16
1 4 3 7
1.9523 4.0028 6.0499 5.9657
1.5055 2.4282 1.4696 1.4545
7468 16
2 6 2 8
4.0429 7.4757 8.0335 8.979
1.9618 1.4988 1.4994 0.99127
7469 16
2 6 2 8
3.9246 7.456 7.9841 9.008
1.9478 1.5542 1.4192 0.96016
7470 16
2 6 2 8
3.9497 7.4383 7.9615 9.008
2.0922 1.4615 1.6217 0.99628
7471 16
2 6 2 8
3.9912 7.4546 7.9545 8.8958
2.0186 1.6342 1.4891 1.0003
7472 16
3 8 3 2 8 5
2.093 5.0366 5.905 7.9553 9.1016 11.888
1.545 2.0104 1.5338 1.5197 1.0309 2.0138
7473 16
3 8 3 2 8 5
1.9272 5.0171 6.0052 8.0585 9.0954 12.029
1.4489 2.03 1.4065 1.4647 0.94052 1.9873
7474 16
3 8 3 2 8 5
1.9133 5.0098 5.9985 7.9393 9.0112 11.941
1.4357 1.9915 1.4256 1.5168 1.0573 1.9841
7475 16
3 8 3 2 8 5
1.951 4.9436 5.9856 8.0617 8.9936 11.926
1.4997 1.9774 1.4656 1.5108 1.0235 1.9994
7476 16
3 8 3 2 8 5
6.0062 9.0406 8.8957 11 12.046 11.91
1.5529 1.0719 1.5048 1.4636 1.4959 1.9213
7477 16
3 8 3 2 8 5
5.9849 8.9504 9.0691 10.987 11.949 11.975
1.4929 1.0016 1.4408 1.5062 1.4918 1.9547
7478 16
3 8 3 2 8 5
6.0024 8.9533 8.9427 10.99 12.042 11.939
1.5284 0.95218 1.466 1.486 1.5412 2.0593
7479 16
3 8 3 2 8 5
6.0856 9.059 8.9272 11.05 12.06 12.037
1.5166 1.0038 1.507 1.5292 1.482 1.9944
7480 16
4 8 1 2 3 8
3.9072 4.9454 6.0199 7.9642 9.04 11.96
2.4981 2.0908 2.0149 1.582 1.5245 1.482
7481 16
4 8 1 2 3 8
4.0266 4.9866 6.0729 7.9502 9.0021 12.08
2.5265 2.0814 1.9829 1.4922 1.5588 1.4483
7482 16
4 8 1 2 3 8
4.0524 4.9622 6.1021 8.0644 8.9953 11.986
2.4987 1.9241 2.0261 1.393 1.5953 1.4014
7483 16
4 8 1 2 3 8
4.0007 5.0525 6.0583 7.89 8.9675 12.082
2.5297 2.0258 1.9788 1.4773 1.4604 1.4471
7484 16
5 4 3 8 3 5
2.9819 4.0052 5.9585 8.9652 9.0716 12.061
1.467 2.453 1.5054 1.0435 1.5433 2.0286
7485 16
5 4 3 8 3 5
2.9762 4.0569 6.0202 9.039 8.9824 12.001
1.5493 2.4643 1.5091 0.98414 1.4798 1.962
7486 16
5 4 3 8 3 5
3.0002 3.9919 5.9871 8.9602 9.0327 11.997
1.3866 2.4946 1.4931 0.99482 1.5241 2.0371
7487 16
5 4 3 8 3 5
3.0328 3.9574 6.0329 9.0863 8.9295 12.013
1.5358 2.4895 1.4833 0.96779 1.5164 2.0245
7488 16
7 5 2 6 8 8
2.0096 3.0284 4.0625 7.4823 8.9904 12.011
2.0594 1.5482 2.0406 1.4727 1.0646 1.528
7489 16
7 5 2 6 8 8
1.9996 2.9833 4.0443 7.4644 9.0177 11.864
1.8895 1.5114 1.9461 1.5433 1.0229 1.4705
7490 16
7 5 2 6 8 8
2.0446 2.9081 3.9464 7.4896 8.9878 11.951
1.8963 1.5217 1.8741 1.3934 1.0325 1.5268
7491 16
3 4 8 7 5 2
2.0132 4.0573 4.9492 5.9443 8.0972 11.002
1.4924 2.5721 1.9672 1.5084 2.0202 1.4715
7492 16
3 4 8 7 5 2
2.0549 3.9318 5.1222 5.9747 7.9687 11.024
1.4932 2.469 1.9819 1.5276 1.9424 1.4758
7493 16
3 4 8 7 5 2
1.9204 3.9443 5.0453 6.0282 8.0342 10.911
1.4176 2.4962 2.0611 1.4781 1.9993 1.4318
7494 16
3 7 5 8 7 8 2 5
1.9654 2.0629 3.0705 4.9907 6.0265 8.911 10.912 11.958
1.5175 2.0136 1.58 1.9688 1.4953 1.0076 1.5568 2.0088
7495 16
3 7 5 8 7 8 2 5
2.062 2.0485 3.0315 4.9659 5.9066 8.9805 11.091 11.903
1.4924 2.0383 1.4867 2.0803 1.5406 0.93119 1.5229 2.0088
7496 16
3 7 5 8 7 8 2 5
2.0808 1.9326 2.9566 5.0571 5.8929 8.9954 10.901 12.067
1.3929 2.0111 1.5159 1.9539 1.42 0.96494 1.3572 1.98
7497 16
7 2 3 6 5 8 2 8
2.0628 4.0583 6.0985 7.5223 7.9235 8.9264 11.015 11.916
2.0879 2.0049 1.521 1.4817 1.9817 1.0229 1.5517 1.5935
7498 16
7 2 3 6 5 8 2 8
2.1221 4.0069 6.1337 7.5576 8.048 9.0241 10.934 12.028
2.0508 2.0838 1.5028 1.5072 1.9058 1.0257 1.4449 1.5177
7499 16
7 2 3 6 5 8 2 8
2.0795 4.0873 6.0139 7.4822 7.9961 9.0026 10.934 11.974
2.0804 1.937 1.5584 1.5363 1.982 0.98411 1.5742 1.5362
