41
7746 16
4 8 7 5 8 3
3.6264 7.5237 9.3244 10.033 10.306 10.373
2.0333 2.766 1.2485 2.9119 1.7963 1.6289
7747 16
2 4 3 5 1 7
1.1279 2.5079 8.6636 8.774 8.9188 9.4085
2.1194 1.7668 2.2672 2.1935 1.2065 2.9907
7748 16
3 6 3 6 8 5 3
0.41429 0.53774 5.2802 5.4632 6.7271 7.8007 8.6538
2.0254 1.7793 1.9831 1.0123 1.817 2.6148 1.4828
7749 16
2 8 7 6 2 6 7 6
0.26935 0.65801 3.4108 4.1706 7.6226 8.3192 9.8673 13.873
2.3894 1.4213 2.9251 1.6977 2.6269 1.5941 2.3289 1.3832
7750 16
4 2 2 8 1
2.399 6.6445 10.6 11.92 12.472
2.2874 2.8395 1.6798 2.1982 2.2634
7751 16
1 4 3 7
2.0185 4.0221 6.0405 6.0408
1.5111 2.5856 1.606 1.5476
7752 16
1 4 3 7
2.043 4.0366 5.9929 5.9739
1.5193 2.4299 1.3979 1.4858
7753 16
1 4 3 7
2.0199 3.9104 6.0579 6.0466
1.6373 2.4581 1.5473 1.4494
7754 16
1 4 3 7
2.0717 3.9781 5.9665 6.0525
1.5727 2.5162 1.5083 1.5231
7755 16
2 6 2 8
4.011 7.417 7.9849 9.0706
1.9588 1.515 1.4704 1.0234
7756 16
2 6 2 8
3.9852 7.5639 8.0499 8.8824
1.874 1.4917 1.4651 1.0264
7757 16
2 6 2 8
3.9315 7.3971 7.9294 9.0345
2.0477 1.4905 1.4736 1.0395
7758 16
2 6 2 8
3.985 7.4437 8.029 9.0172
2.0634 1.5382 1.4699 1.0807
7759 16
3 8 3 2 8 5
2.0529 5.0132 5.9885 8.0265 9.0238 11.981
1.5761 1.9664 1.5612 1.4605 1.0656 2.0495
7760 16
3 8 3 2 8 5
2.0732 5.0035 5.8995 8.017 8.8956 11.966
1.5775 2.0162 1.5428 1.4404 1.0122 2.0713
7761 16
3 8 3 2 8 5
1.9721 4.9586 6.0426 8.0612 9.0344 11.925
1.5644 2.0867 1.5563 1.5323 1.0305 1.9614
7762 16
3 8 3 2 8 5
2.0319 5.0525 5.9981 7.9143 9.0882 12.023
1.4776 1.9879 1.4644 1.4594 0.961 1.9693
7763 16
3 8 3 2 8 5
6.106 8.91 9.0721 11.018 11.95 11.95
1.514 0.97402 1.4475 1.6199 1.5149 2.0166
7764 16
3 8 3 2 8 5
6.0413 9.0331 8.9924 11 12.025 12.012
1.4963 0.99973 1.4464 1.5073 1.5492 1.9332
7765 16
3 8 3 2 8 5
5.9851 9.0159 8.9353 10.977 12.029 12.04
1.5027 0.96844 1.5402 1.5146 1.5303 1.99
7766 16
3 8 3 2 8 5
5.9601 8.9871 8.9898 11 12.025 11.964
1.4475 0.99495 1.466 1.4908 1.4938 1.9852
7767 16
4 8 1 2 3 8
3.9101 5.0299 5.9748 7.9072 8.9257 12.02
2.4758 1.9686 2.0189 1.4825 1.524 1.4407
7768 16
4 8 1 2 3 8
4.041 4.9839 6.018 7.9818 8.9204 12.002
2.5215 1.9193 2.0746 1.5175 1.3725 1.4916
7769 16
4 8 1 2 3 8
4.0174 4.9806 6.0214 8.0834 8.9034 12.02
2.5172 2.0204 2.0026 1.5275 1.5162 1.5246
7770 16
4 8 1 2 3 8
3.8446 4.9878 5.9855 7.9679 9.1018 12.021
2.5615 1.9611 1.9758 1.4518 1.4953 1.45
7771 16
5 4 3 8 3 5
2.9626 3.9923 5.9482 8.916 8.9626 12.117
1.5185 2.5347 1.4825 0.93985 1.5395 1.9511
7772 16
5 4 3 8 3 5
3.0534 4.0688 6.0324 9.0346 9.0386 12.006
1.4585 2.5052 1.5212 1.0054 1.4784 2.0115
7773 16
5 4 3 8 3 5
2.9881 3.98 6.1168 8.9885 8.9257 11.906
1.4551 2.4635 1.403 1.0276 1.6008 2.0854
7774 16
5 4 3 8 3 5
3.0417 4.0391 6.017 8.958 8.8576 12.039
1.5079 2.4854 1.5569 1.0807 1.3934 1.9518
7775 16
7 5 2 6 8 8
2.0336 3.0739 3.9704 7.4916 9.032 11.936
1.9781 1.4509 1.9371 1.559 0.98748 1.5154
7776 16
7 5 2 6 8 8
2.0407 3.0222 4.0599 7.4895 9.0362 12.043
1.9803 1.5474 1.9892 1.5531 1.0707 1.5737
7777 16
7 5 2 6 8 8
2.03 3.0115 4.0345 7.5308 9.0042 12.042
2.0775 1.4431 1.9849 1.4728 1.0153 1.4292
7778 16
3 4 8 7 5 2
1.9002 4.0268 5.0667 6.0361 8.0169 10.944
1.447 2.4844 2.0523 1.4553 1.9223 1.5078
7779 16
3 4 8 7 5 2
1.9958 3.9877 4.9925 5.9916 8.0756 11.089
1.4843 2.5248 2.0648 1.4331 1.9672 1.4065
7780 16
3 4 8 7 5 2
1.9866 4.0354 4.9655 6.025 8.0981 10.948
1.4978 2.5059 1.9235 1.5547 1.9172 1.4362
7781 16
3 7 5 8 7 8 2 5
2.0186 2.0107 2.9151 4.9015 6.0283 9.006 11.068 12.046
1.5496 2.0312 1.4969 1.9312 1.4056 0.99954 1.4887 2.0442
7782 16
3 7 5 8 7 8 2 5
1.9677 1.9823 2.9774 5.064 6.0068 9.0063 11.012 12.069
1.556 1.9602 1.5077 1.9088 1.4205 1.0309 1.5536 2.0983
7783 16
3 7 5 8 7 8 2 5
1.967 2.0294 3.0261 4.9436 5.9791 8.9668 10.97 11.93
1.5565 2.0382 1.4869 2.0447 1.478 0.99555 1.5075 1.9783
7784 16
7 2 3 6 5 8 2 8
1.9885 4.0179 5.8719 7.4756 8.0067 9.0235 10.964 11.958
1.9614 2.0106 1.5385 1.3836 1.9591 1.0511 1.5063 1.599
7785 16
7 2 3 6 5 8 2 8
2.0158 3.9438 5.9842 7.5445 7.9939 8.9167 10.982 12.102
2.0048 1.9885 1.4487 1.5029 1.9002 0.99757 1.563 1.479
7786 16
7 2 3 6 5 8 2 8
1.93 4.048 5.9102 7.4916 7.9116 9.0446 10.987 11.882
2.0512 2.0528 1.5194 1.5147 2.0752 0.96938 1.4893 1.4052
