41
9755 16
6 2 8 3
0.44728 2.2322 6.7932 13.123
2.6577 1.308 1.7266 2.6534
9756 16
2 8 4 5
7.2788 8.7482 9.5958 10.075
1.354 1.0805 1.5537 2.1454
9757 16
1 4 5 2 4 4 5 4
2.1489 3.787 4.0686 6.0755 7.6005 9.7673 10.246 14.206
2.6854 2.8168 1.5263 2.8867 1.9096 1.2194 1.6034 1.5509
9758 16
7 3 7 5
0.53232 1.7337 3.2911 5.7261
1.2255 2.685 1.0653 1.3985
9759 16
6 8 2 2 4 1 3 8
0.7933 1.121 1.3283 4.3031 5.2458 8.2373 8.3257 10.288
1.601 1.8903 2.2867 2.7203 2 2.5762 2.7132 2.8232
9760 16
1 4 3 7
1.9677 4.1407 5.9047 6.0243
1.4911 2.506 1.5931 1.5139
9761 16
1 4 3 7
2.0496 4.0239 6.0812 6.03
1.4514 2.4561 1.4558 1.46
9762 16
1 4 3 7
2.0054 3.9592 5.9569 6.0005
1.5413 2.5839 1.5312 1.4598
9763 16
1 4 3 7
1.9287 3.9629 5.9836 5.9068
1.5224 2.4621 1.5116 1.4654
9764 16
2 6 2 8
3.94 7.4479 8.0477 9.027
2.1112 1.4872 1.5096 1.0429
9765 16
2 6 2 8
4.0391 7.545 8.0797 9.0394
1.9884 1.4728 1.4939 1.0414
9766 16
2 6 2 8
4.0469 7.5288 8.0124 9.0933
1.9139 1.5229 1.5316 1.0405
9767 16
2 6 2 8
4.0205 7.4116 7.9719 8.9042
2.0404 1.4727 1.4497 1.0438
9768 16
3 8 3 2 8 5
2.1185 5.0658 5.9787 7.9682 9.0185 12.01
1.455 2.0567 1.4628 1.5295 0.94329 1.9213
9769 16
3 8 3 2 8 5
1.956 5.0579 6.0138 8.0411 8.9519 12.037
1.4335 2.0295 1.5624 1.5204 1.0368 1.9703
9770 16
3 8 3 2 8 5
2.0454 5.0426 6.0137 8.0234 9.0293 12.1
1.4318 2.0517 1.5508 1.5503 0.99807 2.0212
9771 16
3 8 3 2 8 5
1.9875 4.9778 6.0115 7.9385 9.0076 11.96
1.4641 2.0531 1.3949 1.5232 0.90214 2.033
9772 16
3 8 3 2 8 5
5.9131 8.9768 8.987 11.071 11.966 12.071
1.4918 0.9915 1.5454 1.5035 1.5206 1.9258
9773 16
3 8 3 2 8 5
6.0023 9.0155 9.0327 10.939 11.979 11.996
1.5353 1.0214 1.4975 1.5637 1.4442 2.048
9774 16
3 8 3 2 8 5
5.9825 8.9149 9.0358 11.103 11.916 12.023
1.5496 0.97338 1.4703 1.4501 1.5697 2.0002
9775 16
3 8 3 2 8 5
5.9128 8.9873 8.9596 10.994 12.033 11.996
1.4842 1.0492 1.5318 1.5225 1.4511 1.9932
9776 16
4 8 1 2 3 8
3.9276 4.9036 6.0104 8.0433 9.0134 12.009
2.5287 1.9586 2.0477 1.5069 1.5841 1.5213
9777 16
4 8 1 2 3 8
4.0092 5.0993 6.0351 8.034 9.0457 11.948
2.4505 1.9391 2.0124 1.4894 1.561 1.4939
9778 16
4 8 1 2 3 8
3.963 5.0467 6.0675 8.0357 9.0181 12.009
2.5177 2.0723 1.9737 1.5749 1.5278 1.5684
9779 16
4 8 1 2 3 8
4.0639 4.9605 5.9997 7.9937 9.0276 12.041
2.509 2.052 1.9753 1.5472 1.4631 1.5612
9780 16
5 4 3 8 3 5
3.0033 4.1172 5.9189 8.9145 8.9796 12.008
1.4583 2.512 1.4828 0.99659 1.5191 1.9509
9781 16
5 4 3 8 3 5
2.8826 4.017 5.9998 9.048 9.0564 11.943
1.5161 2.4678 1.4657 0.98329 1.5263 1.9808
9782 16
5 4 3 8 3 5
2.9825 4.0085 6.0263 8.9384 9.0253 12.012
1.5202 2.4618 1.5156 0.97701 1.521 1.9413
9783 16
5 4 3 8 3 5
3.001 4.0087 6.0001 9.0476 8.9898 12.108
1.501 2.5692 1.5539 1.0305 1.557 2.0446
9784 16
7 5 2 6 8 8
1.9294 3.0656 3.9494 7.565 8.9928 11.893
1.9655 1.5914 1.9557 1.4512 1.0307 1.488
9785 16
7 5 2 6 8 8
1.9319 3.066 4.0583 7.4144 9.0669 11.996
2.0265 1.5806 2.0548 1.4119 1.0372 1.5287
9786 16
7 5 2 6 8 8
1.9746 3.0387 4.042 7.4371 9.0825 11.985
2.0183 1.5212 2.0444 1.494 0.99882 1.4826
9787 16
3 4 8 7 5 2
1.9656 3.8748 4.9187 5.959 7.9816 11.044
1.4779 2.4604 2.019 1.4965 2.0714 1.515
9788 16
3 4 8 7 5 2
2.0272 3.9652 4.914 5.9402 7.9868 11.039
1.5027 2.4564 1.9414 1.5197 1.9886 1.5278
9789 16
3 4 8 7 5 2
2.0027 4.0302 5.097 5.9979 8.0468 11.02
1.517 2.4621 2.0436 1.5615 2.0168 1.5069
9790 16
3 7 5 8 7 8 2 5
2.0266 2.0217 2.9442 5.0437 5.9865 9.034 11.047 11.978
1.469 1.9351 1.5143 2.0637 1.451 1.0055 1.5282 1.9823
9791 16
3 7 5 8 7 8 2 5
2.1155 1.9511 2.9604 4.9965 6.0485 8.9827 11.068 12.009
1.4715 2.0602 1.4719 1.9149 1.4837 0.9803 1.5379 1.9348
9792 16
3 7 5 8 7 8 2 5
1.956 2.097 2.97 4.9898 5.973 9.0394 11.044 11.946
1.5652 1.9857 1.5126 2.0225 1.5059 0.99971 1.5437 1.9301
9793 16
7 2 3 6 5 8 2 8
1.9784 3.9757 6.043 7.5245 7.9878 8.9478 11.03 11.935
1.8863 1.9994 1.5169 1.5355 1.9771 0.99106 1.4602 1.5564
9794 16
7 2 3 6 5 8 2 8
1.9284 3.9884 5.8825 7.3873 8.0268 8.9923 11.013 12.036
1.9914 2.0501 1.4956 1.4644 1.9039 0.93 1.5099 1.6153
9795 16
7 2 3 6 5 8 2 8
2.0616 3.9264 6.0301 7.5477 7.9326 8.9562 11.004 12.02
1.9861 1.9693 1.4894 1.4791 1.9892 0.99246 1.4382 1.4378
