42
547 16
6 4 2 3 7 3
0.88098 4.2892 4.8646 9.3945 12.865 13.622
2.7614 1.4763 2.2055 1.6707 2.5817 1.9658
548 16
6 2 5 7
8.3744 10.019 12.544 13.121
2.6572 2.2545 2.3059 1.1404
549 16
8 7 5 4 1 2 1 5
0.77549 2.3774 3.5388 5.1377 5.5147 7.553 8.4378 11.902
2.8023 1.1851 2.5717 1.5411 2.288 1.8273 1.6292 1.9815
550 16
5 1 7 5
4.5463 8.5187 9.3772 13.469
2.5823 2.3927 1.9755 1.0448
551 16
8 5 4 1
0.62626 3.1135 5.1301 8.405
1.1148 2.7292 1.8247 2.8857
552 16
1 4 3 7
1.9493 3.9924 6.0438 6.0742
1.4283 2.5304 1.4252 1.4814
553 16
1 4 3 7
2.0507 4.101 5.9904 5.9488
1.458 2.6192 1.4607 1.4551
554 16
1 4 3 7
2.0261 4.0236 5.972 5.9617
1.4447 2.496 1.4464 1.482
555 16
1 4 3 7
1.9711 4.0288 5.9622 5.9645
1.4677 2.5166 1.4668 1.4669
556 16
2 6 2 8
3.9832 7.4929 8.04 9.0635
1.98 1.4955 1.506 1.0063
557 16
2 6 2 8
4.0203 7.5171 7.9754 8.9157
1.9366 1.5268 1.5315 1.0186
558 16
2 6 2 8
4.029 7.5335 8.065 8.9977
2.0372 1.5216 1.468 1.0173
559 16
2 6 2 8
4.1371 7.4586 7.9291 9.0416
2.0691 1.4677 1.5769 0.97114
560 16
3 8 3 2 8 5
1.9003 4.9353 6.0761 8.0188 8.9902 12.036
1.5181 1.9441 1.4821 1.5843 0.88527 1.8968
561 16
3 8 3 2 8 5
1.9391 4.9846 6.1015 8.0273 9.0775 11.894
1.4045 1.9352 1.5111 1.4523 0.94029 2.0144
562 16
3 8 3 2 8 5
2.062 4.999 5.938 7.9539 8.9792 11.99
1.5581 1.9618 1.4965 1.4892 0.99419 1.9659
563 16
3 8 3 2 8 5
1.9862 4.9923 6.0802 7.983 9.0731 11.893
1.509 1.9605 1.5934 1.4219 0.97652 2.0303
564 16
3 8 3 2 8 5
6.0595 9.0018 8.979 10.925 12.072 11.954
1.4998 0.93969 1.5643 1.5476 1.514 1.948
565 16
3 8 3 2 8 5
5.9544 9.0124 8.9557 10.977 12.078 11.995
1.501 0.98011 1.5076 1.5542 1.4279 1.9788
566 16
3 8 3 2 8 5
5.9924 8.9971 9.0201 11.014 12.032 11.97
1.5096 1.0478 1.4871 1.4799 1.4752 2.0138
567 16
3 8 3 2 8 5
6.0021 8.9491 8.9865 11.025 12.052 12.053
1.5387 1.034 1.4556 1.4386 1.495 1.997
568 16
4 8 1 2 3 8
4.0276 5.0409 6.0514 8.0508 9.0258 11.988
2.4349 2.0346 1.9819 1.4968 1.4734 1.4736
569 16
4 8 1 2 3 8
4.0226 4.9708 5.9956 8.0501 8.982 11.951
2.4846 2.0355 2.004 1.5089 1.5227 1.6104
570 16
4 8 1 2 3 8
4.0194 5.0181 5.9428 8.1065 9.0622 12.034
2.4828 2.0856 1.9666 1.5347 1.4942 1.4752
571 16
4 8 1 2 3 8
3.9882 4.9989 6.0211 8.0383 9.0393 12.054
2.4942 2.0687 2.0075 1.5203 1.5146 1.4882
572 16
5 4 3 8 3 5
2.9998 3.9843 5.9575 8.964 9.0087 11.989
1.4961 2.4739 1.59 0.89443 1.56 2.0406
573 16
5 4 3 8 3 5
2.9491 4.036 5.9668 9.002 9.0121 11.906
1.4631 2.5147 1.5033 0.98926 1.3774 2.0158
574 16
5 4 3 8 3 5
3.0454 4.0064 6.0318 9.0762 9.0215 12.041
1.4905 2.5846 1.5005 1.0842 1.5756 2.0259
575 16
5 4 3 8 3 5
2.9796 4.0085 5.96 9.0269 9.0073 11.95
1.4694 2.4355 1.4546 1.012 1.454 2.0344
576 16
7 5 2 6 8 8
2.0385 2.9687 3.9119 7.5125 8.9877 11.994
1.9793 1.5257 1.9485 1.5051 0.98272 1.4109
577 16
7 5 2 6 8 8
2.0348 2.9729 4.0807 7.5832 8.9939 12.04
1.9876 1.5064 1.9707 1.4613 1.0881 1.5598
578 16
7 5 2 6 8 8
1.9859 2.9805 3.997 7.4831 8.9163 11.984
2.0882 1.5789 2.003 1.478 1.0931 1.5861
579 16
7 5 2 6 8 8
2.0754 2.9683 4.0162 7.6036 8.9826 12.051
2.0849 1.5516 1.948 1.5662 0.96914 1.6099
580 16
3 4 8 7 5 2
1.9555 4.0697 4.9838 5.997 8.0018 11.072
1.427 2.4821 2.0071 1.4432 2.0115 1.4474
581 16
3 4 8 7 5 2
1.9976 4.0817 5.068 5.9598 8.0397 11.09
1.5075 2.5862 2.068 1.5138 1.9663 1.5803
582 16
3 4 8 7 5 2
2.0762 4.0577 5.0013 6.014 7.9899 10.976
1.4733 2.468 1.9898 1.4902 2.0051 1.4954
583 16
3 7 5 8 7 8 2 5
1.9485 1.9008 3.0336 5.0505 5.9235 9.1303 10.93 11.993
1.5302 2.0157 1.4079 1.9668 1.4647 0.98847 1.5064 1.9714
584 16
3 7 5 8 7 8 2 5
2.001 1.9683 2.9635 5.0365 6.0481 9.0592 10.918 12.062
1.4859 1.9813 1.5755 2.035 1.4764 0.99663 1.5073 2.0313
585 16
3 7 5 8 7 8 2 5
2.0355 2.0657 3.0128 4.971 6.0205 8.9777 10.985 12.023
1.4985 2.0406 1.501 2.0975 1.4647 0.96952 1.5267 2.0256
586 16
7 2 3 6 5 8 2 8
2.0292 3.9441 5.9466 7.5453 7.9518 9.0432 11.107 12.12
1.9872 2.0018 1.5459 1.4292 2.0235 1.0842 1.5508 1.4637
587 16
7 2 3 6 5 8 2 8
1.969 3.9829 6.0026 7.4735 8.0472 8.9103 10.989 12.095
2.0045 2.0667 1.5647 1.4946 1.9817 1.0169 1.4983 1.4875
588 16
7 2 3 6 5 8 2 8
2.0174 3.9327 5.9839 7.4428 8.038 8.9782 10.98 12.056
1.8067 1.9347 1.4519 1.5843 2.0274 1.0499 1.5658 1.5176
