41
8238 16
8 5 1 6
9.0461 10.096 11.6 11.767
2.6333 1.092 1.938 1.6981
8239 16
1 2 4 3 8 3 4
1.0154 2.6184 2.9717 5.1635 8.2143 10.821 12.059
2.6654 1.8776 2.4677 1.668 2.9083 2.2338 1.7383
8240 16
3 2 5 7 2 8 1 5
1.0716 1.1749 1.4246 3.767 5.6528 5.7468 6.9678 12.661
2.6606 1.6621 1.1144 1.5674 2.4284 2.5424 2.4858 1.8656
8241 16
1 5 1 6 7 2
1.918 3.4522 9.5663 12.723 13.061 13.19
1.7168 1.4224 2.5095 1.4553 1.0586 1.7092
8242 16
3 8 6 5
0.24213 1.0092 1.0245 11.405
2.9653 1.0285 2.4484 1.0726
8243 16
1 4 3 7
2.0634 3.9904 5.9603 5.9661
1.6105 2.4705 1.5064 1.482
8244 16
1 4 3 7
1.9606 3.9925 6.0713 6.0019
1.413 2.5749 1.4805 1.4431
8245 16
1 4 3 7
1.9985 3.9443 6.0198 5.9881
1.4688 2.4413 1.4949 1.4927
8246 16
1 4 3 7
1.9489 4.0148 5.9791 5.9898
1.5448 2.4213 1.4492 1.5763
8247 16
2 6 2 8
3.9248 7.5193 8.0536 9.0303
1.9995 1.4533 1.54 1.0173
8248 16
2 6 2 8
3.9524 7.4655 7.9524 9.0175
2.0941 1.4917 1.5753 1.0456
8249 16
2 6 2 8
3.9523 7.4625 8.0426 9.0124
2.0267 1.5776 1.5361 0.96391
8250 16
2 6 2 8
4.0005 7.4967 7.9056 8.9577
1.9706 1.4219 1.4346 0.98391
8251 16
3 8 3 2 8 5
1.9891 4.9203 6.0084 7.976 9.0514 12.006
1.6012 2.0397 1.5434 1.4471 0.97857 1.9658
8252 16
3 8 3 2 8 5
2.0559 5.0108 5.9359 8.0258 8.9668 11.964
1.4965 2.09 1.5334 1.3844 1.0039 2.0966
8253 16
3 8 3 2 8 5
1.8681 5.0492 5.9976 8.0078 9.0344 12.015
1.5092 1.9836 1.5341 1.4664 0.99024 2.0675
8254 16
3 8 3 2 8 5
2.0281 4.9149 5.9174 7.966 8.9878 12.027
1.4129 1.9805 1.4227 1.49 0.99583 2.0795
8255 16
3 8 3 2 8 5
5.967 8.9732 8.9492 11.076 12.06 12.015
1.4837 0.96178 1.5226 1.5183 1.5266 2.0029
8256 16
3 8 3 2 8 5
6.0289 9.0807 9 10.964 12.105 11.996
1.5105 0.94943 1.5311 1.555 1.549 1.9756
8257 16
3 8 3 2 8 5
5.9708 9.0281 8.9938 11.079 11.938 11.975
1.5171 0.94884 1.5918 1.4375 1.4618 1.9837
8258 16
3 8 3 2 8 5
6.0089 9.1095 9.0389 10.978 11.996 12.051
1.5128 1.0533 1.5587 1.4915 1.456 1.9783
8259 16
4 8 1 2 3 8
3.954 4.8571 5.9408 8.0401 8.979 11.937
2.4494 2.0315 2.001 1.5409 1.499 1.4378
8260 16
4 8 1 2 3 8
3.9719 5.0111 5.9267 8.0653 8.9497 11.955
2.4295 1.9954 2.0061 1.4415 1.5077 1.4097
8261 16
4 8 1 2 3 8
4.0256 4.9598 5.9706 7.9787 8.9819 11.997
2.4642 2.0274 1.9826 1.4454 1.4689 1.5603
8262 16
4 8 1 2 3 8
4.0814 5.1038 6.017 7.9347 9.0683 12.01
2.6109 2.0351 2.0285 1.4621 1.4749 1.487
8263 16
5 4 3 8 3 5
3.0396 3.979 6.0636 8.9494 8.9749 12.039
1.5041 2.439 1.5159 0.93026 1.5172 2.0363
8264 16
5 4 3 8 3 5
2.9981 3.9889 6.0998 8.9945 8.9795 12.03
1.4769 2.5774 1.5567 1.1188 1.4742 1.9983
8265 16
5 4 3 8 3 5
2.9496 4.0182 5.9889 9.0658 9.0022 11.894
1.5808 2.5431 1.5208 1.0292 1.5543 2.06
8266 16
5 4 3 8 3 5
2.9476 3.9846 5.972 8.934 9.0034 11.958
1.5193 2.4311 1.5752 1.0022 1.4966 1.9942
8267 16
7 5 2 6 8 8
2.022 3.0649 3.9444 7.4316 8.8928 12.041
2.0192 1.5218 2.0353 1.5341 1.0637 1.468
8268 16
7 5 2 6 8 8
1.9913 2.961 4.0244 7.5455 8.8999 12.003
1.9796 1.4448 2.0123 1.5489 0.89543 1.5919
8269 16
7 5 2 6 8 8
2.0832 3.0757 3.9926 7.4822 8.9432 12.002
2.0128 1.4589 1.9837 1.49 0.93678 1.5079
8270 16
3 4 8 7 5 2
1.9957 3.909 5.0728 6.0642 8.0044 11.024
1.4916 2.4867 2.0091 1.5149 2.0245 1.5522
8271 16
3 4 8 7 5 2
1.9445 4.082 4.9362 6.0635 7.9814 11.012
1.473 2.5403 2.0405 1.4882 2.0052 1.4824
8272 16
3 4 8 7 5 2
2.0376 3.9887 4.9579 6.0108 7.8995 11.011
1.5238 2.5823 2.0353 1.4703 1.9683 1.5374
8273 16
3 7 5 8 7 8 2 5
2.0705 2.0328 3.0241 4.9455 6.0382 9.0895 10.985 11.897
1.4938 1.9832 1.5547 2.0083 1.5064 1.0313 1.4632 2.0241
8274 16
3 7 5 8 7 8 2 5
1.941 1.9957 3.0378 5.0073 5.9681 8.9783 10.956 12.036
1.3539 1.9628 1.5369 1.9871 1.5081 0.96535 1.5742 1.9829
8275 16
3 7 5 8 7 8 2 5
2.0393 2.1034 2.9979 4.8953 6.0813 8.9739 11.044 11.986
1.5056 2.0298 1.5366 1.9532 1.5033 0.99168 1.4975 2.0078
8276 16
7 2 3 6 5 8 2 8
1.9916 3.9133 6.0034 7.5108 7.9526 8.9355 10.955 11.967
2.007 1.9766 1.4712 1.5255 2.0334 0.94581 1.4565 1.5219
8277 16
7 2 3 6 5 8 2 8
1.984 4.0419 5.9895 7.4101 8.01 9.0166 11.014 12.03
1.9007 1.9965 1.5195 1.5083 2.0113 1.0457 1.5175 1.5523
8278 16
7 2 3 6 5 8 2 8
1.9831 3.9834 5.8942 7.4469 7.979 8.991 10.995 11.976
2.0054 2.072 1.5779 1.5362 1.9717 1.0776 1.4607 1.4878
