42
4915 16
6 8 7 8 4
2.9656 3.5061 5.7091 12.203 13.573
1.3823 1.2218 1.2273 1.324 2.2117
4916 16
3 6 6 4 5 2 6 3
1.0535 3.1003 6.2671 7.0514 7.7518 8.4881 8.8544 9.2291
1.9107 2.9768 1.7477 1.68 1.6085 1.5104 1.8668 2.9734
4917 16
4 8 4 4 2
0.5974 1.591 3.6631 10.67 13.337
1.8 2.1719 1.3819 2.5543 2.2079
4918 16
1 6 8 2 6
0.2583 0.95489 1.2119 4.3418 6.5195
2.3754 2.2884 2.108 2.1723 1.8663
4919 16
7 5 4 4 2 8
3.2487 4.5037 4.8584 6.652 7.4259 9.6799
1.2944 1.7872 1.7304 1.2277 1.938 1.8948
4920 16
1 4 3 7
2.0726 4.0926 6.0568 5.8799
1.5432 2.5665 1.5709 1.5367
4921 16
1 4 3 7
2.0898 4.0773 5.9419 6.0327
1.3667 2.4754 1.4667 1.4841
4922 16
1 4 3 7
1.9665 3.9099 6.0596 6.0146
1.4941 2.5627 1.3886 1.4996
4923 16
1 4 3 7
2.0124 4.1053 6.0247 6.0095
1.4271 2.544 1.4993 1.5365
4924 16
2 6 2 8
3.9516 7.5069 8.0175 9.051
2.0651 1.5208 1.4215 1.012
4925 16
2 6 2 8
4.0329 7.5164 7.952 8.9839
1.9885 1.5047 1.5046 0.95133
4926 16
2 6 2 8
3.9871 7.4734 7.9754 9.0178
2.0159 1.562 1.4754 0.91312
4927 16
2 6 2 8
3.927 7.4596 7.9743 9.0132
2.0441 1.4613 1.5005 0.85405
4928 16
3 8 3 2 8 5
2.0405 5.0131 6.0377 8.0061 8.9407 12.072
1.4552 1.8996 1.5142 1.4846 0.97001 2.0542
4929 16
3 8 3 2 8 5
2.0654 5.0663 6.0589 8.0876 9.001 12.077
1.4666 1.9757 1.5266 1.4165 1.0126 2.0153
4930 16
3 8 3 2 8 5
2.0442 4.9636 5.978 8.0295 9.0123 11.941
1.4847 1.9674 1.4381 1.4672 1.065 1.9831
4931 16
3 8 3 2 8 5
2.0517 5.0604 6.021 7.9149 9.104 12.004
1.5567 2.0959 1.4594 1.5813 0.95936 1.9502
4932 16
3 8 3 2 8 5
6.0048 9.0264 9.0059 10.991 11.906 12.018
1.5032 1.0195 1.5601 1.414 1.5714 1.9164
4933 16
3 8 3 2 8 5
6.0851 9.0345 9.0381 11.009 11.907 12.041
1.497 0.92378 1.5092 1.5777 1.4631 1.9915
4934 16
3 8 3 2 8 5
6.0224 8.9922 8.957 10.997 11.989 12.06
1.4301 1.0768 1.4933 1.463 1.4925 1.9631
4935 16
3 8 3 2 8 5
5.9975 8.9837 9.0359 10.997 11.936 12.018
1.484 1.0031 1.5865 1.5174 1.5557 1.9914
4936 16
4 8 1 2 3 8
4.003 4.9732 6.0486 7.9486 8.9385 11.976
2.4719 2.0785 1.9785 1.5137 1.3751 1.4958
4937 16
4 8 1 2 3 8
4.0106 4.9176 6.0286 7.9383 9.0856 12.024
2.4357 1.967 1.9461 1.4856 1.4523 1.4172
4938 16
4 8 1 2 3 8
4.0122 5.0615 5.9979 8.0782 8.9728 12.055
2.513 2.101 2.0861 1.4793 1.4848 1.5575
4939 16
4 8 1 2 3 8
3.9794 5.0816 5.9808 8.0098 9.0044 11.914
2.4395 2.0178 1.9984 1.5826 1.5736 1.5769
4940 16
5 4 3 8 3 5
3.0143 4.0673 6.0064 9.0126 9.0292 12.007
1.4229 2.511 1.4429 1.0014 1.5776 1.9976
4941 16
5 4 3 8 3 5
2.9682 3.9159 5.957 9.0148 9.0478 11.99
1.4496 2.605 1.4064 0.95312 1.5105 2.0672
4942 16
5 4 3 8 3 5
3.0248 3.9854 5.9424 9.0073 8.9895 11.969
1.4666 2.4311 1.539 0.96398 1.5268 2.0866
4943 16
5 4 3 8 3 5
2.9782 4.0334 5.9407 9.0498 9.0945 12.06
1.4379 2.4849 1.4908 1.0241 1.4435 1.9738
4944 16
7 5 2 6 8 8
1.9997 2.9388 4.0048 7.4039 8.9253 11.923
2.0466 1.4767 1.9899 1.4911 0.96712 1.4726
4945 16
7 5 2 6 8 8
2.1044 3.0874 4.0193 7.4041 8.9493 12.002
2.0761 1.489 1.983 1.4391 1.0003 1.3987
4946 16
7 5 2 6 8 8
2.0829 3.0113 3.986 7.4507 8.943 12.032
2.0073 1.5043 2.0008 1.5398 0.88356 1.3908
4947 16
7 5 2 6 8 8
2.026 2.957 3.9579 7.5073 9.0054 12.036
2.0138 1.552 1.9811 1.4389 1.0271 1.5669
4948 16
3 4 8 7 5 2
1.9729 3.9838 4.9833 6.0316 8.0499 10.947
1.5479 2.5017 1.9492 1.5346 2.0304 1.5732
4949 16
3 4 8 7 5 2
2.0542 3.9663 5.1107 6.0149 8.1064 11.005
1.5299 2.4729 1.9827 1.5273 1.8736 1.4412
4950 16
3 4 8 7 5 2
2.0043 4.0007 4.9987 5.9624 8.0795 11.034
1.508 2.6024 1.9793 1.5125 1.9534 1.5137
4951 16
3 7 5 8 7 8 2 5
1.9863 1.9491 3.0624 4.9654 6.0342 9.0486 11.001 12.037
1.5611 1.9643 1.5007 2.0427 1.5255 0.99271 1.5465 2.0392
4952 16
3 7 5 8 7 8 2 5
2.0013 2.0098 2.943 4.9835 6.0547 8.9608 11.059 12.105
1.5203 1.9844 1.4867 1.9575 1.4004 1.0376 1.4744 2.0355
4953 16
3 7 5 8 7 8 2 5
2.1155 1.9253 3.0202 4.9347 5.9938 8.9289 10.992 12.055
1.4905 1.9738 1.4843 2.0529 1.5648 0.96866 1.4082 2.0661
4954 16
7 2 3 6 5 8 2 8
2.0555 4.0318 6.0501 7.4728 7.974 9.0698 10.918 12.025
2.0172 2.009 1.4374 1.4897 2.0397 1.1059 1.5258 1.5099
4955 16
7 2 3 6 5 8 2 8
2.0344 3.9734 5.9995 7.4713 7.901 9.0459 11.083 12.019
2.0487 1.9575 1.3869 1.449 1.8995 1.0175 1.6197 1.4268
4956 16
7 2 3 6 5 8 2 8
1.9242 4.0149 6.0047 7.4601 8.0299 9.0446 11.002 11.98
1.8831 1.9647 1.4552 1.5639 1.9648 0.96489 1.5051 1.5486
