41
7869 16
7 1 5 2 3 6
5.0947 8.9349 10.828 11.051 13.003 13.478
2.0463 2.5986 2.3308 2.7674 1.0065 2.3211
7870 16
6 8 6 3 7
0.666 6.978 7.1603 13.38 13.651
1.4266 1.1477 2.6638 1.5077 1.9471
7871 16
4 1 7 1
1.1401 3.5454 4.881 8.7172
1.3463 2.8833 2.767 1.529
7872 16
5 6 7 8 2 1 4 2
0.34793 2.9722 3.531 3.7893 4.5312 9.6917 10.577 13.592
1.1333 1.5861 1.367 1.4244 2.183 1.7685 2.5346 1.969
7873 16
4 2 3 6 3 4 1
2.0281 2.2996 3.4636 6.0751 8.5069 9.2535 9.2737
1.4748 1.0949 2.97 1.6092 1.4368 1.3878 2.3548
7874 16
1 4 3 7
2.0099 3.968 5.9655 5.9624
1.5639 2.5188 1.616 1.442
7875 16
1 4 3 7
1.9362 4.0643 6.0748 5.8509
1.4595 2.5308 1.5481 1.5495
7876 16
1 4 3 7
1.9639 3.9261 5.9727 5.9955
1.4522 2.4681 1.5024 1.4338
7877 16
1 4 3 7
1.9702 3.9074 5.9821 6.0166
1.5095 2.4224 1.4977 1.3925
7878 16
2 6 2 8
4.0699 7.5751 7.9861 9.0401
2.0554 1.5225 1.4006 1.0197
7879 16
2 6 2 8
3.9904 7.504 8.0604 9.0072
1.9294 1.5332 1.5494 0.9914
7880 16
2 6 2 8
3.9694 7.4183 8.0131 9.0391
2.0608 1.4604 1.4333 1.0673
7881 16
2 6 2 8
4.0585 7.5 8.0225 8.9544
2.0379 1.4608 1.4393 0.97585
7882 16
3 8 3 2 8 5
2.0086 5.1104 6.0055 7.9541 8.994 12.023
1.5452 2.003 1.5304 1.5812 0.93976 2.0033
7883 16
3 8 3 2 8 5
1.956 4.8941 5.9547 8.0276 9.0638 12.013
1.5035 1.9571 1.5668 1.5389 0.95996 1.9433
7884 16
3 8 3 2 8 5
2.117 5.0614 6.0258 7.9138 8.9851 11.939
1.5367 2.0053 1.5213 1.4873 1.0571 2.0585
7885 16
3 8 3 2 8 5
1.9953 5.0602 5.9652 7.9515 8.9921 11.966
1.449 2.0792 1.4142 1.5279 0.98296 1.9335
7886 16
3 8 3 2 8 5
5.9715 9.0101 8.9939 11.07 12.014 12.005
1.5383 1.0188 1.5369 1.3984 1.5542 2.0278
7887 16
3 8 3 2 8 5
5.9449 9.0544 9.0414 10.882 11.901 11.955
1.4875 0.98816 1.4251 1.4964 1.4787 2.031
7888 16
3 8 3 2 8 5
5.9636 8.9934 8.8801 10.964 12.041 12.024
1.481 1.0102 1.5873 1.5885 1.4187 1.9916
7889 16
3 8 3 2 8 5
5.9697 9.0028 9.0394 11.119 12.007 11.916
1.5104 1.0015 1.4707 1.5093 1.5628 2.0287
7890 16
4 8 1 2 3 8
4.038 4.9886 5.9523 7.9369 8.9465 11.963
2.5482 2.0448 1.9149 1.4347 1.4914 1.4984
7891 16
4 8 1 2 3 8
3.9804 5.0113 5.991 8.0053 8.9393 12.012
2.5093 2.0916 2.0392 1.5276 1.522 1.52
7892 16
4 8 1 2 3 8
3.988 5.0203 6.0589 7.9944 8.9167 11.893
2.4958 1.9264 1.8873 1.5029 1.4367 1.4498
7893 16
4 8 1 2 3 8
3.9938 4.9937 6.0797 7.961 9.0138 12.061
2.4051 2.0474 1.9963 1.4563 1.5117 1.5058
7894 16
5 4 3 8 3 5
2.9221 4.0338 5.9885 8.9724 9.0508 11.997
1.4328 2.503 1.551 0.93193 1.429 1.9916
7895 16
5 4 3 8 3 5
2.9672 3.9908 5.9484 8.9808 9.051 12.09
1.4833 2.5079 1.5044 0.97776 1.4315 1.9358
7896 16
5 4 3 8 3 5
2.9401 3.937 6.0056 9.0629 8.9692 12.057
1.4934 2.499 1.5177 0.99894 1.4657 1.9328
7897 16
5 4 3 8 3 5
2.9985 4.0067 5.9305 9.046 9.0032 11.884
1.4151 2.5245 1.5077 1.0172 1.5715 1.9938
7898 16
7 5 2 6 8 8
1.9213 2.9158 3.9718 7.4893 8.9881 12.046
1.969 1.528 2.0409 1.3996 1.0392 1.504
7899 16
7 5 2 6 8 8
2.0366 2.997 3.9483 7.4268 8.9883 12.049
1.9991 1.4994 1.957 1.5173 1.0626 1.4771
7900 16
7 5 2 6 8 8
2.031 2.9629 4.0382 7.4779 8.9465 11.975
1.9535 1.4919 1.9902 1.5212 0.96361 1.4993
7901 16
3 4 8 7 5 2
1.9874 4.0315 5.0034 6.0195 8.0679 10.939
1.5859 2.5531 1.9818 1.5168 1.9977 1.5871
7902 16
3 4 8 7 5 2
2.016 4.0484 4.9986 6.053 7.998 11.004
1.4458 2.5312 1.9475 1.5821 1.9982 1.4779
7903 16
3 4 8 7 5 2
1.9381 3.9813 5.0264 6.1372 8.0373 10.983
1.5173 2.3803 2.0472 1.4668 2.0354 1.4901
7904 16
3 7 5 8 7 8 2 5
2.0212 2.0366 2.9142 4.958 5.9473 8.9686 11.002 11.962
1.4847 2.0148 1.4939 1.9834 1.5739 0.96634 1.4694 2.0808
7905 16
3 7 5 8 7 8 2 5
2.0786 2.101 3.0274 4.9963 5.9593 9.0432 11.026 11.991
1.5173 2.0152 1.4335 2.0369 1.4599 0.9521 1.5043 1.9929
7906 16
3 7 5 8 7 8 2 5
2.0006 2.0042 3.0667 5.0482 6.0955 9.0239 10.941 12.024
1.4721 1.9975 1.4814 1.8866 1.5707 0.98793 1.4306 2.0409
7907 16
7 2 3 6 5 8 2 8
2.0265 3.9703 6.036 7.5313 8.064 8.9985 11.021 12.093
2.0305 1.9434 1.5203 1.5287 1.9626 1.0098 1.5768 1.47
7908 16
7 2 3 6 5 8 2 8
1.9899 3.9903 5.9671 7.4874 8.0049 8.9728 10.954 12.032
2.0591 1.9883 1.4081 1.49 2.0885 1.1331 1.467 1.4125
7909 16
7 2 3 6 5 8 2 8
1.9876 4.0754 5.9776 7.5339 7.9481 9.0126 11.056 12.026
2.0688 2.0379 1.5318 1.4887 2.0823 1.0752 1.6069 1.5503
