42
4663 16
5 1 8 7
3.3567 4.7405 8.6985 13.386
2.5149 2.9977 1.3711 2.1778
4664 16
4 7 6 5
4.517 5.1853 7.7707 12.934
2.3328 1.3348 1.2276 1.6227
4665 16
8 7 1 2 5
4.1185 5.3553 6.3106 6.6686 10.627
2.4168 2.811 1.4097 2.6226 2.9582
4666 16
8 6 8 2
3.9554 6.3557 7.8707 9.264
1.5646 1.5078 2.9071 2.5433
4667 16
8 3 2 2 3 4 8 1
2.9972 4.8451 5.8342 10.065 11.453 11.93 12.497 12.842
2.2407 2.5368 2.3516 1.435 1.4342 1.7194 1.048 1.268
4668 16
1 4 3 7
1.9639 4.0375 6.1451 5.9683
1.4591 2.4968 1.4666 1.5288
4669 16
1 4 3 7
2.0411 4.1165 6.037 5.838
1.5541 2.4679 1.5307 1.5122
4670 16
1 4 3 7
1.9928 4.0207 6.0695 6.0723
1.5301 2.4554 1.5481 1.4946
4671 16
1 4 3 7
1.9877 4.0803 6.0112 6.0377
1.5275 2.4961 1.4158 1.5553
4672 16
2 6 2 8
4.0047 7.5888 7.9626 8.9923
2.0382 1.5524 1.47 0.91064
4673 16
2 6 2 8
3.9973 7.4863 7.9832 9.0702
1.9926 1.487 1.5753 0.94527
4674 16
2 6 2 8
3.9771 7.5582 8.0042 8.9564
2.0748 1.4321 1.4186 0.99474
4675 16
2 6 2 8
4.0721 7.5329 7.9682 9.0698
2.0041 1.4967 1.5413 1.0174
4676 16
3 8 3 2 8 5
2.0079 5.0495 5.9601 7.9846 8.9562 11.964
1.409 2.0293 1.5006 1.5234 0.99551 1.9175
4677 16
3 8 3 2 8 5
2.0173 4.9792 6.0646 7.9686 9.0247 11.991
1.4951 2.0113 1.5325 1.4148 1.019 2.0364
4678 16
3 8 3 2 8 5
1.9258 4.9544 5.9577 8.0542 9.0011 11.961
1.5456 2.0396 1.5003 1.5639 0.93588 1.961
4679 16
3 8 3 2 8 5
2.007 5.0309 5.9015 7.9578 8.9401 12.002
1.4948 2.0199 1.4034 1.4548 0.86946 2.0374
4680 16
3 8 3 2 8 5
6.0348 9.1157 8.9577 10.954 12.004 12.025
1.4963 0.95968 1.5045 1.5524 1.4984 1.9412
4681 16
3 8 3 2 8 5
5.8693 8.978 8.9648 10.957 11.962 11.944
1.5108 1.0551 1.4881 1.5654 1.5568 2.0188
4682 16
3 8 3 2 8 5
6.1033 8.9611 8.9707 10.971 12.025 12.023
1.4933 1.0368 1.4879 1.5441 1.5238 1.9567
4683 16
3 8 3 2 8 5
6.0485 8.9234 9.083 10.988 11.998 11.997
1.5558 0.97893 1.5192 1.4808 1.5232 2.0428
4684 16
4 8 1 2 3 8
3.9996 4.9994 6.0247 8.0061 9.0199 12.068
2.5229 2.0651 2.0431 1.5197 1.4146 1.4672
4685 16
4 8 1 2 3 8
4.0147 5.0153 5.993 7.9657 9.0246 12.016
2.4509 1.9924 1.9893 1.5595 1.4282 1.5002
4686 16
4 8 1 2 3 8
3.9748 4.9142 5.9404 7.993 9.1439 12.017
2.54 2.0341 1.9704 1.5438 1.4665 1.453
4687 16
4 8 1 2 3 8
4.0428 5.0085 6.0087 8.1181 9.0111 11.991
2.4754 1.9428 1.9616 1.5453 1.5096 1.4747
4688 16
5 4 3 8 3 5
3.0363 3.9387 5.975 9.0437 9.056 12.01
1.4927 2.523 1.3535 0.97906 1.5442 1.9967
4689 16
5 4 3 8 3 5
3.0328 3.9807 6.0341 8.9589 8.9427 12.053
1.5488 2.453 1.4644 0.92155 1.4744 1.9982
4690 16
5 4 3 8 3 5
3.0151 3.9996 5.9807 9.0126 8.9451 12.067
1.5227 2.5072 1.585 0.97328 1.5739 1.994
4691 16
5 4 3 8 3 5
3.0113 4.0605 5.9588 8.919 8.9487 11.934
1.3691 2.4599 1.5434 0.9755 1.4846 1.9399
4692 16
7 5 2 6 8 8
2.0656 3.0436 3.98 7.474 9.0103 11.969
1.9978 1.5236 2.012 1.4975 0.8844 1.3982
4693 16
7 5 2 6 8 8
2.0119 3.0723 3.982 7.5724 8.9649 12.06
2.0105 1.4798 1.9559 1.5466 0.96205 1.5311
4694 16
7 5 2 6 8 8
1.9286 2.9667 3.87 7.5028 8.9665 12.055
2.0034 1.4876 1.9947 1.524 1.0516 1.5171
4695 16
7 5 2 6 8 8
1.9701 2.981 3.9158 7.5688 9.0415 11.987
2.0616 1.3833 1.9856 1.4576 0.97206 1.4988
4696 16
3 4 8 7 5 2
2.0132 4.0465 5.0073 5.9436 8.0991 10.952
1.5597 2.5443 2.0122 1.4476 1.9383 1.4368
4697 16
3 4 8 7 5 2
1.9364 4.0725 5.032 5.9856 8.0057 10.941
1.4998 2.4142 2.0071 1.5005 2.0789 1.5191
4698 16
3 4 8 7 5 2
2.0724 3.9162 5.0331 5.9746 8.0439 11.013
1.4819 2.5784 1.955 1.5421 1.9776 1.4954
4699 16
3 7 5 8 7 8 2 5
1.9714 2.045 2.9479 4.9431 5.9797 8.9654 11.046 11.993
1.6254 1.972 1.5494 2.0289 1.6384 0.99749 1.4341 2.0197
4700 16
3 7 5 8 7 8 2 5
2.0556 2.0062 2.9361 5.0646 5.9776 8.8794 10.902 12.069
1.4934 1.9192 1.4902 1.9578 1.5607 1.0316 1.4896 2.0064
4701 16
3 7 5 8 7 8 2 5
1.9714 1.9996 2.9658 4.9547 5.9883 8.9976 11.019 11.962
1.5274 1.974 1.6111 2.0079 1.5843 1.0631 1.5129 1.9247
4702 16
7 2 3 6 5 8 2 8
2.0103 3.9724 6.0333 7.5102 7.9044 9.0745 10.944 12.016
1.9473 1.9714 1.4629 1.4669 1.9765 1.029 1.4802 1.5153
4703 16
7 2 3 6 5 8 2 8
2.0723 3.9086 5.9439 7.5057 7.9737 8.9962 11.057 11.945
2.0261 1.9608 1.4895 1.5454 1.9728 0.95519 1.416 1.4773
4704 16
7 2 3 6 5 8 2 8
1.965 3.9645 5.9418 7.5552 7.968 9.0679 11.1 11.952
2.0747 2.0274 1.4678 1.4989 2.0093 0.9762 1.5142 1.453
