42
5167 16
3 7 8 6 7 4
5.7723 6.8641 7.6495 9.6278 9.7485 10.907
1.6882 2.6906 2.6649 1.2178 2.8811 1.6513
5168 16
4 4 7 3 6 1
0.60108 4.6207 8.4825 10.143 11.007 12.861
2.6484 2.586 2.9879 2.4315 2.6575 2.7554
5169 16
6 8 1 6 5 3 5 3
0.57036 2.3672 2.4487 5.9528 6.4151 7.3634 10.1 13.728
2.9177 1.0103 1.3012 2.2038 2.647 1.5723 1.0456 2.1988
5170 16
3 6 3 7
1.2894 8.8558 9.4956 9.5722
2.1046 2.803 1.3587 1.3946
5171 16
4 5 4 3 7 1 3
0.59203 3.6531 4.0805 7.6353 12.597 13.754 13.777
2.6322 1.154 2.7217 2.6479 1.976 1.8223 1.0036
5172 16
1 4 3 7
2.0407 3.9556 5.9848 5.9616
1.5113 2.5154 1.5164 1.5669
5173 16
1 4 3 7
1.9122 3.9306 6.0158 5.9933
1.4877 2.5249 1.6133 1.4567
5174 16
1 4 3 7
2.0193 3.9909 5.9668 6.0068
1.4894 2.5166 1.5771 1.5157
5175 16
1 4 3 7
1.9732 3.9056 5.9813 5.9678
1.4763 2.4778 1.4785 1.3909
5176 16
2 6 2 8
4.0234 7.5196 8.0372 8.9582
2.0204 1.4803 1.5629 0.98038
5177 16
2 6 2 8
4.1078 7.423 8.0805 8.9995
2.1411 1.5594 1.4317 0.99659
5178 16
2 6 2 8
4.0398 7.5939 7.9671 8.9295
2.0166 1.5073 1.4728 1.0074
5179 16
2 6 2 8
4.0745 7.436 7.9105 9.0224
2.0463 1.4834 1.5639 1.0196
5180 16
3 8 3 2 8 5
1.9846 4.9778 5.9945 7.9364 8.976 11.954
1.5742 2.1027 1.5019 1.4416 1.0377 1.9755
5181 16
3 8 3 2 8 5
1.996 4.9769 6.0247 8.0167 9.0806 11.981
1.4965 2.1668 1.4873 1.4456 0.96475 1.9778
5182 16
3 8 3 2 8 5
1.9867 5.0658 6.007 7.9869 8.9967 11.976
1.5591 1.9779 1.4449 1.5469 0.99108 2.0002
5183 16
3 8 3 2 8 5
2.0901 4.9306 5.9232 7.9675 8.9797 11.984
1.5399 1.9758 1.5109 1.5046 0.97836 2.0437
5184 16
3 8 3 2 8 5
6.046 9.0099 9.0772 10.98 12 11.976
1.5502 0.90244 1.4815 1.5062 1.5 1.9756
5185 16
3 8 3 2 8 5
5.9943 9.0186 9.0449 10.9 11.998 11.895
1.5161 1.0226 1.572 1.5903 1.5296 2.0823
5186 16
3 8 3 2 8 5
6.0389 9.0174 9.0021 11.088 12.023 12.07
1.592 0.97908 1.4857 1.4087 1.4347 1.9873
5187 16
3 8 3 2 8 5
6.0272 8.9857 9.0635 11.005 11.989 12.039
1.5367 1.0675 1.554 1.5107 1.4695 1.9559
5188 16
4 8 1 2 3 8
3.972 5.011 6.0487 7.8768 9.0022 11.956
2.4733 1.991 1.9422 1.5561 1.5421 1.5013
5189 16
4 8 1 2 3 8
4.0403 4.9378 5.9422 8.0918 8.9233 11.941
2.5605 1.9694 2.0401 1.5343 1.4389 1.5679
5190 16
4 8 1 2 3 8
4.0233 4.9549 5.932 8.0075 8.9717 12.039
2.4796 1.9671 2.0555 1.4553 1.4974 1.5766
5191 16
4 8 1 2 3 8
4.0283 5.012 5.9414 7.9834 9.0344 12.094
2.4833 2.0565 2.0752 1.4482 1.5131 1.5032
5192 16
5 4 3 8 3 5
2.9797 4.0333 5.9928 9.0144 8.8761 12.073
1.5725 2.4105 1.4505 0.90093 1.423 2.003
5193 16
5 4 3 8 3 5
2.9969 3.9386 5.9422 8.9361 8.9776 11.992
1.4836 2.4186 1.4738 1.0223 1.3692 1.9757
5194 16
5 4 3 8 3 5
2.9848 4.0664 6.0543 8.9647 8.9476 12.001
1.4823 2.506 1.5738 0.98082 1.476 1.9382
5195 16
5 4 3 8 3 5
3.021 4.0271 5.9936 9.0305 8.9352 11.997
1.4573 2.457 1.5078 1.0376 1.3753 1.9932
5196 16
7 5 2 6 8 8
2.0393 2.9492 3.9952 7.5261 8.9993 11.95
1.9955 1.4741 2.0266 1.4889 1.0427 1.4929
5197 16
7 5 2 6 8 8
1.9799 3.0196 4.014 7.4492 9.037 12.005
1.9765 1.4947 1.9938 1.425 0.9339 1.4207
5198 16
7 5 2 6 8 8
2.0618 2.9975 3.9378 7.4698 8.9875 12.021
2.0052 1.4974 2.0088 1.4875 0.96632 1.5044
5199 16
7 5 2 6 8 8
1.9252 3.0243 3.9759 7.5181 8.9297 12.091
2.0635 1.4314 2.0291 1.6072 1.0505 1.5072
5200 16
3 4 8 7 5 2
2.0296 3.9866 5.0468 6.0263 8.0156 11.065
1.5355 2.5536 1.9462 1.4547 1.9845 1.5224
5201 16
3 4 8 7 5 2
1.9769 4.055 5.0407 5.9625 7.9911 10.966
1.4475 2.5448 2.0931 1.4661 2.0127 1.4823
5202 16
3 4 8 7 5 2
1.9389 4.0325 4.9663 6.1233 7.9141 10.975
1.5025 2.51 2.0496 1.5171 1.9907 1.5359
5203 16
3 7 5 8 7 8 2 5
2.0275 1.9889 2.8888 4.9768 5.9839 8.9818 10.974 12.059
1.5793 2.0194 1.5006 2.0148 1.4617 1.0751 1.4961 2.0535
5204 16
3 7 5 8 7 8 2 5
1.9387 1.9374 2.9748 4.9524 6.037 8.9867 10.985 11.982
1.5011 2.0215 1.5306 1.963 1.502 0.97857 1.5036 2.0793
5205 16
3 7 5 8 7 8 2 5
2.0142 1.956 2.9665 5.0081 5.963 9.0487 10.997 11.929
1.53 1.9876 1.5139 1.9919 1.5204 1.0555 1.5516 1.9035
5206 16
7 2 3 6 5 8 2 8
2.0185 4.0244 6.0064 7.5426 7.9693 9.0131 11.024 12.022
2.0382 1.9332 1.4609 1.5278 2.0073 0.9508 1.4588 1.5254
5207 16
7 2 3 6 5 8 2 8
1.999 3.9797 6.0844 7.4784 8.0206 8.8912 10.989 11.964
1.991 2.059 1.5074 1.5077 2.0303 0.97957 1.5193 1.5225
5208 16
7 2 3 6 5 8 2 8
2.0993 4.0827 6.0451 7.5241 7.9931 8.9541 11.01 12.039
1.9977 1.9981 1.4668 1.4456 1.9509 1.0809 1.482 1.5266
