42
2059 16
7 4 1 1 3 7 1
1.0747 5.6529 6.104 9.8956 11.04 11.208 11.722
1.9448 2.977 2.0657 1.198 1.802 2.7134 1.5069
2060 16
3 1 8 6
1.1554 3.9895 5.33 9.3315
1.1677 2.5191 2.695 2.1454
2061 16
6 3 6 3 8 6
0.54944 4.0107 4.9173 11.509 11.875 12.438
2.1647 2.0058 2.3727 2.62 1.8385 2.8826
2062 16
3 6 5 1 7 4 3 6
0.26354 0.72597 5.5535 7.653 9.2447 11.804 13.31 14.667
1.397 1.4078 2.2286 2.4105 1.1882 1.7892 1.7482 1.1314
2063 16
3 6 2 3 4
2.3791 6.636 6.6618 7.803 14.539
2.3337 1.3079 1.5495 2.044 1.1393
2064 16
1 4 3 7
2.0382 3.9785 6.071 5.9833
1.4262 2.4791 1.4707 1.4865
2065 16
1 4 3 7
2.0129 3.9258 6.0285 5.9847
1.5202 2.52 1.4657 1.4958
2066 16
1 4 3 7
1.9473 4.0005 5.9436 5.9768
1.4654 2.4893 1.45 1.5714
2067 16
1 4 3 7
1.9326 3.966 5.9892 6.0006
1.467 2.4653 1.4812 1.4816
2068 16
2 6 2 8
3.9158 7.5501 7.914 9.0192
2.0542 1.5163 1.4722 1.0153
2069 16
2 6 2 8
3.9955 7.5016 8.0335 9.0465
1.9385 1.4845 1.6191 0.93434
2070 16
2 6 2 8
3.9917 7.5633 7.9939 9.0854
1.9894 1.52 1.5182 0.98302
2071 16
2 6 2 8
4.0151 7.5267 7.9828 8.9858
2.0151 1.5054 1.4739 1.0013
2072 16
3 8 3 2 8 5
2.0977 4.9399 5.9219 8.057 9.0498 11.948
1.5145 2.0098 1.5614 1.4998 0.97438 2.0333
2073 16
3 8 3 2 8 5
1.9771 5.0618 6.1251 7.9906 8.9024 11.984
1.5457 2.1132 1.528 1.5486 0.92221 2.0982
2074 16
3 8 3 2 8 5
1.9395 4.9932 5.9849 7.963 8.9823 12.08
1.5157 1.9459 1.5353 1.49 1.051 2.0223
2075 16
3 8 3 2 8 5
1.9383 5.0535 6.02 8.0101 9.0669 12.103
1.5763 1.9832 1.4878 1.457 1.0921 2.0407
2076 16
3 8 3 2 8 5
5.9628 9.0169 8.9721 11.083 12.086 11.98
1.4542 0.89889 1.5441 1.5001 1.5256 2.0937
2077 16
3 8 3 2 8 5
6.0559 8.9233 9.0271 11.004 12.04 12.032
1.5029 1.0262 1.4745 1.4985 1.4713 1.9326
2078 16
3 8 3 2 8 5
6.099 8.9688 8.9832 10.855 11.992 12.006
1.5021 0.98589 1.4904 1.5342 1.4656 1.9995
2079 16
3 8 3 2 8 5
5.9504 8.9735 9.0196 11.051 12.021 11.985
1.4915 1.0737 1.5794 1.4693 1.5536 1.9955
2080 16
4 8 1 2 3 8
3.9209 4.9686 5.9877 7.9674 8.9627 11.933
2.5504 2.014 1.9451 1.5399 1.4817 1.4424
2081 16
4 8 1 2 3 8
3.9857 4.9058 6.0466 7.958 8.993 12.022
2.4845 2.0718 2.0018 1.5363 1.4849 1.5188
2082 16
4 8 1 2 3 8
4.0374 4.9518 5.9419 8.0251 9.0038 12.109
2.4554 2.0419 2.0469 1.4513 1.4756 1.5369
2083 16
4 8 1 2 3 8
4.0174 5.0001 5.936 7.993 8.9098 12.049
2.5499 1.9524 1.9516 1.5076 1.531 1.5178
2084 16
5 4 3 8 3 5
2.9942 3.9955 6.0107 8.9782 9.0393 12.036
1.4133 2.4401 1.5057 0.93835 1.5808 2.0724
2085 16
5 4 3 8 3 5
3.0077 3.9764 6.0594 9.0381 8.9187 12.113
1.4154 2.4745 1.4711 1.0116 1.5204 2.0253
2086 16
5 4 3 8 3 5
2.9722 4.0264 6.0244 9.0847 8.9605 12.008
1.5041 2.5805 1.5602 0.98274 1.6616 2.1371
2087 16
5 4 3 8 3 5
3.0085 4.0088 6.0174 9.0701 8.9491 11.945
1.5383 2.4148 1.5999 0.95081 1.4223 1.9564
2088 16
7 5 2 6 8 8
2.0355 3.0059 3.9109 7.462 8.9387 12.044
2.0225 1.4089 2.0152 1.4523 1.051 1.5091
2089 16
7 5 2 6 8 8
2.0959 2.9828 3.9815 7.4718 8.9838 12.032
2.071 1.5881 2.0467 1.5343 1.0597 1.4572
2090 16
7 5 2 6 8 8
1.9728 2.9498 4.0798 7.502 9.0768 11.997
2.0255 1.4847 1.9601 1.5064 0.98066 1.4916
2091 16
7 5 2 6 8 8
1.957 2.9422 3.9916 7.469 9.047 12.046
1.9919 1.3995 1.968 1.526 1.0198 1.5338
2092 16
3 4 8 7 5 2
2.0144 3.9829 5.0146 6.0279 7.9936 11.023
1.5655 2.5037 1.8933 1.516 1.8777 1.5597
2093 16
3 4 8 7 5 2
1.9953 4.0567 5.0055 6.0051 7.9861 10.953
1.4461 2.3962 2.0272 1.6056 2.0137 1.5689
2094 16
3 4 8 7 5 2
1.9295 3.9988 4.9625 6.0804 8.0868 10.943
1.4123 2.5383 2.0204 1.4522 1.9809 1.5715
2095 16
3 7 5 8 7 8 2 5
2.0668 2.0607 2.9911 4.9575 6.0567 9.0174 11.046 12.001
1.5402 2.056 1.4421 2.0614 1.4816 0.98322 1.5325 1.9695
2096 16
3 7 5 8 7 8 2 5
1.9872 2.0029 3.0051 5.0497 5.9869 9.0162 11.026 12.027
1.3991 1.9832 1.4534 1.9084 1.4123 1.0035 1.4489 1.9072
2097 16
3 7 5 8 7 8 2 5
2.0131 2.0256 2.978 5.0155 5.973 8.9754 11.031 11.95
1.5708 2.0419 1.5319 2.0118 1.5091 1.0397 1.4766 2.0478
2098 16
7 2 3 6 5 8 2 8
2.0618 4.0212 5.9537 7.5163 8.0656 9.031 11.093 12.007
2.0524 2.0643 1.4156 1.5354 1.9696 1.1265 1.6161 1.5296
2099 16
7 2 3 6 5 8 2 8
2.0176 4.0369 6.0106 7.4462 8.0804 9.048 10.951 11.983
1.9726 2.035 1.4775 1.4399 2.0083 1.023 1.5033 1.4884
2100 16
7 2 3 6 5 8 2 8
1.9384 4.0008 6.0419 7.6029 8.0398 8.9838 11.084 12.049
2.0032 1.9748 1.4804 1.5307 1.9587 0.94792 1.4647 1.5197
