42
2479 16
6 7 8 2
4.6028 4.6149 8.8339 10.882
1.0504 1.1386 1.2123 2.2471
2480 16
8 8 7 5 6 7 1 3
0.77339 4.4606 7.0935 8.3391 9.4269 9.9005 11.641 13.381
2.4163 1.0687 1.5574 1.4498 1.3902 1.1568 2.9354 1.4136
2481 16
2 7 5 4 4
0.094066 2.8907 7.2114 9.6643 11.071
2.0438 1.7463 1.1462 1.3078 1.5719
2482 16
3 8 3 5 3 6 4
0.63046 2.3998 4.0095 7.9678 9.7745 11.88 13.627
2.3157 2.4255 2.5512 2.7699 2.4096 2.6892 1.7302
2483 16
6 1 6 8
2.4217 5.7034 10.36 12.354
2.5362 2.3701 1.9954 1.3679
2484 16
1 4 3 7
1.9334 4.0426 5.9551 5.9953
1.5981 2.485 1.4961 1.3985
2485 16
1 4 3 7
1.9355 4.0136 5.9402 5.9769
1.4555 2.4825 1.5526 1.551
2486 16
1 4 3 7
2.0957 3.9809 6.0028 6.0275
1.5562 2.4452 1.4248 1.4233
2487 16
1 4 3 7
2.0483 3.8264 5.9769 6.0648
1.6009 2.5255 1.4313 1.4641
2488 16
2 6 2 8
3.9115 7.4569 7.9596 9.1013
2.1026 1.4784 1.5138 1.0567
2489 16
2 6 2 8
3.8989 7.49 7.9147 8.9815
2.0568 1.4452 1.4694 0.91848
2490 16
2 6 2 8
4.0868 7.468 7.96 8.9942
2.0744 1.4669 1.5986 0.99049
2491 16
2 6 2 8
4.0067 7.5095 7.9959 8.9837
2.008 1.5079 1.4269 1.0152
2492 16
3 8 3 2 8 5
2.0938 4.9469 6.0112 8.0074 9.0371 11.995
1.5438 2.0235 1.4977 1.5104 0.98447 1.9656
2493 16
3 8 3 2 8 5
2.015 5.041 5.9611 7.9332 9.0016 11.97
1.5108 1.9408 1.4872 1.3935 0.97876 2.0462
2494 16
3 8 3 2 8 5
2.0332 5.0232 5.9588 8.0634 9.0707 12.007
1.5669 1.9067 1.5074 1.5486 1.0084 2.0712
2495 16
3 8 3 2 8 5
2.0487 4.9619 5.9835 8.041 9.0224 11.873
1.5479 2.0417 1.4387 1.4934 0.95117 1.9941
2496 16
3 8 3 2 8 5
5.997 8.9774 8.923 10.981 12.054 12.024
1.4898 1.1019 1.4623 1.4648 1.4997 1.9781
2497 16
3 8 3 2 8 5
6.0939 9.0108 8.935 10.955 11.947 11.989
1.6014 0.96076 1.4587 1.511 1.3894 1.9931
2498 16
3 8 3 2 8 5
5.9844 9.0015 9.0556 10.998 12.05 11.972
1.5491 0.99724 1.443 1.4956 1.5634 1.9907
2499 16
3 8 3 2 8 5
5.9458 9.1368 9.0305 11.027 12.028 11.972
1.5747 1.0051 1.6039 1.4419 1.5191 1.9984
2500 16
4 8 1 2 3 8
4.1042 4.988 5.9866 7.9235 9.0607 12.012
2.531 2.0533 2.0314 1.4952 1.5521 1.5526
2501 16
4 8 1 2 3 8
4.0014 4.9576 5.9876 8.0666 8.9746 12.039
2.4829 1.9695 2.0097 1.4883 1.5646 1.4429
2502 16
4 8 1 2 3 8
3.9793 4.9704 6.0229 7.8779 9.0043 11.991
2.4946 2.0194 1.8562 1.5138 1.518 1.4923
2503 16
4 8 1 2 3 8
4.0057 5.046 6.0998 7.9971 9.0571 11.921
2.4495 1.9401 2.0403 1.4276 1.4887 1.4047
2504 16
5 4 3 8 3 5
3.0492 4.0453 6.0477 9.0413 9.0321 12.041
1.4665 2.4978 1.497 0.97363 1.3867 1.9865
2505 16
5 4 3 8 3 5
3.1017 3.9588 6.0465 8.9921 8.9813 11.897
1.517 2.4879 1.4409 1.0497 1.4541 1.9577
2506 16
5 4 3 8 3 5
3.0776 3.9462 6.0299 9.0215 8.9532 12.029
1.4603 2.5031 1.5798 1.0445 1.4698 2.0641
2507 16
5 4 3 8 3 5
2.9923 4.0508 6.0455 8.9402 8.9754 12.053
1.4462 2.4899 1.3869 0.95267 1.5008 2.0139
2508 16
7 5 2 6 8 8
2.0058 2.9884 3.9973 7.5471 8.9994 11.965
2.1166 1.4475 2.0192 1.511 1.0668 1.5814
2509 16
7 5 2 6 8 8
1.9665 3.0374 4.0355 7.5185 9.0032 12.022
2.0017 1.4999 1.9066 1.4532 1.0334 1.5122
2510 16
7 5 2 6 8 8
1.9725 3.0394 4.0219 7.3977 9.052 11.987
2.0468 1.4798 1.9959 1.4549 1.0312 1.5824
2511 16
7 5 2 6 8 8
1.9947 3.0145 3.9621 7.4938 8.9856 11.921
2.062 1.4568 1.9552 1.5074 1.0494 1.5069
2512 16
3 4 8 7 5 2
1.9139 3.8929 5.0376 6.0032 8.0924 10.958
1.4724 2.3833 2.0294 1.532 2.063 1.4238
2513 16
3 4 8 7 5 2
1.9855 4.0148 5.0074 5.9425 7.9754 11.092
1.4622 2.3988 1.9818 1.5223 1.9765 1.5634
2514 16
3 4 8 7 5 2
1.9379 3.8601 5.0735 5.9392 8.0049 10.945
1.4744 2.5252 1.9784 1.4561 1.905 1.5505
2515 16
3 7 5 8 7 8 2 5
1.9667 1.9999 2.9653 5.034 6.0335 9.0936 11.035 12.022
1.524 2.0396 1.4164 1.932 1.5219 0.96275 1.4712 2.0725
2516 16
3 7 5 8 7 8 2 5
2.0081 2.0654 3.0687 4.9999 5.9418 9.0117 11.041 12.004
1.5097 2.0144 1.46 1.9803 1.5237 1.0335 1.5418 2.0639
2517 16
3 7 5 8 7 8 2 5
2.0597 2.0548 3.0138 5.0309 6.1257 8.9413 10.921 11.959
1.5967 2.0741 1.5166 1.9727 1.5735 1.0578 1.4215 1.9974
2518 16
7 2 3 6 5 8 2 8
1.9983 4.0856 6.1182 7.512 8.0327 8.9959 10.925 12.064
1.9794 2.0015 1.3958 1.5562 2.056 0.95813 1.4544 1.5101
2519 16
7 2 3 6 5 8 2 8
2.0097 4.0332 6.0086 7.5152 8.0263 9.0344 10.975 12.051
1.998 1.9335 1.485 1.5016 1.9676 0.99433 1.4938 1.4633
2520 16
7 2 3 6 5 8 2 8
2.1174 3.9212 5.984 7.5105 7.9636 8.9836 11.101 12.075
2.0597 2.016 1.4455 1.5368 2.0595 0.94898 1.5662 1.5018
