42
5461 16
3 4 5 3 4
1.8988 2.8154 3.5255 5.0938 8.5351
2.0732 2.3716 2.9741 1.9442 2.6498
5462 16
4 7 8 2 4 6 7 2
1.5537 2.8109 4.1121 4.5674 5.3173 6.8722 8.6267 13.328
2.4588 1.9116 2.8634 2.5475 2.3948 1.6997 2.1315 2.1634
5463 16
7 1 5 4 2
1.4356 2.7608 2.862 10.521 10.662
2.5368 1.1964 1.3023 2.901 2.6096
5464 16
3 8 6 4 6
3.1186 3.7056 8.0675 9.5226 13.25
1.3927 1.5419 2.3021 1.8548 1.0052
5465 16
2 7 3 1 7 1 6 8
1.4161 2.0002 5.0037 6.1621 10.064 10.399 10.808 13.324
2.1061 2.9679 2.7292 2.4852 2.1149 1.2799 2.4235 2.3829
5466 16
1 4 3 7
2.07 4.0048 5.9828 6.0129
1.5052 2.497 1.4644 1.4686
5467 16
1 4 3 7
2.051 4.0398 6.0385 6.0051
1.4482 2.5396 1.554 1.46
5468 16
1 4 3 7
1.9064 3.9725 5.9716 6.0632
1.455 2.4231 1.5447 1.4872
5469 16
1 4 3 7
2.0421 3.9977 6.0733 5.9593
1.449 2.4908 1.4961 1.5155
5470 16
2 6 2 8
3.9744 7.5397 8.0483 8.9282
2.0186 1.5627 1.4704 0.9957
5471 16
2 6 2 8
4.0141 7.4982 8.0392 9.0908
2.0342 1.4934 1.4736 0.93499
5472 16
2 6 2 8
4.063 7.6068 8.0422 9.0063
2.004 1.4909 1.3781 1.049
5473 16
2 6 2 8
4.0197 7.5116 7.929 8.9792
2.053 1.4837 1.5634 1.0061
5474 16
3 8 3 2 8 5
1.9466 4.966 6.0108 7.9736 9.0663 12.042
1.4702 2.039 1.4364 1.562 0.97367 1.9332
5475 16
3 8 3 2 8 5
2.0293 5.0472 5.9913 7.9144 9.0263 11.93
1.533 2.0133 1.464 1.5571 1.0459 1.9904
5476 16
3 8 3 2 8 5
2.0026 4.9853 5.9873 8.0343 8.9759 12.055
1.5241 2.0645 1.5165 1.5491 1.062 2.083
5477 16
3 8 3 2 8 5
1.9743 5.0085 6.0321 7.9118 8.9539 12.039
1.5218 1.9814 1.5387 1.5333 1.0243 2.0796
5478 16
3 8 3 2 8 5
6.1062 9.1229 8.9927 10.987 11.949 12
1.6027 0.96715 1.5446 1.4481 1.5142 1.9462
5479 16
3 8 3 2 8 5
6.0206 8.9693 8.9665 11.131 11.952 12.016
1.516 1.0776 1.5549 1.4889 1.517 2.0249
5480 16
3 8 3 2 8 5
5.9776 9.0741 9.0038 10.998 12.07 11.946
1.4954 0.94389 1.529 1.4098 1.4953 2.012
5481 16
3 8 3 2 8 5
5.9006 9.0256 8.9546 11.118 11.962 11.934
1.5636 0.95383 1.4786 1.5421 1.4245 1.9904
5482 16
4 8 1 2 3 8
3.9911 4.9492 6.0089 8.0231 9.0993 11.964
2.5262 1.9564 1.9624 1.4954 1.441 1.5602
5483 16
4 8 1 2 3 8
3.9653 5.0908 5.9948 8.0392 8.9585 12.01
2.4912 2.0238 2.0734 1.5916 1.5033 1.6011
5484 16
4 8 1 2 3 8
4.0776 5.0767 5.9711 8.0525 8.9477 12.181
2.5935 1.9571 1.9144 1.4896 1.5141 1.423
5485 16
4 8 1 2 3 8
4.0283 5.0895 5.9486 8.0405 8.964 11.989
2.5003 1.9741 2.0227 1.5056 1.4605 1.5161
5486 16
5 4 3 8 3 5
3.0078 3.9976 5.9853 9.0065 9.127 12.094
1.4804 2.411 1.469 0.98887 1.5289 1.9897
5487 16
5 4 3 8 3 5
2.9378 3.8824 5.99 9.0817 9.0661 11.997
1.5071 2.5398 1.5941 1.0468 1.4225 2.0246
5488 16
5 4 3 8 3 5
3.0611 3.9929 5.9837 8.9782 8.952 11.953
1.4639 2.4631 1.3925 0.96342 1.5211 2.0549
5489 16
5 4 3 8 3 5
3.0377 4.0447 5.9289 8.9341 9.0299 12.064
1.4112 2.4026 1.5313 1.0224 1.4374 2.1086
5490 16
7 5 2 6 8 8
2.0109 3.0387 3.9912 7.5798 8.8996 12.027
1.9945 1.5682 1.9503 1.535 1.0365 1.4965
5491 16
7 5 2 6 8 8
2.0246 2.9954 3.9761 7.5124 8.9473 11.949
2.0475 1.5047 1.997 1.6174 1.07 1.4872
5492 16
7 5 2 6 8 8
2.0388 3.0084 4.0027 7.4887 8.9801 11.981
2.0551 1.5073 1.9095 1.4381 0.97768 1.5163
5493 16
7 5 2 6 8 8
1.9194 2.9142 4.0224 7.524 8.9466 11.939
1.9824 1.5223 1.9872 1.5309 1.0084 1.4885
5494 16
3 4 8 7 5 2
1.952 3.9909 5.0784 6.0683 8.04 10.994
1.561 2.4758 1.9585 1.3604 1.9946 1.4921
5495 16
3 4 8 7 5 2
2.0343 4.0153 4.9517 5.9239 7.9703 10.997
1.4135 2.4749 2.0375 1.5432 2.0186 1.5757
5496 16
3 4 8 7 5 2
1.9791 3.9701 5.0278 5.9798 8.0023 11.09
1.527 2.5295 2.0399 1.4855 2.0028 1.4386
5497 16
3 7 5 8 7 8 2 5
1.976 2.0421 2.9621 5.0038 6.0261 8.965 10.979 12.037
1.5031 2.0347 1.4647 1.967 1.4916 1.0875 1.5428 2.077
5498 16
3 7 5 8 7 8 2 5
2.0707 2.0078 3.0489 5.0276 6.0741 8.9948 10.971 11.967
1.5627 1.9506 1.459 2.0079 1.5253 1.0281 1.5183 1.9931
5499 16
3 7 5 8 7 8 2 5
2.0885 2.0516 2.9896 4.9344 6.0505 9.0735 10.926 12.043
1.4922 1.9696 1.5218 2.0462 1.44 1.02 1.5717 2.0526
5500 16
7 2 3 6 5 8 2 8
1.9086 4.0135 5.949 7.4449 7.9914 8.9324 10.861 12.044
2.0311 1.9732 1.4145 1.4692 1.9947 1.0425 1.5388 1.4568
5501 16
7 2 3 6 5 8 2 8
2.0274 4.0294 5.9506 7.5183 8.1508 9.034 10.957 11.992
1.9857 1.8624 1.4629 1.4768 1.9744 0.8707 1.4106 1.4597
5502 16
7 2 3 6 5 8 2 8
1.9521 3.969 5.9658 7.4869 7.9838 8.9274 10.993 11.934
2.053 2.0143 1.4585 1.5342 1.978 1.0057 1.4936 1.4978
