41
8525 16
4 5 6 2 6
0.6279 1.8193 3.4824 4.7496 5.5622
1.2503 1.1597 1.9872 1.0768 2.6867
8526 16
2 1 4 7
2.0352 8.1741 9.1066 13.588
2.9764 2.0201 2.4338 1.8231
8527 16
5 6 2 6 3 1 7 8
2.9548 4.2731 4.5034 9.5726 9.9325 10.895 11.819 11.948
1.7417 1.5069 1.4919 2.7923 1.142 2.0139 2.9784 2.8226
8528 16
5 3 2 2 8 2 4
1.3102 1.845 2.5213 4.8967 5.5887 12.265 14.2
2.2076 2.7925 1.9116 2.3454 2.2558 2.457 1.631
8529 16
5 1 2 8 1
0.59164 5.6203 11.209 12.716 13.493
1.7435 2.497 2.0341 2.008 1.6903
8530 16
1 4 3 7
1.9785 4.0244 5.9639 6.0024
1.498 2.5354 1.5796 1.4928
8531 16
1 4 3 7
1.9396 3.9159 6.0163 6.0198
1.4797 2.514 1.4898 1.5808
8532 16
1 4 3 7
1.9765 4.067 6.0122 5.9977
1.5849 2.4816 1.5513 1.5115
8533 16
1 4 3 7
1.9316 3.9747 5.9814 6.0728
1.5566 2.5428 1.3547 1.55
8534 16
2 6 2 8
4.0032 7.5324 8.0686 8.9997
2.0118 1.531 1.5013 0.94182
8535 16
2 6 2 8
4.0095 7.527 8.0754 9.0841
1.937 1.5 1.4709 0.99168
8536 16
2 6 2 8
4.0176 7.6058 8.0414 8.8917
1.9796 1.495 1.5349 1.0082
8537 16
2 6 2 8
4.0506 7.5089 7.9465 8.9867
1.9562 1.5282 1.4564 1.0304
8538 16
3 8 3 2 8 5
1.9531 4.9965 6.087 8.0405 8.9516 11.997
1.5066 2.1105 1.449 1.4876 0.95054 1.9894
8539 16
3 8 3 2 8 5
2.0866 5.011 6.021 8.0249 8.9694 11.994
1.4469 2.0565 1.5359 1.535 0.96263 2.0036
8540 16
3 8 3 2 8 5
2.0029 4.9878 5.8902 7.9131 9.0306 12.086
1.5847 1.9956 1.531 1.4909 0.95948 1.9767
8541 16
3 8 3 2 8 5
2.0487 5.0279 6.0501 8.0152 9.0514 12.046
1.509 1.995 1.4239 1.4796 0.9778 2.0149
8542 16
3 8 3 2 8 5
6.0314 9.0205 9.0049 11.04 11.998 12
1.4779 1.0267 1.5235 1.4942 1.5738 2.004
8543 16
3 8 3 2 8 5
6.0059 9.0471 8.9641 10.924 11.977 11.993
1.5 0.97443 1.5069 1.4846 1.5695 1.9104
8544 16
3 8 3 2 8 5
6.0824 8.9803 8.9775 10.943 11.968 11.958
1.4352 0.93126 1.5444 1.472 1.4547 2.0167
8545 16
3 8 3 2 8 5
5.9697 9.0187 8.9177 11.042 12.065 11.903
1.5595 0.96698 1.4739 1.6536 1.5074 2.0159
8546 16
4 8 1 2 3 8
3.9721 4.966 5.9545 7.9753 8.9903 12.054
2.4794 1.9415 1.9123 1.5479 1.4498 1.5039
8547 16
4 8 1 2 3 8
3.9513 5.1198 6.0811 7.9699 9.0571 11.966
2.4945 1.9724 1.9375 1.5719 1.5417 1.5623
8548 16
4 8 1 2 3 8
3.9626 4.9374 6.0886 7.9088 8.9565 12.034
2.538 2.134 2.1346 1.4592 1.4937 1.5309
8549 16
4 8 1 2 3 8
3.9265 5.0051 5.9048 7.9564 8.9284 11.972
2.5337 1.9012 2.0575 1.4863 1.5451 1.5107
8550 16
5 4 3 8 3 5
2.9748 4.0144 6.0155 9.003 9.0737 12.101
1.4422 2.5993 1.5515 0.90912 1.4996 1.9685
8551 16
5 4 3 8 3 5
3.055 4.1015 6.0197 8.9617 9.0543 12.038
1.4807 2.5127 1.4702 1.0121 1.5462 2.0685
8552 16
5 4 3 8 3 5
3.0139 3.9357 5.9266 8.9516 9.0821 12.082
1.4727 2.47 1.4524 0.99997 1.5287 1.8521
8553 16
5 4 3 8 3 5
2.9052 4.0391 6.0817 9.071 8.9608 12.038
1.5371 2.4305 1.5658 0.96925 1.4469 1.9549
8554 16
7 5 2 6 8 8
1.9788 2.97 3.9082 7.5255 9.0513 11.99
1.9252 1.5766 1.9843 1.4672 0.99827 1.5282
8555 16
7 5 2 6 8 8
1.9693 2.9959 4.0306 7.4558 9.0105 11.921
1.9316 1.6088 1.9587 1.5333 0.95721 1.5441
8556 16
7 5 2 6 8 8
1.9789 3.0274 3.9931 7.468 9.0054 11.948
1.9996 1.4584 1.9852 1.5105 0.96034 1.5149
8557 16
3 4 8 7 5 2
1.9922 3.9846 4.9817 5.9595 8.0246 11.027
1.5101 2.5974 2.0519 1.4922 1.9296 1.4306
8558 16
3 4 8 7 5 2
2.0499 4.0666 4.8853 6.0126 7.9988 10.982
1.447 2.4361 2.0024 1.5112 2.0824 1.4138
8559 16
3 4 8 7 5 2
2.0675 4.0034 4.9532 6.02 8.021 11.024
1.4115 2.4459 1.9442 1.582 2.01 1.5233
8560 16
3 7 5 8 7 8 2 5
1.9864 1.9603 3.0448 4.9331 6.0296 9.011 11.09 12.024
1.4502 1.9601 1.4925 2.0036 1.5958 0.93454 1.5033 2.0283
8561 16
3 7 5 8 7 8 2 5
2.0811 2.035 3.0329 5.0443 6.0502 9.0076 11.008 12.098
1.4615 2.0718 1.601 1.913 1.5515 0.99773 1.4451 1.9698
8562 16
3 7 5 8 7 8 2 5
1.9833 2.0584 3.0564 5.0136 6.031 8.8881 11.043 12.045
1.4628 2.0919 1.5362 2.0431 1.5513 1.0108 1.4058 1.9545
8563 16
7 2 3 6 5 8 2 8
2.0253 3.9893 6.0398 7.5389 7.9924 9.0102 11.067 11.849
2.0218 1.9613 1.4762 1.4457 1.9768 1.005 1.5889 1.6126
8564 16
7 2 3 6 5 8 2 8
2.0147 4.0511 6.0579 7.4555 8.095 9.0035 10.916 12.015
2.062 1.9687 1.4877 1.5758 1.9912 0.97673 1.4845 1.5194
8565 16
7 2 3 6 5 8 2 8
1.9228 3.9189 6.041 7.5119 8.0279 9.1524 10.996 11.946
2.0479 1.9784 1.5018 1.5526 2.0093 1.0661 1.4975 1.4855
