42
6133 16
5 8 7 8 3 4 6
0.82359 4.5191 4.8397 7.7446 10.204 10.252 10.586
1.9564 1.5429 1.6905 1.8261 2.3842 1.194 2.9975
6134 16
8 6 7 6
0.96434 0.96723 2.6301 2.8074
2.5108 1.5975 2.4186 2.0181
6135 16
1 3 1 4 5
3.1868 6.2385 6.6042 7.4418 8.072
1.1669 1.8786 1.2229 1.3295 1.9312
6136 16
7 3 1 8 6 6 7
3.8149 4.7094 5.5712 5.8242 9.5342 11.469 14.205
1.346 2.9171 1.9518 1.688 1.4437 1.3911 1.4914
6137 16
1 6 8 3 2 6 2 6
1.965 2.2615 4.8338 5.8917 7.3646 7.6411 11.423 12.002
2.9046 2.8744 1.3085 2.9147 1.8627 1.9572 1.7951 2.62
6138 16
1 4 3 7
2.0228 4.0006 6.036 6.0032
1.4523 2.4014 1.4101 1.5648
6139 16
1 4 3 7
2.0706 3.9525 6.068 5.9569
1.566 2.4871 1.5113 1.4803
6140 16
1 4 3 7
1.9556 4.0703 6.0502 5.9826
1.5425 2.5283 1.4809 1.476
6141 16
1 4 3 7
2.0811 3.9402 6.0453 5.9742
1.524 2.5286 1.3427 1.5199
6142 16
2 6 2 8
4.0172 7.4929 7.9938 9.0962
2.0489 1.4661 1.4675 1.1022
6143 16
2 6 2 8
3.9957 7.5563 8.0731 9.0159
1.9332 1.4226 1.5179 0.93906
6144 16
2 6 2 8
3.951 7.4799 7.9709 8.942
2.045 1.4461 1.456 0.98979
6145 16
2 6 2 8
3.9564 7.5226 8.0452 8.982
1.9851 1.5549 1.589 1.015
6146 16
3 8 3 2 8 5
1.9405 5.0379 5.9586 7.9489 8.9866 11.993
1.5054 1.9981 1.463 1.4471 0.97447 2.0511
6147 16
3 8 3 2 8 5
1.9852 4.9974 6.0194 8.0634 8.9551 11.998
1.4997 1.9587 1.4733 1.491 1.0464 2.0326
6148 16
3 8 3 2 8 5
2.0564 4.9745 5.9479 7.9584 8.9438 12.022
1.5591 1.9337 1.4835 1.5422 0.99963 2.0064
6149 16
3 8 3 2 8 5
2.0029 4.937 6.0188 7.9479 8.9569 12.085
1.4651 2.0109 1.5 1.5498 0.95168 2.0467
6150 16
3 8 3 2 8 5
5.935 8.9924 9.0306 11.042 11.982 12.01
1.5412 1.0506 1.5787 1.5035 1.5351 1.9434
6151 16
3 8 3 2 8 5
6.0791 8.9936 9.0202 10.976 11.941 12.041
1.5022 0.95755 1.4521 1.4585 1.4973 2.0609
6152 16
3 8 3 2 8 5
5.9893 9.0579 9.0893 10.966 12.028 11.95
1.5145 1.0601 1.5286 1.4546 1.4112 1.9018
6153 16
3 8 3 2 8 5
5.8921 9.0063 8.9622 11.009 11.968 11.994
1.5583 0.98731 1.5849 1.5013 1.496 1.969
6154 16
4 8 1 2 3 8
4.0524 4.9332 6.0773 7.9548 9.0082 11.939
2.5413 2.0566 1.9845 1.5021 1.4114 1.5131
6155 16
4 8 1 2 3 8
3.9739 4.9193 5.9953 8.0743 9.0143 11.994
2.5443 1.9945 1.9351 1.59 1.5093 1.4655
6156 16
4 8 1 2 3 8
4.0362 4.9121 5.9688 8.0302 9.0462 11.957
2.5961 1.9948 2.0658 1.4474 1.4863 1.5324
6157 16
4 8 1 2 3 8
4.0445 5.0437 5.9964 8.099 8.9788 11.964
2.5254 2.0338 2.0244 1.4036 1.4719 1.5
6158 16
5 4 3 8 3 5
3.0338 4.0077 5.9321 8.963 8.9458 12.072
1.4992 2.4764 1.4711 0.96832 1.5215 2.0577
6159 16
5 4 3 8 3 5
3.0116 3.9889 5.856 9.0317 9.02 12.024
1.5167 2.5154 1.4752 0.99597 1.5426 2.0402
6160 16
5 4 3 8 3 5
3.0837 4.0309 6.0658 9.0716 9.0512 12.028
1.5218 2.5417 1.5025 1.0858 1.5633 2.0012
6161 16
5 4 3 8 3 5
3.0114 4.0358 5.9229 9.0574 8.9788 12.028
1.5064 2.4475 1.5109 0.86227 1.3192 2.0548
6162 16
7 5 2 6 8 8
2.0136 3.0568 4.0333 7.5624 9.0472 11.949
2.0282 1.558 1.9088 1.4473 1.0458 1.4671
6163 16
7 5 2 6 8 8
2.0048 2.9953 4.0106 7.4552 9.0199 12.066
1.9678 1.4572 1.9692 1.5143 1.0096 1.5927
6164 16
7 5 2 6 8 8
1.9189 2.9562 3.9697 7.5088 9.0109 12.028
1.9364 1.5443 2.029 1.4898 0.94157 1.4535
6165 16
7 5 2 6 8 8
1.9543 3.0924 4.0483 7.5055 8.9257 11.951
2.0225 1.4663 2.0259 1.4141 0.96569 1.4611
6166 16
3 4 8 7 5 2
1.9719 3.9662 4.9961 5.9945 8.0265 10.97
1.4181 2.5631 1.9779 1.5303 1.9315 1.487
6167 16
3 4 8 7 5 2
2.0249 3.9253 4.9967 5.9195 8.0121 10.995
1.5204 2.3804 1.9888 1.5543 1.9698 1.4358
6168 16
3 4 8 7 5 2
2.013 3.9416 5.0521 6.0487 7.9749 10.929
1.4565 2.5101 2.063 1.4988 2.0344 1.4811
6169 16
3 7 5 8 7 8 2 5
1.9885 2.0059 3.028 5.0465 6.0073 9.0137 11.012 11.943
1.4713 1.9848 1.4582 2.0091 1.521 1.0144 1.5664 2.0112
6170 16
3 7 5 8 7 8 2 5
1.9668 2.0325 2.9941 5.0242 6.0747 8.9618 11.028 12.041
1.4476 1.9854 1.6041 1.914 1.5221 0.97414 1.5381 1.9483
6171 16
3 7 5 8 7 8 2 5
1.9433 2.0007 3.0828 5.0102 6.0113 9.0577 11.099 12.006
1.4149 1.9835 1.5832 2.0276 1.4991 1.0022 1.4776 2.036
6172 16
7 2 3 6 5 8 2 8
2.0391 4.0444 6.0544 7.505 8.0179 9.0095 11.014 12.003
1.9318 1.9712 1.4918 1.493 1.9461 1.034 1.5012 1.608
6173 16
7 2 3 6 5 8 2 8
1.9846 4.0657 5.9729 7.4606 8.0562 9.0608 11.029 12.035
2.0131 2.0344 1.5774 1.5345 2.0285 1.005 1.4946 1.5757
6174 16
7 2 3 6 5 8 2 8
1.9739 3.9483 6.0662 7.4707 8.1243 9.0064 10.966 12.024
1.9326 2.0248 1.4424 1.5059 1.8962 1.0776 1.5581 1.4856
