42
4327 16
1 6 8 6 5
4.2262 5.8218 9.0268 9.7915 11.442
2.9331 2.6982 2.6832 2.701 2.4186
4328 16
2 6 2 6 3 7 4 5
1.0322 2.3867 5.0566 9.7003 11.708 12.68 13.407 14.06
2.2039 2.036 2.364 2.8104 2.9554 1.8774 2.4252 1.8507
4329 16
5 4 3 1 6
0.95415 7.5598 8.1633 10.613 11.991
1.5465 2.4547 1.024 1.6772 2.1022
4330 16
8 7 6 2 7 1 2
2.0573 3.6253 5.3792 11.045 13.078 13.936 14.583
2.4161 1.4613 2.8029 2.2847 2.526 1.5807 1.2307
4331 16
6 3 5 1
3.8443 4.7644 5.9402 8.0516
2.6148 1.9412 1.0839 2.7037
4332 16
1 4 3 7
2.0218 4.0645 6.1055 5.9562
1.4772 2.431 1.4153 1.5274
4333 16
1 4 3 7
2.0045 3.9696 5.9804 6.0509
1.513 2.4476 1.3909 1.4814
4334 16
1 4 3 7
2.0384 4.1618 5.9347 6.0681
1.5317 2.4835 1.584 1.5674
4335 16
1 4 3 7
2.0344 4.0515 6.0347 5.9686
1.5627 2.5062 1.499 1.5635
4336 16
2 6 2 8
3.9832 7.4753 8.0103 8.9116
1.9921 1.5146 1.5083 0.9027
4337 16
2 6 2 8
4.002 7.3747 7.9363 9.0301
1.9902 1.4161 1.5563 1.0807
4338 16
2 6 2 8
4.0353 7.4696 8.057 8.895
2.029 1.5114 1.5935 1.0013
4339 16
2 6 2 8
4.0046 7.4369 7.9622 9.0254
1.9172 1.4924 1.5545 0.99384
4340 16
3 8 3 2 8 5
2.041 5.0804 6.0717 8.0453 8.948 12.048
1.5193 2.0178 1.5401 1.5715 0.92169 1.969
4341 16
3 8 3 2 8 5
2.0974 5.0088 5.9861 7.9843 8.863 12.068
1.4478 1.9281 1.6092 1.534 1.1041 1.8707
4342 16
3 8 3 2 8 5
2.0549 4.897 6.047 7.9011 9.0274 11.965
1.3853 2.0651 1.5743 1.5899 1.0073 2.0503
4343 16
3 8 3 2 8 5
1.9722 5.0729 5.9681 7.9633 9.0265 12.014
1.4602 2.0107 1.5113 1.4485 1.0256 1.9177
4344 16
3 8 3 2 8 5
5.9211 8.939 9.0085 11.054 12.077 11.994
1.4717 0.9666 1.4455 1.5598 1.5359 1.9449
4345 16
3 8 3 2 8 5
6.0483 8.9617 9.0175 10.951 11.988 11.958
1.508 0.97099 1.5299 1.5791 1.4839 1.9167
4346 16
3 8 3 2 8 5
5.9603 9.0064 9.0034 11.052 11.972 12.056
1.4817 1.0664 1.408 1.5255 1.5146 2.0406
4347 16
3 8 3 2 8 5
6.0496 9.0698 9.0109 11.02 11.972 11.943
1.4773 1.0648 1.4751 1.4504 1.4855 2.0083
4348 16
4 8 1 2 3 8
3.9396 5.022 5.9483 7.9813 9.1156 11.993
2.5543 2.0659 2.059 1.4759 1.6076 1.4727
4349 16
4 8 1 2 3 8
3.8948 5.0353 5.956 8.0347 9.0481 11.995
2.4832 2.0613 2.0233 1.5118 1.5559 1.5069
4350 16
4 8 1 2 3 8
3.9 5.0379 6.0034 8.0539 8.9949 12.021
2.5558 2.0445 2.0409 1.4893 1.5321 1.5095
4351 16
4 8 1 2 3 8
3.9192 4.9842 5.9613 7.9127 9.0443 11.909
2.4615 1.9217 2.0359 1.5308 1.505 1.5439
4352 16
5 4 3 8 3 5
2.8623 4.0029 6.0434 8.9177 9.1199 11.905
1.549 2.573 1.5286 0.98506 1.4229 2.0367
4353 16
5 4 3 8 3 5
3.0223 4.0153 5.8973 8.9722 9.0147 12.063
1.526 2.5305 1.519 0.98778 1.4848 2.0509
4354 16
5 4 3 8 3 5
3.0488 3.9051 6.0481 8.914 9.0038 11.982
1.5271 2.5394 1.5489 0.95046 1.5894 2.03
4355 16
5 4 3 8 3 5
3.0589 4.001 5.9784 9.0244 9.0163 12.15
1.577 2.5306 1.514 0.96912 1.5709 1.9673
4356 16
7 5 2 6 8 8
1.8995 3.0124 4.0307 7.4397 9.0205 11.893
2.0351 1.4436 2.1035 1.4775 1.0032 1.445
4357 16
7 5 2 6 8 8
2.0198 3.0516 3.9778 7.5986 8.9633 11.903
2.0493 1.5276 1.9702 1.554 1.1925 1.4709
4358 16
7 5 2 6 8 8
2.0041 3.0657 4.0289 7.584 8.9534 11.953
2.0494 1.5442 1.9806 1.5715 0.92965 1.488
4359 16
7 5 2 6 8 8
2.0431 2.9712 3.9698 7.4766 9.0055 12.037
2.0013 1.4596 2.0771 1.4658 1.0544 1.5693
4360 16
3 4 8 7 5 2
1.9244 3.988 5.0214 5.9698 8.013 10.938
1.5367 2.5471 1.958 1.582 1.9659 1.5039
4361 16
3 4 8 7 5 2
1.9748 3.8926 5.0139 6.0147 8.0308 10.936
1.5543 2.546 2.0091 1.5156 1.9997 1.5156
4362 16
3 4 8 7 5 2
1.9734 3.9528 5.0863 5.9464 8.0358 11.079
1.4721 2.6036 1.942 1.5033 2.1311 1.4684
4363 16
3 7 5 8 7 8 2 5
2.0431 1.9787 2.938 4.9475 6.0641 9.0995 11.018 11.993
1.4997 2.0046 1.4725 1.953 1.4335 1.0332 1.5421 1.9346
4364 16
3 7 5 8 7 8 2 5
2.014 1.9902 2.9608 4.9855 6.0666 9.03 10.956 12.051
1.4852 2.0128 1.4821 2.0198 1.4794 0.95353 1.4348 1.9533
4365 16
3 7 5 8 7 8 2 5
1.9435 2.0141 2.9931 4.9705 5.9561 8.9793 10.892 12.017
1.5517 1.8977 1.529 2.0293 1.4856 1.0814 1.4387 1.9725
4366 16
7 2 3 6 5 8 2 8
2.0458 4.0128 6.0216 7.48 7.9541 8.9421 10.946 12.023
1.9926 1.9909 1.5067 1.4668 1.9995 0.94859 1.514 1.4336
4367 16
7 2 3 6 5 8 2 8
2.0403 4.0693 6.0202 7.5324 7.9892 8.9789 11.019 11.943
2.0461 2.0243 1.5174 1.4962 2.0188 1.0828 1.5378 1.4871
4368 16
7 2 3 6 5 8 2 8
2.0793 3.9957 5.9951 7.5707 8.0068 9.0854 10.99 12.072
2.036 1.9626 1.4788 1.5459 1.9792 0.93214 1.4396 1.5452
