41
9304 16
2 7 6 8
5.2739 10.664 12.265 13.289
2.1631 2.3941 2.2674 2.5443
9305 16
5 8 5 3 1 2 5 2
0.19718 4.2115 5.8846 8.1555 9.8492 10.088 10.196 13.861
1.7682 1.3278 2.0876 1.7431 1.343 2.1574 2.9864 2.1174
9306 16
3 8 2 2
0.49697 9.0041 12.982 14.176
2.9466 2.8709 1.1642 1.1779
9307 16
4 3 5 4 1 3 8
6.0524 7.6149 8.2974 10.291 10.402 10.972 11.626
1.8266 2.94 2.5132 2.9447 2.0126 1.7332 2.7787
9308 16
8 2 2 5
6.68 9.0704 11.5 12.441
2.6543 2.1308 1.0034 2.0844
9309 16
1 4 3 7
1.9989 4.0251 5.9127 6.0062
1.5306 2.4542 1.5022 1.4992
9310 16
1 4 3 7
1.9841 4.0762 6.1058 5.974
1.5707 2.5227 1.4674 1.4634
9311 16
1 4 3 7
2.0231 3.9936 6.0235 6.0245
1.4346 2.5384 1.557 1.5509
9312 16
1 4 3 7
2.0892 3.9847 6.0958 6.0319
1.4842 2.5141 1.4482 1.473
9313 16
2 6 2 8
4.0094 7.4277 8.0938 8.9891
1.9841 1.4645 1.5424 0.96278
9314 16
2 6 2 8
3.9361 7.5372 8.0443 8.9773
1.9767 1.4871 1.5173 1.063
9315 16
2 6 2 8
3.9718 7.4749 8.0019 9.0417
1.9856 1.5031 1.4451 0.95616
9316 16
2 6 2 8
3.9946 7.4835 7.9643 8.9746
1.9185 1.4293 1.557 0.99471
9317 16
3 8 3 2 8 5
1.9209 5.0485 5.9863 8.0138 8.9587 12.037
1.5418 1.9506 1.4965 1.4884 0.94873 1.9842
9318 16
3 8 3 2 8 5
1.8937 4.8442 5.9412 7.9478 9.0257 11.951
1.501 2.0813 1.4578 1.4857 1.0225 1.9679
9319 16
3 8 3 2 8 5
2.01 4.9535 6.0102 8.0117 8.956 12.086
1.5767 1.9548 1.4647 1.4946 0.97389 1.9086
9320 16
3 8 3 2 8 5
2.0266 5.0259 5.9919 8.0811 9.0068 11.958
1.4534 1.9233 1.5032 1.4795 0.98108 1.8878
9321 16
3 8 3 2 8 5
6.0516 9.0678 8.9624 10.989 12.024 11.943
1.5101 0.92752 1.4992 1.4719 1.5015 2.0284
9322 16
3 8 3 2 8 5
5.8943 8.976 9.0279 11.065 12.035 11.943
1.5555 0.93861 1.3771 1.4515 1.4336 2.0042
9323 16
3 8 3 2 8 5
5.9441 8.9576 9.0205 10.981 12.017 11.981
1.4184 0.98549 1.5051 1.5011 1.5483 2.0343
9324 16
3 8 3 2 8 5
6.015 8.9905 8.983 10.924 12.004 11.921
1.4672 0.9941 1.4837 1.4647 1.5261 2.0453
9325 16
4 8 1 2 3 8
3.9566 5.0028 5.9879 8.0477 9.0144 11.931
2.4423 2.0178 1.9738 1.5163 1.4681 1.5126
9326 16
4 8 1 2 3 8
4.0124 5.0021 5.9685 8.0323 9.0547 11.989
2.5991 1.965 1.9846 1.4713 1.4669 1.583
9327 16
4 8 1 2 3 8
3.9544 5.0454 6.0174 8.0777 8.9703 11.953
2.325 1.9755 1.9527 1.4671 1.52 1.55
9328 16
4 8 1 2 3 8
4.0561 4.9441 6.0433 7.9764 9.0086 11.932
2.4827 1.983 2.0042 1.4939 1.4407 1.45
9329 16
5 4 3 8 3 5
2.9906 3.9827 6.0472 8.9915 8.9751 12.065
1.5122 2.5384 1.393 1.0208 1.553 1.9643
9330 16
5 4 3 8 3 5
3.0239 4.0126 5.9749 8.9465 8.9634 12.017
1.4953 2.5371 1.508 1.0309 1.4165 1.954
9331 16
5 4 3 8 3 5
3.0811 4.0302 5.9665 8.959 9.0236 11.988
1.6064 2.4124 1.5664 0.98934 1.5573 1.9615
9332 16
5 4 3 8 3 5
2.935 3.9855 5.9068 9.0288 9.0665 11.919
1.5382 2.5 1.494 1.0025 1.4606 2.0635
9333 16
7 5 2 6 8 8
2.004 2.9509 4.0114 7.4491 8.9374 11.96
2.0132 1.5515 2.023 1.5095 1.0377 1.4921
9334 16
7 5 2 6 8 8
2.0245 3.0941 4.0379 7.4517 8.9472 12.013
1.961 1.466 1.928 1.5753 0.96449 1.5005
9335 16
7 5 2 6 8 8
1.9039 3.0637 4.0177 7.5074 8.9739 11.935
1.9915 1.5709 2.041 1.561 0.92014 1.4478
9336 16
3 4 8 7 5 2
1.9977 3.9376 4.9466 5.9798 7.9841 11.04
1.5775 2.5032 1.9895 1.5334 1.9417 1.5077
9337 16
3 4 8 7 5 2
1.9908 3.9481 4.9773 5.9389 7.9828 11.012
1.4304 2.4775 1.9606 1.5168 1.9163 1.4757
9338 16
3 4 8 7 5 2
1.9532 4.0146 4.9067 6.0472 7.9665 11.062
1.5142 2.5407 2.0175 1.4855 1.9708 1.4269
9339 16
3 7 5 8 7 8 2 5
1.9753 2.0046 2.9953 5.0174 6.0869 9.0234 10.976 11.994
1.5559 1.9962 1.5841 1.9834 1.5327 1.005 1.4896 1.998
9340 16
3 7 5 8 7 8 2 5
2.0295 1.9462 2.9027 5.0233 6.0478 9.092 11.02 11.982
1.4756 1.9617 1.5486 1.9828 1.5072 0.98458 1.5032 1.9787
9341 16
3 7 5 8 7 8 2 5
1.996 2.0954 2.9741 4.9277 6.0181 8.9981 11.094 11.992
1.4802 2.019 1.5407 2.0129 1.4836 1.091 1.5288 2.0801
9342 16
7 2 3 6 5 8 2 8
1.9602 4.0053 6.0523 7.6146 7.9947 9.0727 10.979 11.994
2.0506 1.9691 1.4861 1.6164 2.0133 0.91032 1.4271 1.488
9343 16
7 2 3 6 5 8 2 8
2.0689 3.9605 5.9771 7.4961 8.0335 9.067 10.976 11.936
2.0698 2.0229 1.4477 1.5456 2.0119 0.98556 1.5005 1.479
9344 16
7 2 3 6 5 8 2 8
2.0108 4.0615 5.9723 7.4821 8.0169 8.9602 11.08 11.912
1.9979 2.0388 1.5814 1.4968 2.0157 0.95683 1.5317 1.4886
