42
6301 16
1 3 6 5 4 4 2 5
0.91221 1.5445 5.1329 7.398 7.8951 9.8515 11.748 12.009
2.7371 1.65 1.131 1.7521 1.5753 2.3703 1.7975 1.1919
6302 16
3 6 1 4 6 2 5
4.4634 6.9937 7.856 8.9701 10.039 10.761 12.582
2.1316 2.2905 2.4976 1.836 2.3833 2.2703 1.0311
6303 16
4 6 5 4 3 4 8
2.0504 5.2822 5.6428 7.5281 11.124 12.32 13.856
2.6253 1.1977 1.5323 2.9983 1.7786 1.0105 1.5181
6304 16
6 4 5 6
2.4896 6.3149 7.7167 12.189
2.583 1.3718 2.0519 2.7876
6305 16
5 3 2 4 8 7 7
0.82125 1.7227 2.2343 3.4585 8.4504 8.9729 11.567
2.3465 2.6876 2.8493 1.4664 2.2288 2.5258 1.4603
6306 16
1 4 3 7
1.9892 4.086 6.0935 6.0305
1.4257 2.5464 1.4499 1.5225
6307 16
1 4 3 7
1.9906 4.0003 5.9817 5.9232
1.4913 2.4761 1.5498 1.5762
6308 16
1 4 3 7
2.0663 4.0668 6.044 6.0454
1.3934 2.5167 1.498 1.5623
6309 16
1 4 3 7
1.8746 4.0824 5.9823 6.055
1.5401 2.4683 1.3887 1.4726
6310 16
2 6 2 8
3.9698 7.4508 8.0152 9.0106
2.075 1.5093 1.4885 1.0207
6311 16
2 6 2 8
4.0142 7.5246 8.014 8.9595
1.9916 1.459 1.4126 1.0446
6312 16
2 6 2 8
3.9867 7.5788 8.0922 9.0207
1.971 1.5457 1.5154 1.0379
6313 16
2 6 2 8
4.0382 7.5173 8.0449 8.9338
1.9633 1.4842 1.602 0.99942
6314 16
3 8 3 2 8 5
1.965 4.9901 5.9895 7.9888 8.9881 12.025
1.5506 2.0253 1.4487 1.5414 1.0211 2.0251
6315 16
3 8 3 2 8 5
2.0151 4.9798 6.0675 8.0911 9.0305 11.936
1.535 1.9996 1.5442 1.5246 1.0162 2.0735
6316 16
3 8 3 2 8 5
2.0016 4.9576 6.0627 7.999 8.9941 12.043
1.4248 2.0424 1.3959 1.536 1.0232 1.9516
6317 16
3 8 3 2 8 5
2.0074 5.0097 6.0285 7.929 8.9781 12.02
1.4412 1.9511 1.5154 1.5601 1.0054 1.9398
6318 16
3 8 3 2 8 5
6.0703 8.9614 8.961 10.952 12.04 11.928
1.4469 1.0256 1.481 1.5441 1.4707 2.0657
6319 16
3 8 3 2 8 5
5.97 8.9803 9.0251 10.962 11.961 12.007
1.4804 0.97967 1.5247 1.4547 1.497 2.0804
6320 16
3 8 3 2 8 5
6.0428 8.9854 8.9891 11.054 12.028 12.035
1.5497 1.0487 1.5487 1.574 1.3949 1.8839
6321 16
3 8 3 2 8 5
5.9735 9.0042 8.9863 10.957 12.107 11.973
1.5201 1.0381 1.4804 1.4796 1.528 1.974
6322 16
4 8 1 2 3 8
3.9856 5.0218 6.0411 8.0382 8.957 11.921
2.4341 2.0142 1.9527 1.4459 1.4872 1.4918
6323 16
4 8 1 2 3 8
3.9718 4.9291 5.9802 8.002 9.0389 12.043
2.5543 2.0539 2.018 1.3818 1.4912 1.5375
6324 16
4 8 1 2 3 8
3.9522 4.9969 5.976 8.0748 9.0099 11.97
2.5232 2.0257 2.0764 1.4626 1.5289 1.5755
6325 16
4 8 1 2 3 8
4.1153 5.0714 5.9794 7.9874 8.9497 11.992
2.4852 1.9349 1.9851 1.5138 1.5117 1.5047
6326 16
5 4 3 8 3 5
3.0041 3.9741 5.9594 8.9833 9.011 12.057
1.4431 2.5012 1.4626 1.0303 1.5655 2.061
6327 16
5 4 3 8 3 5
3.0778 3.9795 6.0128 9.0288 8.9811 12.09
1.4871 2.5301 1.5577 0.93896 1.4793 2.044
6328 16
5 4 3 8 3 5
3.0323 3.989 5.9427 9.0285 9.0277 11.978
1.497 2.5879 1.5229 1.031 1.4194 2.0389
6329 16
5 4 3 8 3 5
3.0773 3.9336 5.983 9.0539 8.936 11.999
1.5763 2.5723 1.4763 1.0336 1.4382 1.9232
6330 16
7 5 2 6 8 8
1.9631 2.978 3.9975 7.489 8.952 12.102
2.0803 1.5124 1.9759 1.5405 1.031 1.4639
6331 16
7 5 2 6 8 8
2.0138 3.042 3.992 7.4105 9.0915 12.005
1.9812 1.5352 1.9825 1.4651 1.0227 1.4871
6332 16
7 5 2 6 8 8
2.0722 2.9288 3.9608 7.5214 9.0245 12.006
1.9916 1.541 2.0204 1.5694 0.98837 1.5003
6333 16
7 5 2 6 8 8
2.0123 3.0291 4.0112 7.5116 9.0063 12.074
1.9838 1.449 2.0021 1.5276 0.97635 1.4929
6334 16
3 4 8 7 5 2
1.9967 3.9634 5.048 6.0499 8.0572 11.112
1.4924 2.4734 1.9396 1.4808 2.0921 1.5322
6335 16
3 4 8 7 5 2
1.978 3.9808 4.9436 6.0641 8.0023 11.066
1.4413 2.5194 2.0316 1.4091 1.9604 1.4442
6336 16
3 4 8 7 5 2
2.0273 3.9805 5.0001 5.9172 7.8704 11.015
1.5245 2.5876 1.9754 1.5746 1.971 1.4269
6337 16
3 7 5 8 7 8 2 5
1.9015 2.0131 2.8958 4.9466 6.0695 9.0543 11.008 12.013
1.4549 2.0099 1.5496 2.0903 1.4399 0.96096 1.5244 2.0168
6338 16
3 7 5 8 7 8 2 5
2.0212 2.0073 3.0327 4.9741 5.9734 8.9584 11.011 11.99
1.5139 2.1033 1.4267 2.0238 1.4027 0.93598 1.5033 2.0476
6339 16
3 7 5 8 7 8 2 5
2.1121 1.9021 3.0065 4.996 6.0693 9.0315 11.018 12.059
1.4807 1.9551 1.4796 2.0286 1.4171 1.0011 1.4569 1.9637
6340 16
7 2 3 6 5 8 2 8
2.0647 4.0532 5.9739 7.433 8.0036 8.9703 11.029 11.96
1.9673 2.0367 1.543 1.4379 1.9563 0.94321 1.5142 1.5472
6341 16
7 2 3 6 5 8 2 8
1.9946 3.9228 6.0177 7.4202 7.9656 9.015 11.003 11.9
2.0039 1.9938 1.5328 1.4685 1.9196 0.96769 1.4576 1.5578
6342 16
7 2 3 6 5 8 2 8
1.9891 3.9773 6.0091 7.4675 7.9531 8.9154 11.03 12.004
2.0129 2.0494 1.5866 1.4752 1.9692 0.99181 1.5391 1.4991
