42
3907 16
8 1 7 7 5
0.3958 2.6247 4.6253 8.0096 12.265
2.719 2.6174 1.388 2.4798 2.123
3908 16
3 4 1 8 6
0.2628 2.9031 4.9404 7.9317 8.8459
1.9304 2.5334 1.7115 2.4005 1.4535
3909 16
3 2 4 5 7 7
7.0067 7.9753 9.2456 9.6346 9.8447 12.626
1.5745 2.4091 2.4345 1.2375 1.4718 1.3343
3910 16
7 4 5 2 5 8 7 5
0.10973 0.3405 1.0367 1.7908 8.3185 9.0502 12.041 13.413
2.7088 2.2987 1.7767 2.5837 1.8707 1.3859 2.4299 2.396
3911 16
3 8 2 2 7 6 1
1.6912 2.1226 3.0292 7.0831 8.3227 9.4093 13.711
2.4395 1.0465 1.9528 2.418 1.6159 2.1576 1.4323
3912 16
1 4 3 7
2.0274 4.0557 6.0507 5.9933
1.5185 2.4861 1.5649 1.5138
3913 16
1 4 3 7
2.0257 4.0582 5.9636 5.9493
1.5827 2.5175 1.5403 1.4956
3914 16
1 4 3 7
1.9104 4.0836 5.9977 5.9891
1.5339 2.4961 1.46 1.4949
3915 16
1 4 3 7
2.0079 3.9112 5.9241 5.9766
1.468 2.4739 1.4293 1.4869
3916 16
2 6 2 8
4.0075 7.5131 7.9563 9.0544
2.0174 1.5298 1.3937 0.99447
3917 16
2 6 2 8
4.0967 7.5785 7.9283 8.9727
1.9478 1.4991 1.5275 1.0506
3918 16
2 6 2 8
4.0204 7.4137 8.0755 9.0303
1.9377 1.5607 1.5282 1.0475
3919 16
2 6 2 8
3.9803 7.4285 7.9124 9.0784
2.0593 1.4667 1.483 0.95653
3920 16
3 8 3 2 8 5
1.8498 5.0013 6.012 8.1084 9.07 12.041
1.5005 2.0054 1.4232 1.3848 1.0515 1.9556
3921 16
3 8 3 2 8 5
1.9481 5.0227 6.0266 8.0423 8.9958 11.998
1.5461 2.0116 1.4741 1.5428 0.98291 1.9444
3922 16
3 8 3 2 8 5
2.0118 5.0256 6.003 7.9436 8.9704 12.034
1.4944 1.9811 1.5865 1.5176 0.95154 2.0568
3923 16
3 8 3 2 8 5
2.0205 5.0277 6.1069 8.0389 8.9791 11.971
1.5294 1.9614 1.4152 1.52 0.99215 2.1205
3924 16
3 8 3 2 8 5
6.009 9.0578 9.0358 11.017 11.962 11.881
1.5022 0.99472 1.5436 1.5586 1.4646 1.995
3925 16
3 8 3 2 8 5
6.0014 9.008 9.0441 11.111 12.086 12.064
1.4677 0.92327 1.4589 1.4147 1.4119 1.9991
3926 16
3 8 3 2 8 5
6.0813 8.9677 9.1062 11.01 11.988 12.046
1.5242 1.1039 1.4406 1.5151 1.514 1.9653
3927 16
3 8 3 2 8 5
5.974 9.0552 9.0449 10.951 12.061 12.08
1.5247 0.93543 1.4967 1.374 1.4935 2.0097
3928 16
4 8 1 2 3 8
4.0092 5.0753 5.9325 8.013 9.0215 12.011
2.5953 2.0497 1.9741 1.4569 1.6079 1.4316
3929 16
4 8 1 2 3 8
4.0898 5.0607 5.9177 8.0217 8.9885 12.01
2.5006 2.0495 1.9852 1.5883 1.5571 1.5027
3930 16
4 8 1 2 3 8
3.9438 4.9944 5.998 7.9717 8.9915 11.889
2.4171 1.9674 1.9498 1.5164 1.4864 1.5282
3931 16
4 8 1 2 3 8
3.9885 4.9544 5.9322 7.995 9.0292 11.986
2.4995 2.0777 2.0155 1.5721 1.6244 1.3876
3932 16
5 4 3 8 3 5
2.9698 4.0003 6.0706 8.897 9.0008 12.04
1.4656 2.4489 1.5559 1.0608 1.5669 1.9877
3933 16
5 4 3 8 3 5
2.9305 4.0399 5.9546 9.0076 9.071 11.995
1.5767 2.5533 1.4929 1.0114 1.4447 1.9677
3934 16
5 4 3 8 3 5
2.9935 4.0188 5.9863 8.9532 9.0271 12.034
1.5311 2.4894 1.5854 0.95718 1.4774 2.0223
3935 16
5 4 3 8 3 5
2.9855 4.0307 6.0585 9.0151 8.9768 11.936
1.5299 2.6181 1.4273 0.88763 1.4577 1.9832
3936 16
7 5 2 6 8 8
2.0479 3.0706 3.9544 7.529 8.9902 12.028
2.0035 1.4541 2.119 1.5299 1.0438 1.5298
3937 16
7 5 2 6 8 8
2.0241 2.9425 3.9457 7.413 8.992 12.007
2.0109 1.533 2.0646 1.5062 0.94772 1.5069
3938 16
7 5 2 6 8 8
2.0416 2.9453 3.949 7.3999 8.9101 12.003
2.0365 1.54 2.0219 1.5437 0.92564 1.554
3939 16
7 5 2 6 8 8
2.0282 3.033 3.8586 7.5136 8.9678 12.021
2.0933 1.5478 2.1159 1.5477 1.0709 1.5328
3940 16
3 4 8 7 5 2
1.9662 4.0359 5.0655 6.0146 8.0439 11.031
1.5091 2.4251 2.0843 1.5552 1.9913 1.3746
3941 16
3 4 8 7 5 2
2.0947 3.9943 4.9616 6.014 7.9523 11.048
1.5052 2.6666 1.935 1.4981 1.9706 1.4388
3942 16
3 4 8 7 5 2
1.9846 4.0093 4.9469 6.0253 8.0457 11.034
1.5027 2.5139 2.0366 1.502 2.0461 1.5193
3943 16
3 7 5 8 7 8 2 5
2.0218 2.0233 2.89 5.0644 6.0276 9.0353 11.06 11.916
1.5552 1.9886 1.506 2.0281 1.5039 1.0235 1.4691 2.0053
3944 16
3 7 5 8 7 8 2 5
1.9858 2.0342 3.0396 5.039 5.9201 8.9872 10.998 12.029
1.4606 2.0024 1.4416 2.0484 1.495 1.0262 1.5051 1.9537
3945 16
3 7 5 8 7 8 2 5
2.0012 2.0587 3.0699 5.016 5.9732 8.9169 10.934 12.032
1.5695 1.9639 1.5872 2.0908 1.438 0.90867 1.3964 1.9143
3946 16
7 2 3 6 5 8 2 8
2.0614 4.0052 6.0132 7.5217 8.0019 8.9803 11.036 11.965
1.9947 2.0485 1.5163 1.5534 1.9831 0.96364 1.4762 1.4951
3947 16
7 2 3 6 5 8 2 8
1.9335 3.9787 5.9988 7.4746 7.9543 8.9614 10.949 11.909
1.8935 1.9868 1.5358 1.4787 1.9661 0.95524 1.4325 1.5492
3948 16
7 2 3 6 5 8 2 8
1.9966 3.9885 5.9948 7.535 7.9822 9.0925 10.97 11.988
1.9097 1.9706 1.4453 1.531 2.0325 1.0165 1.435 1.5264
