42
3823 16
1 7 8 5
1.1509 2.4547 4.4852 4.6679
1.9689 2.1282 2.7938 2.8558
3824 16
4 1 6 5 3 7 7 6
1.9167 2.2245 4.1691 4.704 5.3898 5.6102 7.3003 9.9986
2.151 2.7241 2.8019 1.176 2.3574 1.1291 2.4879 2.6141
3825 16
3 1 5 2 5 2
5.8366 8.4752 8.9051 9.7301 10.366 12.063
2.9113 2.5322 1.3323 2.1527 2.1021 1.7878
3826 16
4 4 6 8 5 6
0.62346 3.7312 3.879 8.5009 8.6274 13.869
2.5696 1.2455 1.9055 2.2236 2.3344 2.0298
3827 16
3 8 4 7
1.2056 2.7689 6.6713 7.7422
2.6507 1.7087 2.4516 2.0099
3828 16
1 4 3 7
1.9695 3.9634 6.0444 6.0714
1.5101 2.5202 1.5192 1.4923
3829 16
1 4 3 7
1.9446 3.9874 6.0022 6.1025
1.5127 2.433 1.4731 1.456
3830 16
1 4 3 7
1.9709 3.9736 6.0676 6.0302
1.4491 2.5192 1.5181 1.4527
3831 16
1 4 3 7
2.062 4.1189 6.0428 6.067
1.5473 2.4653 1.5459 1.4884
3832 16
2 6 2 8
4.0458 7.4987 7.9684 8.9902
1.9755 1.5373 1.5099 1.0398
3833 16
2 6 2 8
4.0635 7.5058 7.9344 9.0238
1.9847 1.6116 1.4741 1.0248
3834 16
2 6 2 8
4.1071 7.5707 8.0147 8.9772
2.0458 1.4772 1.4872 1.0429
3835 16
2 6 2 8
4.0224 7.5005 7.9133 9.0085
1.9936 1.5945 1.5246 1.0194
3836 16
3 8 3 2 8 5
2.0139 4.9892 6.0365 7.9893 8.9827 12.041
1.5181 1.9234 1.4211 1.4878 1.0014 1.9804
3837 16
3 8 3 2 8 5
2.0583 4.9891 6.0125 8.015 8.968 12.013
1.4977 2.0075 1.4963 1.4652 0.95388 1.9554
3838 16
3 8 3 2 8 5
2.0013 5.0057 5.9547 8.016 8.9409 11.986
1.3716 1.9968 1.5443 1.463 0.98886 2.0584
3839 16
3 8 3 2 8 5
1.9714 4.9691 6.0649 8.0027 9.017 11.99
1.4272 2.0139 1.5206 1.4609 1.051 2.005
3840 16
3 8 3 2 8 5
5.9768 9.0388 9.0091 10.989 12.034 11.965
1.5669 0.9967 1.6 1.4889 1.501 2.0513
3841 16
3 8 3 2 8 5
5.9624 9.0108 8.9976 11.042 11.988 11.997
1.5016 0.973 1.59 1.4829 1.4786 1.9684
3842 16
3 8 3 2 8 5
6.0541 9.0161 9.0194 11.012 11.977 12.046
1.4571 1.0747 1.5553 1.4661 1.4882 2.0093
3843 16
3 8 3 2 8 5
6.0069 8.9619 8.9975 10.935 12.023 11.957
1.4687 1.0074 1.4265 1.4527 1.5138 1.9524
3844 16
4 8 1 2 3 8
4.0216 4.9445 5.9826 8.0565 8.9547 11.972
2.5439 2.0792 2.0439 1.4854 1.4583 1.5099
3845 16
4 8 1 2 3 8
3.9796 4.9782 6.0439 8.0349 9.0851 12.017
2.5912 2.0124 1.9183 1.5079 1.508 1.475
3846 16
4 8 1 2 3 8
3.9124 5.0191 5.9514 7.9621 9.108 11.921
2.47 1.9773 2.0206 1.5399 1.483 1.5021
3847 16
4 8 1 2 3 8
4.025 5.0438 5.9623 8.0126 8.9935 12.053
2.5363 1.9932 2.0754 1.5302 1.454 1.5303
3848 16
5 4 3 8 3 5
3.0229 3.9283 5.9847 9.0165 8.9304 11.981
1.5383 2.5293 1.5297 0.97719 1.541 1.9507
3849 16
5 4 3 8 3 5
3.0604 4.013 6.0027 9.0021 9.0051 11.911
1.5073 2.4908 1.4725 1.0164 1.5574 2.0093
3850 16
5 4 3 8 3 5
3.0895 3.9333 6.034 9.0492 8.9979 12.124
1.4568 2.4857 1.4523 0.9939 1.4588 2.0236
3851 16
5 4 3 8 3 5
3.045 3.9073 5.9633 8.9782 9.1038 12.004
1.4686 2.4314 1.4709 1.0469 1.5342 1.9088
3852 16
7 5 2 6 8 8
1.9269 3.0661 4.0171 7.5243 8.9895 11.906
1.9857 1.538 1.9467 1.4446 1.0279 1.4333
3853 16
7 5 2 6 8 8
1.9988 2.9394 4.0575 7.5567 8.9687 11.993
1.9466 1.5276 1.9215 1.5547 1.0015 1.4964
3854 16
7 5 2 6 8 8
2.0271 3.0401 4.0046 7.3737 9.0035 11.945
1.9519 1.539 2.0092 1.5559 0.961 1.5326
3855 16
7 5 2 6 8 8
1.9769 3.0047 3.9684 7.5063 8.928 12.09
1.9577 1.5817 2.0658 1.5689 0.93946 1.4596
3856 16
3 4 8 7 5 2
1.9955 3.9584 4.9458 5.9768 8.0017 10.965
1.502 2.4964 1.9566 1.4524 1.905 1.4957
3857 16
3 4 8 7 5 2
2.002 3.953 4.923 6.0364 7.994 10.973
1.4222 2.6346 2.0089 1.4833 1.9473 1.5846
3858 16
3 4 8 7 5 2
1.9864 3.9935 4.9499 6.0435 8.0878 11.011
1.5198 2.4459 1.9672 1.5227 1.9905 1.4714
3859 16
3 7 5 8 7 8 2 5
1.9325 1.9529 2.9858 4.9797 5.92 8.9264 11.123 11.881
1.5112 1.946 1.5134 1.9202 1.5047 1.071 1.4901 2.0722
3860 16
3 7 5 8 7 8 2 5
1.9723 2.0153 3.0982 5.0519 6.0088 9.0758 11.086 11.964
1.4912 1.9753 1.5073 2.0137 1.5505 0.96592 1.5472 2.0767
3861 16
3 7 5 8 7 8 2 5
2.0029 2.0545 2.9837 4.9237 5.9516 9.0147 10.995 12.142
1.5393 2.036 1.5036 2.0249 1.48 1.0344 1.4949 1.9444
3862 16
7 2 3 6 5 8 2 8
2.0029 4.0046 6.0411 7.58 8.0493 8.9833 10.992 12.014
1.9984 2.0286 1.5788 1.4645 2.0232 0.96448 1.4971 1.6004
3863 16
7 2 3 6 5 8 2 8
1.9485 4.0477 5.9664 7.4874 8.0052 8.9824 11.071 11.994
1.9169 2.0299 1.5342 1.4569 2.0612 0.94078 1.4694 1.5336
3864 16
7 2 3 6 5 8 2 8
1.9328 3.9277 6.0358 7.5512 8.0389 8.9667 11.048 11.919
2.0101 2.0041 1.4137 1.4649 1.9993 1.0353 1.3855 1.4092
