41
9550 16
2 2 8 5 4 6
2.6283 5.3592 6.6587 6.7923 7.9915 10.02
2.1616 2.1411 2.6876 2.1953 1.1235 2.2413
9551 16
7 1 8 2 7 5
0.34916 0.43861 2.7043 4.1356 10.509 10.617
2.0129 2.4235 1.9565 2.2262 2.4486 1.9101
9552 16
8 7 8 1 8
2.7613 3.5974 8.6058 11.206 12.445
1.2573 1.9118 1.6407 1.3315 1.9873
9553 16
6 2 6 8
4.3029 8.4745 9.4718 9.5285
2.8822 1.9424 1.1166 2.1586
9554 16
6 2 6 5 6 4 7 4
1.2702 2.5573 3.0217 3.5222 5.4509 8.2781 13.069 13.587
1.3522 1.9329 1.3367 2.4301 1.2618 2.2672 1.0987 1.5173
9555 16
1 4 3 7
1.9929 4.0078 6.0107 5.9499
1.4659 2.5243 1.5239 1.4674
9556 16
1 4 3 7
1.9916 3.9079 6.0374 6.0039
1.4824 2.4399 1.519 1.4577
9557 16
1 4 3 7
2.0562 4.0035 6.0314 5.9946
1.5368 2.4432 1.5128 1.4338
9558 16
1 4 3 7
1.9962 4.0236 5.9959 5.9105
1.4707 2.5 1.5296 1.5578
9559 16
2 6 2 8
4.0696 7.5525 8.0727 9.0053
1.9896 1.5134 1.4656 1.0381
9560 16
2 6 2 8
4.0844 7.3793 7.9666 8.9788
2.0188 1.5859 1.5462 1.0174
9561 16
2 6 2 8
4.0362 7.5225 8.0353 8.9332
2.0341 1.4063 1.4927 1.0226
9562 16
2 6 2 8
3.9771 7.5685 8.0714 8.8906
1.9924 1.4912 1.4611 0.93761
9563 16
3 8 3 2 8 5
1.9154 5.0021 5.9577 7.8983 9.0234 11.96
1.5336 1.9914 1.5076 1.5078 1.0593 2.0346
9564 16
3 8 3 2 8 5
1.98 5.0392 5.9825 7.9642 8.951 11.991
1.579 1.9951 1.5153 1.5125 1.0146 1.9536
9565 16
3 8 3 2 8 5
1.9548 5.0774 6.0277 7.9775 8.9269 11.995
1.4786 2.1129 1.4677 1.5018 1.0026 2.0397
9566 16
3 8 3 2 8 5
1.9422 4.9318 5.9896 7.9785 8.9933 12.053
1.4855 2.0596 1.4446 1.5847 0.98311 1.9607
9567 16
3 8 3 2 8 5
5.9918 8.9225 8.9082 10.992 12.002 12.018
1.4229 1.0271 1.4941 1.4358 1.4241 1.9895
9568 16
3 8 3 2 8 5
5.9362 9.0622 8.9674 10.957 12.083 11.96
1.5187 1.0696 1.4926 1.5087 1.5802 1.9175
9569 16
3 8 3 2 8 5
5.9237 9.0648 8.9758 10.935 12.008 11.971
1.4989 1.01 1.5411 1.5213 1.4709 1.9702
9570 16
3 8 3 2 8 5
5.9932 8.9458 9.0149 10.974 11.941 12.003
1.4918 1.0075 1.4692 1.448 1.5247 2.0137
9571 16
4 8 1 2 3 8
4.0431 4.9468 6.0335 7.8653 8.9597 12.038
2.443 1.9604 1.9023 1.4695 1.55 1.5223
9572 16
4 8 1 2 3 8
4.0293 4.9623 6.027 7.9764 9.0574 11.96
2.4551 2.0044 2.0775 1.506 1.5153 1.5493
9573 16
4 8 1 2 3 8
3.9892 5.0424 6.0206 8.0202 9.0279 12.027
2.5338 1.9712 2.1206 1.5293 1.5446 1.4946
9574 16
4 8 1 2 3 8
3.9888 4.9535 5.9875 7.981 9.0599 12.096
2.5684 2.0072 2.0051 1.5439 1.4433 1.6132
9575 16
5 4 3 8 3 5
3.0007 3.9571 6.0005 9.0106 9.0974 12
1.6259 2.5117 1.4755 0.98478 1.5219 1.9936
9576 16
5 4 3 8 3 5
2.9999 4.0369 6.0247 9.0283 9.0285 12.159
1.5184 2.5772 1.4489 0.99551 1.4068 2.0478
9577 16
5 4 3 8 3 5
2.931 3.9574 5.9618 9.0523 9.0032 11.902
1.5185 2.4535 1.5087 1.0364 1.5493 2.0016
9578 16
5 4 3 8 3 5
3.0192 4.1029 6.0377 8.9541 8.9759 12.019
1.4833 2.5024 1.5068 0.97784 1.4617 2.0183
9579 16
7 5 2 6 8 8
1.9493 3.0662 3.9909 7.5302 9.0888 12.037
2.009 1.445 2.0373 1.5366 1.0652 1.4631
9580 16
7 5 2 6 8 8
1.9919 3.0253 3.961 7.5105 8.9676 11.892
1.9612 1.478 2.0569 1.4719 1.0517 1.5372
9581 16
7 5 2 6 8 8
2.0443 3.0435 4.0516 7.4118 9.0645 12.029
1.97 1.5206 1.994 1.5176 1.0342 1.4728
9582 16
3 4 8 7 5 2
2.0058 4.1365 5.0794 5.992 7.922 10.99
1.4717 2.5282 1.91 1.5231 1.9673 1.4771
9583 16
3 4 8 7 5 2
1.9681 4.0349 4.9839 5.9969 8.0268 10.99
1.4967 2.4187 2.0717 1.476 1.9441 1.5749
9584 16
3 4 8 7 5 2
2.0145 3.9701 5.0214 6.0637 7.8852 11.013
1.4778 2.4676 1.974 1.5018 1.9961 1.5262
9585 16
3 7 5 8 7 8 2 5
2.025 2.0262 2.9282 5.0585 6.0178 9.0227 11.071 12.028
1.5665 2.0346 1.5223 2.0544 1.4134 1.0723 1.4917 2.0038
9586 16
3 7 5 8 7 8 2 5
2.1179 1.9624 2.9563 5.0985 6.0768 9.0656 10.992 11.984
1.5535 1.9658 1.4423 2.0108 1.4956 0.9478 1.4331 1.9603
9587 16
3 7 5 8 7 8 2 5
1.9366 2.0371 2.995 5.0256 5.9858 9.0196 10.978 11.867
1.5176 1.9766 1.4644 1.9887 1.5414 0.96029 1.5528 1.9832
9588 16
7 2 3 6 5 8 2 8
1.9629 3.9973 5.9973 7.548 7.9824 8.9975 11.072 11.999
1.9613 2.0314 1.5103 1.515 1.9723 0.99562 1.4728 1.5226
9589 16
7 2 3 6 5 8 2 8
1.9489 4.0118 5.941 7.477 8.042 9.0498 11.01 11.881
2.0405 2.0252 1.4676 1.4399 2.0287 1.0361 1.3186 1.4162
9590 16
7 2 3 6 5 8 2 8
2.0155 3.9259 5.995 7.4724 8.1088 9.0426 10.972 12.017
2.0381 2.0342 1.3974 1.5182 1.9852 1.0318 1.5623 1.536
