42
5797 16
7 1 3 6 4 5 7
1.1265 1.1656 3.4383 4.2577 7.7452 10.753 12.143
1.2088 2.7853 2.4908 1.1722 1.4426 2.5563 2.1037
5798 16
7 6 7 1 8 7 7
1.073 5.0544 6.0672 7.0583 11.216 11.798 14.594
2.3303 2.2528 2.6526 1.5679 2.7748 2.2217 1.0683
5799 16
8 1 7 6 5 4 7 1
4.9489 7.2982 7.9708 8.9235 10.241 10.42 11.212 11.232
2.8236 2.8681 1.2081 2.6044 2.3574 2.4836 2.4482 1.9664
5800 16
1 3 5 1 7 8
5.1765 7.4543 9.78 11.506 12.905 13.191
1.0344 1.9945 2.8701 2.5159 1.7279 1.5584
5801 16
6 7 4 1 4 4
4.589 5.0736 6.2115 7.2419 11.013 13.006
1.6948 1.1225 1.4675 1.5511 1.4159 2.4726
5802 16
1 4 3 7
2.0853 4.0245 5.9832 5.9953
1.4115 2.5231 1.5775 1.3962
5803 16
1 4 3 7
1.9887 3.9261 5.963 5.9682
1.5037 2.4509 1.4893 1.4677
5804 16
1 4 3 7
1.9747 4.0397 5.9905 6.0253
1.548 2.5169 1.6037 1.5252
5805 16
1 4 3 7
2.0294 3.9806 5.9731 5.9183
1.346 2.4282 1.5243 1.5201
5806 16
2 6 2 8
4.0136 7.4767 7.9019 8.9417
2.0404 1.5278 1.5057 0.9935
5807 16
2 6 2 8
3.9712 7.4999 7.947 8.9773
1.9596 1.4913 1.505 1.0215
5808 16
2 6 2 8
3.9765 7.4786 7.9729 8.9578
2.0561 1.5583 1.5213 1.0383
5809 16
2 6 2 8
4.0086 7.5303 8.0955 8.9856
2.1515 1.476 1.5209 1.0412
5810 16
3 8 3 2 8 5
2.0132 4.9812 5.9631 7.9826 8.9315 11.972
1.4443 1.9883 1.4172 1.4986 1.0714 1.9713
5811 16
3 8 3 2 8 5
1.9682 5.0272 5.9937 8.033 8.9629 11.952
1.4649 1.8791 1.5409 1.5611 0.96553 2.0923
5812 16
3 8 3 2 8 5
2.0106 4.9702 5.9892 7.994 8.8762 12.006
1.5772 2.1113 1.5843 1.5086 0.99298 1.9797
5813 16
3 8 3 2 8 5
2.0358 5.0085 5.9448 7.9083 8.9521 11.981
1.5816 2.0741 1.5856 1.4406 0.95156 1.9768
5814 16
3 8 3 2 8 5
6.0116 9.0136 9.009 10.982 12.061 11.984
1.4351 0.9687 1.5056 1.5371 1.4538 1.9998
5815 16
3 8 3 2 8 5
5.9961 9.0842 8.9077 10.941 12.014 12.059
1.514 0.94871 1.5704 1.5213 1.4608 2.0523
5816 16
3 8 3 2 8 5
5.9857 9.0235 9.0096 10.997 12.012 12.018
1.4846 1.0002 1.539 1.6144 1.4193 1.9223
5817 16
3 8 3 2 8 5
5.9973 8.9742 9.0494 11.048 12.046 12.04
1.5427 1.0292 1.4359 1.5257 1.4783 1.9158
5818 16
4 8 1 2 3 8
3.9798 5.0806 5.9154 8.0506 9.0066 11.99
2.5332 2.0227 1.9753 1.5825 1.5727 1.4594
5819 16
4 8 1 2 3 8
4.0309 5.0052 6.0001 8.0186 9.0231 12.104
2.4663 1.9765 1.9088 1.5581 1.5033 1.5198
5820 16
4 8 1 2 3 8
4.0339 5.0489 6.0019 8.0195 8.9654 12.09
2.4902 2.0397 2.0029 1.6547 1.4674 1.4249
5821 16
4 8 1 2 3 8
3.9987 5.0058 5.9985 7.9789 8.9411 11.968
2.481 1.9118 1.9418 1.5445 1.4118 1.4798
5822 16
5 4 3 8 3 5
3.0513 4.0746 6.0354 8.9251 8.9353 12.031
1.445 2.5606 1.5432 1.0053 1.4112 1.927
5823 16
5 4 3 8 3 5
2.9603 4.0534 5.9928 8.9574 8.918 12.011
1.4907 2.4974 1.494 0.97786 1.4495 1.9638
5824 16
5 4 3 8 3 5
3.0028 3.9894 5.9412 8.9997 8.9863 12.023
1.4436 2.486 1.5128 1.042 1.5536 1.9781
5825 16
5 4 3 8 3 5
2.9813 4.0319 6.0498 9.0142 8.9157 12.06
1.5575 2.3488 1.4559 0.99703 1.5047 1.9916
5826 16
7 5 2 6 8 8
2.0049 2.9843 4.0429 7.4598 9.0171 11.884
2.066 1.4503 2.0115 1.4963 1.0072 1.5306
5827 16
7 5 2 6 8 8
2.0256 3.0047 4.0404 7.4906 9.0636 12.016
1.9756 1.3919 1.9704 1.5306 0.97368 1.4576
5828 16
7 5 2 6 8 8
1.9671 3.0159 4.1005 7.4835 8.9293 12.039
1.9524 1.4295 1.9707 1.5173 1.0552 1.4744
5829 16
7 5 2 6 8 8
2.0493 2.9442 4.0444 7.5485 8.9615 12.1
2.0454 1.4595 1.9652 1.4907 1.0372 1.6463
5830 16
3 4 8 7 5 2
2.0422 3.9332 4.9819 6.0016 8.0371 11.007
1.4885 2.4911 1.9368 1.5398 2.0352 1.4868
5831 16
3 4 8 7 5 2
1.9934 4.0694 4.9184 5.9081 7.9778 11.077
1.422 2.5063 1.988 1.4395 2.003 1.5179
5832 16
3 4 8 7 5 2
2.0114 3.8979 5.0311 5.9082 7.9924 11.078
1.5297 2.4809 1.9747 1.4576 2.0309 1.551
5833 16
3 7 5 8 7 8 2 5
1.9227 2.0545 2.9969 5.0062 6.0605 9.0525 10.922 12.042
1.5267 1.9739 1.5465 1.9814 1.496 0.93172 1.4756 1.9793
5834 16
3 7 5 8 7 8 2 5
1.9983 1.9642 3.038 5.0343 6.078 9.083 11.045 11.945
1.5069 2.0792 1.5356 2.017 1.5614 0.89091 1.4572 1.899
5835 16
3 7 5 8 7 8 2 5
1.9008 1.9334 3.0641 5.0445 5.9586 8.988 11.007 12.06
1.4578 2.0508 1.5321 2.0511 1.5372 0.95726 1.5371 1.9048
5836 16
7 2 3 6 5 8 2 8
1.9802 4.0522 6.0454 7.524 8.0457 8.9961 11.048 12.036
1.9417 1.8868 1.5165 1.4793 1.9003 0.95976 1.4732 1.5212
5837 16
7 2 3 6 5 8 2 8
1.9079 4.0462 5.9434 7.4556 8.0197 9.0506 10.964 12.066
2.0955 2.0676 1.5603 1.4938 1.9288 1.1232 1.4949 1.5027
5838 16
7 2 3 6 5 8 2 8
1.9994 4.0431 6.0469 7.5235 8.0292 8.9918 11.014 12.016
2.0588 2.137 1.5424 1.4543 1.9776 1.0379 1.4699 1.5117
