42
841 16
7 2 6 4 3 5 7
0.95977 4.9289 5.0565 7.8163 8.5171 8.6506 11.55
2.8562 1.0019 2.2136 1.1564 2.4364 2.7699 2.0335
842 16
2 5 4 8 6 1
2.3336 2.8154 7.084 11.262 11.785 12.088
1.0301 1.3459 2.7608 1.459 1.944 2.2957
843 16
5 5 6 3 1 7 3 6
0.99864 5.8847 8.6919 11.397 11.935 12.196 12.92 14.546
1.2056 2.9286 2.0619 1.4827 1.8103 1.1266 1.2427 1.2646
844 16
3 4 4 4 1 3 7
0.22047 0.35608 5.6114 8.5096 10.402 10.741 10.826
1.3158 2.2924 2.3505 1.7399 1.7809 1.3978 2.7096
845 16
2 6 5 7 5 4 2
0.70769 2.1376 2.292 4.8138 9.7066 11.976 14.798
1.874 1.7937 2.5836 2.889 2.5899 1.3977 1.0738
846 16
1 4 3 7
1.9653 4.0043 5.9991 5.9736
1.4424 2.4754 1.4521 1.4478
847 16
1 4 3 7
2.015 3.9228 5.9138 6.0363
1.5304 2.4129 1.5625 1.636
848 16
1 4 3 7
1.9235 3.9996 6.0061 5.9903
1.4308 2.5128 1.4993 1.4402
849 16
1 4 3 7
2.0384 3.9888 6.0024 5.9606
1.5069 2.5702 1.4781 1.4902
850 16
2 6 2 8
4.1571 7.5445 8.0342 9.1149
1.9809 1.5736 1.5335 0.99766
851 16
2 6 2 8
4.0218 7.5169 8.0008 8.9989
2.0474 1.5011 1.5011 1.01
852 16
2 6 2 8
4.0111 7.4592 7.9392 9.008
2.1112 1.4603 1.4458 1.0481
853 16
2 6 2 8
3.9823 7.4983 7.9626 8.9842
2.0407 1.5026 1.6437 0.9585
854 16
3 8 3 2 8 5
2.0375 5.026 5.9463 8.0584 9.0884 11.996
1.5562 2.0814 1.4891 1.5755 1.006 2.0545
855 16
3 8 3 2 8 5
2.0703 4.9722 6 8.022 9.0882 12.092
1.485 1.9992 1.4909 1.5834 1.1018 1.999
856 16
3 8 3 2 8 5
2.0508 5.0273 5.9239 7.9975 8.9488 12.027
1.6414 1.9708 1.5494 1.5289 1.0035 1.9846
857 16
3 8 3 2 8 5
2.0372 5.0344 5.9412 8.0744 8.975 12.011
1.5057 2.0487 1.4783 1.5799 0.96235 2.0145
858 16
3 8 3 2 8 5
6.0293 9.0388 8.9714 10.983 12.078 11.939
1.4329 0.92099 1.5108 1.5098 1.5516 1.9979
859 16
3 8 3 2 8 5
6.0234 9.0077 9.0332 10.924 11.981 11.931
1.4331 1.0341 1.4844 1.5711 1.5376 2.0934
860 16
3 8 3 2 8 5
5.9158 9.025 8.9752 10.96 12.072 12.064
1.5357 0.99511 1.5367 1.4821 1.5011 1.9521
861 16
3 8 3 2 8 5
5.9697 8.9338 8.8527 11.037 12.108 12.039
1.5549 0.98753 1.3669 1.4752 1.5326 1.9459
862 16
4 8 1 2 3 8
3.9828 5.0138 6.0463 7.9713 9.0575 12.059
2.5603 2.0916 2.1305 1.6065 1.4334 1.4813
863 16
4 8 1 2 3 8
3.9847 5.0801 5.9717 8.089 9.0112 12.007
2.6038 2.0112 1.9854 1.4845 1.5259 1.5267
864 16
4 8 1 2 3 8
3.998 5.0267 6.0214 7.9355 8.9096 12
2.441 1.9396 2.0397 1.4876 1.5056 1.5415
865 16
4 8 1 2 3 8
3.9558 4.9751 5.982 8.0578 8.9948 12.017
2.5324 1.975 1.9408 1.5523 1.4516 1.4905
866 16
5 4 3 8 3 5
3.0088 3.9757 6.0228 8.9306 8.9542 11.971
1.5032 2.4977 1.5396 0.87426 1.4934 1.971
867 16
5 4 3 8 3 5
2.9504 4.0066 5.9128 8.9276 8.9932 12.055
1.5583 2.4463 1.5304 0.97616 1.4437 1.9669
868 16
5 4 3 8 3 5
3.0035 4.0165 6.0366 8.9298 9.0504 12.01
1.5068 2.5462 1.4879 1.1042 1.5358 2.0392
869 16
5 4 3 8 3 5
3.0019 3.9901 5.9794 8.9374 8.9866 11.965
1.4602 2.4852 1.4309 1.0126 1.5181 1.9719
870 16
7 5 2 6 8 8
1.9784 3.0584 4.0643 7.5486 9.0379 11.992
2.0998 1.4766 2.0398 1.5545 0.96003 1.5605
871 16
7 5 2 6 8 8
1.9639 3.0293 3.9275 7.4522 8.8865 11.992
1.9327 1.5258 2.0356 1.4626 0.98609 1.5354
872 16
7 5 2 6 8 8
1.9347 2.9241 3.9189 7.5535 8.9824 11.976
1.9676 1.5103 2.0188 1.4884 1.0128 1.5266
873 16
7 5 2 6 8 8
2.0577 3.0085 4.0291 7.489 8.9228 11.97
2.0799 1.4677 2.0247 1.4811 1.0375 1.5364
874 16
3 4 8 7 5 2
1.9376 3.9774 5.0503 6.0798 8.0805 11.016
1.3804 2.4553 2.0503 1.4535 2.0514 1.5698
875 16
3 4 8 7 5 2
1.9534 4.0003 4.9813 5.9795 8.0138 10.976
1.5018 2.4191 2.0357 1.401 2.0017 1.4175
876 16
3 4 8 7 5 2
2.0128 3.9567 4.9717 5.9866 8.0853 11.036
1.5249 2.5165 2.0367 1.5204 1.9133 1.4351
877 16
3 7 5 8 7 8 2 5
1.973 1.9936 2.9788 5.0059 6.0509 9.0451 10.996 11.992
1.602 2.027 1.4652 2.1195 1.4954 0.89031 1.5705 2.1112
878 16
3 7 5 8 7 8 2 5
2.0411 2.0507 2.9068 5.0345 5.9523 8.9841 11.028 12.02
1.4185 1.9454 1.5343 1.9789 1.413 0.88091 1.4139 2.0084
879 16
3 7 5 8 7 8 2 5
1.9581 2.0222 2.9679 5.0078 5.9553 9.0325 10.967 12.02
1.5273 1.9639 1.4319 1.9525 1.512 0.92677 1.5484 1.9507
880 16
7 2 3 6 5 8 2 8
1.9788 4.0007 5.9485 7.5387 7.9547 8.864 10.952 12.056
2.0441 2.027 1.621 1.4946 2.0019 0.96989 1.4906 1.4908
881 16
7 2 3 6 5 8 2 8
1.9758 3.9657 5.9198 7.4502 7.9001 9.0773 11.098 12.018
2.0315 1.974 1.4104 1.4787 1.9862 1.045 1.5159 1.5395
882 16
7 2 3 6 5 8 2 8
2.0285 4.0586 5.9966 7.4745 8.023 8.93 11.028 11.942
2.0515 1.9081 1.4611 1.4247 1.9953 1.0586 1.4936 1.4655
