42
2101 16
1 6 4 2 7 8 1 7
1.2573 1.4927 7.1147 9.223 9.8583 10.014 11.951 12.353
2.9964 2.2706 2.9303 1.5807 1.664 2.4912 1.0003 2.0955
2102 16
1 6 1 3 5 6 4 6
2.7231 3.7737 5.6328 6.0653 7.2409 9.1711 11.661 12.846
2.8308 2.8342 1.1849 1.1193 2.451 1.9605 1.3759 1.6441
2103 16
8 6 3 4 4
0.34567 0.46305 1.528 3.5356 12.385
1.1511 2.4324 1.2171 2.027 1.1165
2104 16
6 8 8 7 7 5
1.5034 1.5686 7.4927 7.5039 12.446 12.743
1.3854 1.2939 2.819 1.0231 2.7003 1.5003
2105 16
8 4 5 8 2 6
2.2035 4.3325 4.5601 5.8683 7.6547 7.9784
2.6808 1.1825 2.7628 2.1499 1.5334 2.7209
2106 16
1 4 3 7
1.9573 3.9457 5.979 6.0505
1.4372 2.5061 1.5418 1.5208
2107 16
1 4 3 7
1.9438 3.9671 6.0939 6.0805
1.5554 2.4728 1.5352 1.5275
2108 16
1 4 3 7
1.9582 3.9826 6.0542 5.9615
1.5188 2.4743 1.4946 1.491
2109 16
1 4 3 7
2.0797 3.9336 6.0134 6.0409
1.5936 2.4738 1.4712 1.5461
2110 16
2 6 2 8
3.8765 7.5381 8.0317 9.0087
2.0895 1.4411 1.4105 1.0893
2111 16
2 6 2 8
3.9624 7.5541 7.9517 8.9338
2.0545 1.4309 1.4982 1.1546
2112 16
2 6 2 8
4.0401 7.5107 7.9573 9.0318
1.9158 1.4144 1.5092 1.0348
2113 16
2 6 2 8
4.0285 7.5198 8.0306 8.9921
1.9997 1.4709 1.4415 0.99532
2114 16
3 8 3 2 8 5
2.1533 5.0563 6.028 7.9919 8.9988 12.017
1.5521 2.0615 1.3861 1.4199 1.0091 2.0201
2115 16
3 8 3 2 8 5
2.0062 5.0465 6.0794 7.9993 9.0104 11.991
1.3873 2.101 1.5786 1.5683 1.0647 1.9976
2116 16
3 8 3 2 8 5
1.999 4.9735 5.9535 8.0185 9.0291 11.998
1.5188 2.0658 1.5282 1.5149 1.0339 2.0261
2117 16
3 8 3 2 8 5
1.9937 4.9694 5.9177 7.9439 9.0445 12.003
1.5334 1.9259 1.4963 1.5576 1.0527 1.9852
2118 16
3 8 3 2 8 5
6.0423 8.9721 9.0323 10.915 12.098 11.984
1.515 0.97917 1.4952 1.5532 1.4789 2.0354
2119 16
3 8 3 2 8 5
5.9457 9.0535 8.9716 11.002 12.037 12.023
1.4581 1.015 1.5032 1.4671 1.483 2.0672
2120 16
3 8 3 2 8 5
5.9483 9.0244 8.9627 10.899 12.018 11.939
1.547 0.91639 1.4575 1.5627 1.5115 1.9872
2121 16
3 8 3 2 8 5
5.8717 8.9291 8.9524 11.101 12.051 11.943
1.4126 1.0204 1.4752 1.5001 1.5442 1.988
2122 16
4 8 1 2 3 8
4.1203 5.0273 5.9645 7.9859 8.983 12.038
2.505 2.0395 2.0523 1.5558 1.5026 1.536
2123 16
4 8 1 2 3 8
4.0047 4.9613 6.095 8.078 9.003 12.008
2.472 2.0317 1.9522 1.5157 1.4636 1.6104
2124 16
4 8 1 2 3 8
4.0574 4.9967 6.0726 7.9381 9.0977 11.999
2.5643 1.9858 1.923 1.5705 1.5803 1.5094
2125 16
4 8 1 2 3 8
4.0731 4.9538 6.0283 7.9731 8.9777 12.044
2.5361 2.0014 1.9457 1.4868 1.5188 1.5892
2126 16
5 4 3 8 3 5
2.9615 3.9946 5.9944 8.9946 8.9532 12.024
1.5053 2.503 1.5373 0.95213 1.4653 1.9817
2127 16
5 4 3 8 3 5
3.1061 4.021 6.0592 8.9485 9.0514 12.118
1.527 2.5019 1.5111 1.0296 1.5477 1.9098
2128 16
5 4 3 8 3 5
3.0067 3.9792 5.9189 9.0106 8.951 12.02
1.4862 2.509 1.3944 1.0775 1.53 1.9457
2129 16
5 4 3 8 3 5
3.047 3.9904 5.9985 9.0369 9.0915 11.981
1.4421 2.4452 1.4816 0.94208 1.477 2.0839
2130 16
7 5 2 6 8 8
1.9944 2.9946 3.8883 7.4398 9.0411 11.944
2.0831 1.4303 1.9259 1.5034 0.98534 1.4803
2131 16
7 5 2 6 8 8
2.0038 2.9835 3.9999 7.4785 8.9623 11.893
1.9499 1.5346 2.0157 1.5009 0.99597 1.5365
2132 16
7 5 2 6 8 8
1.9483 2.9753 4.093 7.5735 8.9855 12.045
1.9643 1.4843 2.0193 1.5887 1.0186 1.4562
2133 16
7 5 2 6 8 8
1.9789 2.9455 3.9408 7.4877 8.9597 12.065
2.087 1.5944 1.9901 1.489 0.91441 1.4797
2134 16
3 4 8 7 5 2
1.9729 3.9892 4.8826 6.0011 8.0957 11.01
1.556 2.5179 2.0461 1.5492 2.0188 1.5318
2135 16
3 4 8 7 5 2
2.005 3.8983 5.0369 5.9999 8.0591 10.926
1.4852 2.5206 2.0107 1.47 1.9483 1.5872
2136 16
3 4 8 7 5 2
2.0715 4.0595 5.009 6.005 7.9853 11.094
1.5154 2.6509 1.9955 1.4476 1.9321 1.516
2137 16
3 7 5 8 7 8 2 5
2.0189 2.0239 2.9486 4.9886 5.9513 8.9906 10.986 11.971
1.5063 1.9471 1.4424 1.9958 1.5218 0.93191 1.5998 2.0016
2138 16
3 7 5 8 7 8 2 5
2.0541 2.0695 2.9866 4.9757 6.012 8.9981 10.973 12.021
1.5165 2.108 1.4766 2.0036 1.4803 0.99934 1.4739 2.1193
2139 16
3 7 5 8 7 8 2 5
2.0437 2.0046 3.0074 4.9935 6.0421 8.9974 10.91 11.948
1.3874 1.9875 1.4551 2.018 1.5112 0.96272 1.5076 2.058
2140 16
7 2 3 6 5 8 2 8
1.9279 3.9689 6.0055 7.445 7.9788 8.9702 10.992 12.007
1.9647 2.0435 1.5211 1.6167 2.0666 0.93528 1.487 1.5395
2141 16
7 2 3 6 5 8 2 8
2.0008 4.0344 6.0315 7.5288 8.0562 8.9975 11.055 12.011
2.0338 2.0482 1.5995 1.3793 2.0205 1.0487 1.5942 1.5924
2142 16
7 2 3 6 5 8 2 8
1.9645 3.9879 5.9431 7.5387 8.0531 8.9402 11.08 11.989
2.0684 2.0147 1.5706 1.4149 1.9394 1.0206 1.531 1.4673
