42
5545 16
8 3 1 2 2 1
0.094634 0.45835 0.80893 1.4345 4.0962 8.2815
2.2081 2.8965 2.0133 1.2793 1.0676 2.2439
5546 16
7 5 2 6 5
3.0176 3.1074 4.294 5.5686 7.7467
2.554 2.1835 2.3874 2.6915 2.7632
5547 16
1 5 4 5 7 5
0.64096 1.1293 3.0097 3.1306 4.1457 10.824
2.9042 1.1475 2.5093 2.1615 1.1391 1.4621
5548 16
5 2 3 4 6 3 7
2.9505 3.1316 4.4796 6.2718 9.8302 11.904 12.528
2.3806 2.6047 2.9184 1.2925 2.6643 1.4003 2.2935
5549 16
8 6 8 2
2.5859 4.0808 7.7013 14.256
2.0643 2.9972 2.5299 1.6833
5550 16
1 4 3 7
2.0274 4.0083 6.0089 5.9856
1.4592 2.5518 1.4829 1.4057
5551 16
1 4 3 7
1.9496 4.0691 6.0798 5.987
1.3948 2.4843 1.5036 1.6822
5552 16
1 4 3 7
2.0748 3.9967 5.9919 5.9495
1.4424 2.5056 1.5733 1.4873
5553 16
1 4 3 7
1.9951 4.0806 5.9779 6.0397
1.458 2.5585 1.5027 1.4722
5554 16
2 6 2 8
3.996 7.4277 8.0399 9.0353
1.9396 1.4361 1.5162 0.95192
5555 16
2 6 2 8
3.9417 7.5539 7.9848 8.9674
2.0324 1.4547 1.5027 1.0307
5556 16
2 6 2 8
3.9634 7.5612 8.0084 9.0101
1.9696 1.5141 1.4255 0.96653
5557 16
2 6 2 8
4.0466 7.4337 7.9557 8.9609
1.9429 1.5135 1.4311 0.97036
5558 16
3 8 3 2 8 5
2.005 4.9778 5.9721 8.1571 9.0338 12.058
1.5279 2.041 1.4801 1.5152 1.0129 1.9321
5559 16
3 8 3 2 8 5
2.0463 4.9165 5.9468 7.9666 8.9756 12.012
1.4889 2.0458 1.4897 1.4801 1.0256 1.991
5560 16
3 8 3 2 8 5
2.0117 5.0421 6.0086 7.9563 8.9784 12.007
1.5442 2.0102 1.4163 1.5091 0.99397 2.0756
5561 16
3 8 3 2 8 5
1.9919 4.9986 6.0147 7.9143 9.0209 11.955
1.4709 1.9601 1.484 1.4932 1.0522 1.9916
5562 16
3 8 3 2 8 5
6.0336 9.0743 8.9256 10.983 12.08 11.995
1.4531 1.0646 1.4947 1.596 1.4555 2.0662
5563 16
3 8 3 2 8 5
6.1122 9.068 8.9705 10.95 11.922 12.043
1.5324 1.0846 1.5339 1.5372 1.4554 1.9085
5564 16
3 8 3 2 8 5
6.0214 8.8798 9.0548 10.975 12.016 11.959
1.5555 0.9842 1.5292 1.4941 1.4618 2.0225
5565 16
3 8 3 2 8 5
6.0323 8.9749 8.9545 10.99 11.901 12.038
1.4967 1.0287 1.4913 1.4408 1.5611 1.9941
5566 16
4 8 1 2 3 8
4.0411 5.0057 6.0415 7.9988 9.0173 12.035
2.5245 2.0737 2.1698 1.4102 1.4775 1.4487
5567 16
4 8 1 2 3 8
4.0137 5.0097 6.0312 8.049 8.9443 12.03
2.51 1.9322 1.9719 1.455 1.6154 1.4848
5568 16
4 8 1 2 3 8
4.038 5.0231 5.9518 7.9897 9.0322 11.938
2.4904 2.0005 1.9936 1.5074 1.5364 1.4498
5569 16
4 8 1 2 3 8
3.9836 5.0367 6.0213 8.0803 8.9624 12.025
2.3979 2.1001 1.9997 1.5271 1.5473 1.4857
5570 16
5 4 3 8 3 5
3.1048 4.0065 5.9804 9.0666 8.9902 12.009
1.448 2.4614 1.5301 0.96634 1.4247 1.9733
5571 16
5 4 3 8 3 5
3.0306 3.9911 6.0594 8.9914 9.0534 12.059
1.4126 2.4817 1.4661 0.98891 1.4028 1.9905
5572 16
5 4 3 8 3 5
2.9105 4.0087 6.0579 8.9978 8.9995 12.057
1.5844 2.5438 1.4822 1.0647 1.4899 2.0005
5573 16
5 4 3 8 3 5
3.0611 4.0529 5.9841 9.0461 8.9884 11.962
1.5409 2.4578 1.4533 0.96169 1.4304 2.0046
5574 16
7 5 2 6 8 8
1.9154 2.9962 4.0488 7.4973 8.9737 12.003
2.0591 1.5633 2.0229 1.4733 0.96884 1.5406
5575 16
7 5 2 6 8 8
1.9556 3.0349 3.9817 7.4708 9.0655 12.026
2.0435 1.4136 2.0171 1.5149 1.0564 1.4748
5576 16
7 5 2 6 8 8
2.0764 3.0751 3.9309 7.505 8.9457 12.016
2.1339 1.5384 1.984 1.3634 0.92367 1.5059
5577 16
7 5 2 6 8 8
2.0448 3.0591 3.9395 7.546 8.9756 11.997
1.975 1.5291 2.0295 1.5322 1.0056 1.3902
5578 16
3 4 8 7 5 2
2.0539 3.9954 4.9402 5.9774 7.9937 11.052
1.5237 2.4635 2.0107 1.3785 1.9815 1.5891
5579 16
3 4 8 7 5 2
1.9034 3.9753 5.0376 6.0804 7.9808 11.081
1.569 2.5885 2.0285 1.5293 1.9886 1.4627
5580 16
3 4 8 7 5 2
1.8417 4.0583 4.9371 6.0435 8.0119 10.915
1.4518 2.5948 1.9924 1.5705 1.9911 1.5129
5581 16
3 7 5 8 7 8 2 5
2.0061 2.0573 3.0553 4.9142 6.0393 8.9899 11.088 12.007
1.5044 2.0959 1.4837 1.9981 1.5051 1.013 1.5283 2.0008
5582 16
3 7 5 8 7 8 2 5
1.9634 2.0841 3.0101 5.0901 5.9817 8.9213 11.017 11.973
1.5747 1.9212 1.5149 1.9496 1.4157 1.0073 1.4266 1.9411
5583 16
3 7 5 8 7 8 2 5
1.9562 2.0716 3.0726 5.1001 5.9976 8.9637 11.007 11.975
1.4925 2.036 1.498 1.971 1.5308 1.0346 1.5845 2.0426
5584 16
7 2 3 6 5 8 2 8
2.0013 4.0108 5.986 7.5313 8.0274 8.987 11.02 12.053
2.0003 1.9673 1.5262 1.5166 1.9058 1.0242 1.4586 1.4874
5585 16
7 2 3 6 5 8 2 8
1.9244 4.0673 5.9788 7.4745 8.0481 8.95 10.989 11.931
1.9706 1.9827 1.4999 1.6097 2.0324 1.0283 1.5185 1.5172
5586 16
7 2 3 6 5 8 2 8
1.9863 3.9638 5.9977 7.4963 7.9674 8.9692 10.942 11.961
2.013 1.8688 1.5085 1.4943 2.027 0.96777 1.5322 1.4569
