42
4075 16
7 5 3 2 2 7 5
0.72142 2.9838 4.7386 5.781 9.6464 10.756 11.071
1.6021 1.232 2.3866 1.6379 2.0526 2.6336 1.9392
4076 16
4 8 1 7 4
3.659 5.6455 6.7496 7.4245 12.638
2.457 1.2375 1.5448 2.6035 1.0555
4077 16
2 8 3 4
6.68 8.5218 8.6944 11.44
2.5386 2.6231 2.6906 2.0028
4078 16
1 3 1 7 4 6 2
0.27763 1.0216 1.9142 2.5379 3.0771 3.1177 12.749
1.3777 2.1478 2.9085 1.956 2.5169 2.7504 1.0715
4079 16
8 2 5 7 4 1 5 7
3.4558 3.575 5.0946 7.0915 7.4934 7.9598 8.7196 11.574
1.8908 2.6052 1.4915 2.4411 2.8055 1.7425 2.4566 1.8262
4080 16
1 4 3 7
2.0182 4.0011 5.9923 5.9161
1.445 2.5547 1.4059 1.4704
4081 16
1 4 3 7
1.9923 4.0266 5.9749 6.0201
1.4189 2.5399 1.4847 1.5604
4082 16
1 4 3 7
1.892 3.9386 6.0251 5.8266
1.5204 2.5096 1.5223 1.3896
4083 16
1 4 3 7
2.0443 3.9716 6.0139 5.97
1.5046 2.5019 1.5322 1.4097
4084 16
2 6 2 8
4.0469 7.5059 7.9694 9.0521
2.0748 1.5283 1.5076 0.99343
4085 16
2 6 2 8
3.9403 7.4591 8.0654 9.0584
1.872 1.4577 1.5814 1.039
4086 16
2 6 2 8
4.0434 7.5332 8.0093 8.9444
1.9972 1.5097 1.502 1.046
4087 16
2 6 2 8
3.9862 7.4947 8.0371 9.0117
2.0032 1.5788 1.4207 1.0395
4088 16
3 8 3 2 8 5
1.9882 4.967 5.9913 7.9038 9.0927 11.978
1.4892 2.0323 1.481 1.5157 0.98879 1.9928
4089 16
3 8 3 2 8 5
2.0088 5.0083 6.0612 7.9987 8.9965 11.999
1.3891 1.9813 1.3361 1.4698 0.97354 2.0725
4090 16
3 8 3 2 8 5
2.0304 4.9353 6.0738 7.9307 9.0046 12.049
1.4843 2.0444 1.5045 1.5901 1.0143 1.9425
4091 16
3 8 3 2 8 5
1.9875 4.9446 6.0223 8.0592 9.0022 11.975
1.6195 2.0114 1.5195 1.5167 0.88682 2.0154
4092 16
3 8 3 2 8 5
6.0467 9.0349 9.0041 11.031 12.115 11.981
1.5129 1.058 1.5377 1.5042 1.578 1.9482
4093 16
3 8 3 2 8 5
5.9602 8.9861 9.0217 10.993 11.96 12.038
1.5212 0.99518 1.5219 1.5757 1.5795 2.0336
4094 16
3 8 3 2 8 5
6.0038 9.0012 8.9856 11.014 11.98 11.995
1.4634 1.0305 1.5404 1.4849 1.4459 1.9586
4095 16
3 8 3 2 8 5
5.9437 8.9774 8.9406 11.071 12.042 11.937
1.5611 0.9812 1.498 1.4919 1.4517 2.0313
4096 16
4 8 1 2 3 8
3.9213 4.9507 5.9424 7.9301 9.0127 11.987
2.5374 1.9913 1.918 1.509 1.4625 1.4323
4097 16
4 8 1 2 3 8
3.9702 5.061 6.045 8.0082 9.0437 11.948
2.4722 1.9167 1.9203 1.5019 1.4418 1.4728
4098 16
4 8 1 2 3 8
4.0085 4.9862 5.9609 8.0972 9.0954 11.951
2.5955 1.9256 1.951 1.5555 1.4902 1.4705
4099 16
4 8 1 2 3 8
3.974 4.9871 6.0828 7.9384 8.9551 12.003
2.4432 1.9976 1.931 1.4992 1.4725 1.3296
4100 16
5 4 3 8 3 5
2.8886 4.0535 6.0233 8.9646 8.8997 12.064
1.5584 2.5535 1.5396 0.95831 1.5501 2.0241
4101 16
5 4 3 8 3 5
3.0357 3.9617 6.0436 8.9474 9.0341 11.993
1.5618 2.5059 1.5069 0.96601 1.4537 2.0187
4102 16
5 4 3 8 3 5
2.9823 4.0621 5.9466 9.0382 9.0553 11.995
1.4164 2.4418 1.5098 0.99238 1.5143 1.9773
4103 16
5 4 3 8 3 5
2.9948 4.0557 6.0544 8.9088 8.9585 11.836
1.5499 2.5301 1.5605 0.96252 1.4829 1.9544
4104 16
7 5 2 6 8 8
2.0483 3.0825 3.9668 7.5131 9.0648 11.995
2.002 1.54 2.0141 1.5173 1.0246 1.4967
4105 16
7 5 2 6 8 8
1.9769 3.1041 4.0484 7.5686 8.9703 11.958
2.0085 1.5345 1.9845 1.4932 1.002 1.4597
4106 16
7 5 2 6 8 8
1.9475 3.0656 3.9528 7.5281 9.0322 11.958
1.9296 1.4486 2.0189 1.4923 1.0019 1.4385
4107 16
7 5 2 6 8 8
1.9549 2.9848 4.0426 7.5035 8.9968 11.95
1.9793 1.4923 2.0056 1.5514 1.0654 1.5099
4108 16
3 4 8 7 5 2
2.0203 4.024 5.0764 6.0344 8.1077 10.869
1.4156 2.4454 2.0629 1.4627 1.9769 1.4899
4109 16
3 4 8 7 5 2
2.021 3.9536 4.996 5.9612 8.0439 11
1.4751 2.4831 2.0651 1.4118 1.9449 1.4675
4110 16
3 4 8 7 5 2
1.9737 4.0196 5.0536 5.9568 8.0274 11.036
1.4367 2.4203 2.0392 1.4889 1.9787 1.4431
4111 16
3 7 5 8 7 8 2 5
1.9611 1.9842 3.0157 4.9695 6.0903 8.9903 10.931 11.956
1.4742 1.999 1.5433 2.0348 1.4976 1.0339 1.5552 1.9774
4112 16
3 7 5 8 7 8 2 5
1.9368 2.0717 2.9208 4.9699 6.0325 9.0365 10.991 11.951
1.5588 1.995 1.4322 1.9387 1.553 1.0224 1.4665 2.0115
4113 16
3 7 5 8 7 8 2 5
1.925 2.0693 2.9461 5.0169 5.9256 8.9572 10.906 11.948
1.4718 2.0104 1.4962 1.9636 1.471 0.88526 1.419 1.9513
4114 16
7 2 3 6 5 8 2 8
1.946 3.9339 6.0396 7.5154 7.9983 8.9674 10.897 11.968
1.9774 1.9667 1.4742 1.5351 1.9928 0.96539 1.5707 1.4254
4115 16
7 2 3 6 5 8 2 8
2.0058 4.0172 5.9598 7.5188 7.9508 9.0887 11.05 11.973
1.9472 2.0312 1.4738 1.4676 1.9365 1.0642 1.5412 1.5138
4116 16
7 2 3 6 5 8 2 8
1.9826 3.9483 6.0692 7.5483 7.9888 8.9685 11.055 12.015
1.9495 1.979 1.4528 1.4366 1.9978 0.98265 1.5577 1.4961
