42
3319 16
5 7 4 1 1 6 1 5
0.29643 4.6287 4.7813 4.8472 6.6305 10.267 10.381 10.587
1.3389 1.7737 2.8258 1.5547 2.3218 1.3407 2.7354 2.3412
3320 16
7 4 4 5 2 7 6
0.17409 3.1952 5.6507 10.044 10.196 10.941 13.015
1.1886 2.1443 2.7363 2.2199 2.6688 2.1195 1.3401
3321 16
3 6 4 5 6 3
1.8072 3.2972 4.9514 9.2818 9.4169 12.785
1.417 1.9387 2.841 2.3882 1.7484 1.2846
3322 16
3 6 5 6
2.6488 2.8277 3.9114 6.9866
2.6286 2.0861 1.9465 1.6467
3323 16
3 4 1 4 2 1
0.71384 1.3656 8.3331 12.423 13.011 13.224
1.7543 2.8959 2.5297 2.9367 2.6617 2.3274
3324 16
1 4 3 7
1.9968 4.0843 5.9215 5.9616
1.4903 2.4869 1.5541 1.482
3325 16
1 4 3 7
2.0228 4.0071 5.9763 5.921
1.4886 2.5857 1.3895 1.4706
3326 16
1 4 3 7
1.9737 4.0187 5.8834 6.0363
1.5499 2.466 1.5011 1.3767
3327 16
1 4 3 7
2.0118 4.0379 5.984 5.9717
1.3784 2.4942 1.4959 1.6112
3328 16
2 6 2 8
4.0061 7.5154 7.967 9.052
2.0305 1.489 1.4951 1.026
3329 16
2 6 2 8
4.0047 7.4299 7.9834 9.0252
1.9954 1.5014 1.4478 0.95701
3330 16
2 6 2 8
3.9781 7.4538 8.0738 8.9878
1.99 1.4821 1.4786 0.95294
3331 16
2 6 2 8
3.9698 7.509 7.9883 9.0003
1.927 1.4756 1.5772 1.0183
3332 16
3 8 3 2 8 5
1.972 4.9678 6.041 8.0622 9.014 11.939
1.4292 2.0015 1.5316 1.4497 0.90302 1.985
3333 16
3 8 3 2 8 5
1.8855 4.9649 6.0162 7.8924 8.998 12.006
1.5125 2.1325 1.4465 1.4398 0.93168 2.0503
3334 16
3 8 3 2 8 5
1.9731 4.9937 6.0107 7.976 8.9928 12.059
1.4939 1.9796 1.4623 1.4744 1.0885 2.0055
3335 16
3 8 3 2 8 5
1.9269 4.9468 5.9507 7.9721 8.975 11.932
1.5789 2.049 1.4946 1.551 0.96831 1.9706
3336 16
3 8 3 2 8 5
6.0034 8.9463 9.039 11.05 12.043 11.902
1.4226 0.93757 1.4732 1.4804 1.4009 1.9045
3337 16
3 8 3 2 8 5
6.0597 9.0834 8.9452 10.894 12.061 12.008
1.5256 1.0228 1.4739 1.4821 1.4229 2.0145
3338 16
3 8 3 2 8 5
5.9886 9.0931 8.9454 11.033 11.919 12.001
1.4481 1.0483 1.6838 1.5619 1.5125 1.9803
3339 16
3 8 3 2 8 5
5.9658 8.9765 8.957 10.999 12.055 11.922
1.5534 0.96871 1.4651 1.525 1.5506 2.0697
3340 16
4 8 1 2 3 8
4.0787 5.0481 5.9352 8.1188 8.9726 12.097
2.4391 2.0201 1.9369 1.5139 1.4436 1.4773
3341 16
4 8 1 2 3 8
4.0932 5.0192 6.045 8.0285 9.0501 12.001
2.4762 2.0271 2.0017 1.4852 1.5028 1.5038
3342 16
4 8 1 2 3 8
3.9191 4.9379 6.0242 7.9713 8.9523 12.017
2.4759 1.8682 2.0691 1.498 1.4526 1.5046
3343 16
4 8 1 2 3 8
3.9602 5.04 6.0714 7.9787 8.9687 12.003
2.4887 1.9725 1.8625 1.4982 1.4571 1.5249
3344 16
5 4 3 8 3 5
2.9482 4.0178 6.0521 9.0314 9.0184 11.957
1.5259 2.5724 1.4524 0.98993 1.5356 1.9346
3345 16
5 4 3 8 3 5
3.0585 4.0365 5.9467 8.9611 8.9985 12.095
1.4934 2.579 1.5222 0.9599 1.5657 1.9511
3346 16
5 4 3 8 3 5
2.988 4.048 5.9739 8.9861 9.0018 11.974
1.4983 2.5295 1.512 0.98045 1.5462 2.0306
3347 16
5 4 3 8 3 5
2.9738 4.0063 6.0402 8.9913 8.9939 11.99
1.4685 2.4807 1.4399 1.0201 1.4618 1.9796
3348 16
7 5 2 6 8 8
1.9305 3.0406 4.0254 7.5639 9.0371 12.039
1.9611 1.4708 2.0187 1.4653 1.0374 1.4653
3349 16
7 5 2 6 8 8
2.0125 3.0556 4.0325 7.5563 8.9695 12.069
2.0595 1.5462 1.9435 1.4766 1.0744 1.5077
3350 16
7 5 2 6 8 8
1.976 3.0039 3.9838 7.4582 9.0285 12.043
2.0341 1.4622 1.9961 1.3632 1.0073 1.4559
3351 16
7 5 2 6 8 8
2.1231 2.9646 4.0126 7.5016 9.1374 12.038
2.0242 1.556 2.0299 1.4064 0.98838 1.5337
3352 16
3 4 8 7 5 2
1.9925 4.0431 5.0125 6.0043 7.9649 11.052
1.5465 2.5274 1.898 1.427 1.9446 1.428
3353 16
3 4 8 7 5 2
1.9441 4.0456 4.9974 5.9372 8.0247 11.007
1.5142 2.4792 2.0164 1.4352 1.9772 1.4338
3354 16
3 4 8 7 5 2
1.9448 3.9927 4.9761 5.9959 7.9806 11.03
1.5064 2.5103 1.9937 1.4739 1.8727 1.4636
3355 16
3 7 5 8 7 8 2 5
2.0359 1.9876 3.0227 4.8949 5.9973 9.0777 11.008 11.94
1.5257 1.907 1.4398 1.9649 1.5597 1.0708 1.4902 1.9388
3356 16
3 7 5 8 7 8 2 5
1.9219 1.9613 2.9721 4.9906 5.9698 8.9607 11.042 12.068
1.5941 1.9665 1.479 2.0317 1.4608 1.0163 1.4896 2.0068
3357 16
3 7 5 8 7 8 2 5
1.9644 2.0186 2.9668 5.0491 6.1207 9.0415 11.075 11.842
1.4617 2.0281 1.5506 2.0686 1.4876 0.95323 1.5081 1.933
3358 16
7 2 3 6 5 8 2 8
1.9966 3.9754 6.017 7.5102 8.0263 8.9433 11.101 12.001
1.9588 2.0439 1.5113 1.5605 2.0532 0.99588 1.523 1.512
3359 16
7 2 3 6 5 8 2 8
1.9464 3.9747 5.8978 7.4928 7.9625 8.9543 11.065 11.949
2.1216 1.9269 1.4745 1.5139 2.0276 1.0465 1.5237 1.445
3360 16
7 2 3 6 5 8 2 8
2.0105 3.9528 6.0192 7.4848 7.8959 9.0236 10.969 11.923
1.9918 1.927 1.4448 1.4701 2.0576 0.98337 1.5199 1.4735
