42
4579 16
4 6 2 6 3
0.25614 2.9148 9.6607 10.184 11.145
2.3587 2.4926 2.5327 1.0809 2.4998
4580 16
8 7 3 2 8 3 7
0.88043 1.0169 2.1447 6.6998 6.8887 9.7907 12.101
2.0337 1.7772 2.3126 1.0559 2.2904 1.9386 2.953
4581 16
3 5 2 5 8 4 3
1.3994 5.0005 6.1663 6.849 12.006 12.9 13.471
2.42 1.3743 1.9168 1.7471 1.1002 1.9138 1.5293
4582 16
5 7 3 2 7
2.909 9.8842 10.404 10.95 14.31
1.2054 1.3705 1.86 1.5276 1.1824
4583 16
7 5 6 8
2.2436 3.0879 3.4589 4.4544
1.8906 2.8813 2.3562 2.4034
4584 16
1 4 3 7
2.0639 4.0596 6.0319 5.9686
1.5402 2.4522 1.4823 1.5019
4585 16
1 4 3 7
2.0198 4.073 6.0228 5.811
1.5291 2.551 1.5831 1.5843
4586 16
1 4 3 7
1.9942 4.0692 6.0266 6.0849
1.5334 2.5689 1.4883 1.5194
4587 16
1 4 3 7
2.0665 3.9647 6.0406 6.0151
1.5207 2.5265 1.4228 1.5151
4588 16
2 6 2 8
3.9748 7.418 8.0535 9.0038
2.0105 1.4809 1.399 1.0326
4589 16
2 6 2 8
4.0358 7.472 7.9812 9.0042
1.9692 1.5557 1.4515 1.0588
4590 16
2 6 2 8
3.9898 7.6019 8.0218 8.9205
2.0455 1.5129 1.496 0.90396
4591 16
2 6 2 8
4.0304 7.5023 8.082 8.9445
1.9776 1.4766 1.4784 0.99129
4592 16
3 8 3 2 8 5
2.0711 4.948 5.9774 7.958 8.9838 11.948
1.5007 1.93 1.5011 1.4886 1.0875 2.0094
4593 16
3 8 3 2 8 5
1.9886 4.9742 6.0054 8.059 9.023 11.981
1.5293 2.0992 1.4284 1.5245 0.95018 1.9562
4594 16
3 8 3 2 8 5
2.0356 4.9555 6.016 8.0383 8.8996 12.028
1.4583 2.0141 1.4753 1.4925 0.92285 2.0274
4595 16
3 8 3 2 8 5
1.9502 4.9724 5.9107 8.1205 9.0265 12.093
1.4359 2.0181 1.4422 1.5694 1.0186 2.06
4596 16
3 8 3 2 8 5
6.0432 8.9717 9.0577 10.925 11.959 11.972
1.3804 1.0035 1.4718 1.605 1.5453 2.0522
4597 16
3 8 3 2 8 5
6.0346 8.9564 8.9722 11.012 11.984 12.012
1.5696 0.94743 1.6013 1.4987 1.5162 2.0128
4598 16
3 8 3 2 8 5
5.9938 9.0124 8.9665 10.972 11.901 12.015
1.4788 0.95399 1.5319 1.5234 1.5226 1.9366
4599 16
3 8 3 2 8 5
5.9579 9.0485 9.1056 11.005 11.981 11.952
1.4177 1.0494 1.4926 1.6057 1.4551 1.9429
4600 16
4 8 1 2 3 8
4.013 4.9697 6.0226 8.0029 9.0838 12.045
2.4191 2.0178 2.0208 1.4796 1.5334 1.5194
4601 16
4 8 1 2 3 8
3.9139 5.0222 5.9386 7.9316 9.0445 11.925
2.5287 2.045 1.9574 1.5043 1.4237 1.439
4602 16
4 8 1 2 3 8
4.0456 5.0475 6.0449 8.0215 9.0478 11.965
2.5545 1.9441 2.0912 1.4591 1.4967 1.555
4603 16
4 8 1 2 3 8
4.0822 5.0575 5.9981 8.0624 8.9779 12.068
2.5311 2.0475 1.9726 1.4938 1.519 1.4964
4604 16
5 4 3 8 3 5
3.0302 4.0457 6.013 8.947 9.0242 11.988
1.4653 2.45 1.6027 0.93418 1.4856 1.9704
4605 16
5 4 3 8 3 5
2.9971 3.9481 5.9197 8.9688 8.9843 11.991
1.4353 2.4907 1.5486 0.87681 1.4682 1.9758
4606 16
5 4 3 8 3 5
2.9881 4.0336 6.0497 8.8821 8.9897 12.006
1.5106 2.4309 1.5873 1.1121 1.4651 2.0576
4607 16
5 4 3 8 3 5
2.9822 4.0074 6.0096 8.8874 9.0665 12.007
1.4293 2.4556 1.5048 0.97191 1.5027 1.9138
4608 16
7 5 2 6 8 8
1.9393 2.9724 4.037 7.4332 9.034 11.995
1.9501 1.4042 2.035 1.5066 1.0847 1.479
4609 16
7 5 2 6 8 8
2.0442 2.9992 3.9849 7.5538 8.9902 11.994
2.0004 1.4316 1.9646 1.5476 1.0247 1.4526
4610 16
7 5 2 6 8 8
2.0033 3.0153 4.0567 7.4799 9.1151 11.99
2.029 1.494 2.0448 1.4349 0.94363 1.5194
4611 16
7 5 2 6 8 8
2.0666 3.0195 4.0565 7.4688 8.9979 12.005
2.0079 1.5214 1.9723 1.5347 1.0338 1.4759
4612 16
3 4 8 7 5 2
2.0082 3.9708 5.1027 6.0137 7.9071 10.971
1.4708 2.4721 2.0554 1.4377 2.0323 1.4952
4613 16
3 4 8 7 5 2
2.0227 3.9476 5.0167 5.9895 7.9793 10.905
1.4411 2.5147 2.0464 1.4536 2.0167 1.5127
4614 16
3 4 8 7 5 2
1.998 3.9696 5.0126 5.937 8.0229 11.009
1.4884 2.4747 2.0869 1.52 1.9829 1.414
4615 16
3 7 5 8 7 8 2 5
1.9704 2.036 3.0116 4.9286 5.9475 9.0193 10.967 11.912
1.5765 2.0226 1.571 1.9947 1.4285 1.0055 1.5514 1.9787
4616 16
3 7 5 8 7 8 2 5
2.0651 1.9805 2.9064 4.9622 5.9825 8.9485 10.939 11.951
1.5135 1.9845 1.4689 2.0678 1.4694 0.93686 1.3957 2.0241
4617 16
3 7 5 8 7 8 2 5
2.0116 1.8835 2.9774 4.9856 5.9233 9.0255 11.072 12.043
1.462 2.0455 1.4556 1.952 1.5848 0.98048 1.5148 2.0106
4618 16
7 2 3 6 5 8 2 8
2.0532 3.9461 5.9794 7.4859 7.9805 8.9959 11.062 11.971
1.9657 2.0811 1.4844 1.5447 1.9764 0.98237 1.5603 1.4807
4619 16
7 2 3 6 5 8 2 8
2.146 3.9152 6.0643 7.5163 7.9812 9.0051 10.994 12.098
2.0366 2.0261 1.426 1.4516 1.9534 0.97997 1.5171 1.4711
4620 16
7 2 3 6 5 8 2 8
2.0689 4.0521 5.9825 7.4762 7.9556 9.0472 11.003 11.99
2.0082 2.0646 1.4349 1.4347 2.0349 1.0055 1.5418 1.5349
