42
3445 16
2 1 3 2 7 8 2 3
2.4526 2.9424 3.2348 4.1049 12.184 12.443 12.719 13.925
1.6289 1.4585 1.3187 2.3761 1.7021 2.8955 2.1136 1.1938
3446 16
1 7 2 5 4 2 8 5
0.29771 1.4387 1.625 2.3809 2.9373 4.7965 7.1075 12.881
2.7554 1.9808 2.5232 2.3775 2.9829 2.671 2.421 1.7661
3447 16
4 6 5 1 4 1 7
2.2867 3.9405 6.0704 6.9481 8.3603 9.7953 11.836
2.6772 2.8135 2.3334 2.273 1.0865 2.2623 2.2713
3448 16
6 4 6 4 3
3.2283 4.8899 6.3472 8.3478 8.9524
1.0845 1.3113 1.7102 1.6012 1.3245
3449 16
6 8 7 1 5 4 1
0.95024 1.5485 3.7966 3.8514 10.105 10.218 13.269
1.5006 2.7389 2.6644 1.542 2.605 2.5184 1.7099
3450 16
1 4 3 7
2.0341 4.0568 6.0045 5.9479
1.5702 2.5044 1.3945 1.4709
3451 16
1 4 3 7
2.0279 4.0141 6.0691 5.9581
1.5155 2.5179 1.58 1.4728
3452 16
1 4 3 7
1.9423 3.9923 5.9371 6.0117
1.5552 2.5682 1.4861 1.4986
3453 16
1 4 3 7
1.9392 4.0162 6.0328 6.0148
1.4392 2.4642 1.5246 1.4803
3454 16
2 6 2 8
4.0005 7.5234 7.9988 8.9921
2.0361 1.544 1.475 1.0445
3455 16
2 6 2 8
3.9483 7.4713 8.015 9.0841
1.9403 1.4349 1.4641 0.97109
3456 16
2 6 2 8
3.9908 7.4765 7.9986 8.9862
1.9768 1.5532 1.4986 1.026
3457 16
2 6 2 8
3.9674 7.5128 7.9808 8.8915
2.0421 1.4734 1.4338 1.0131
3458 16
3 8 3 2 8 5
1.9971 5.0542 5.926 7.9846 9.0326 12.039
1.558 1.9938 1.4408 1.5551 0.93125 1.9822
3459 16
3 8 3 2 8 5
2.0135 5.0317 6.0688 7.9323 9.0453 12.015
1.4893 1.9854 1.5295 1.5307 1.0182 1.9142
3460 16
3 8 3 2 8 5
1.9767 4.978 6.0158 7.9225 8.8882 12.006
1.4241 2.0585 1.415 1.5743 1.0682 2.0411
3461 16
3 8 3 2 8 5
1.9977 5.0195 5.955 8.0306 8.9529 12.041
1.5056 1.9757 1.3965 1.5038 0.8882 1.9946
3462 16
3 8 3 2 8 5
6.0173 8.9102 9.0155 11.005 12.016 12.075
1.487 0.99492 1.4427 1.4746 1.437 1.9831
3463 16
3 8 3 2 8 5
5.9867 9.1154 9.0787 10.97 12.037 11.955
1.4756 1.0142 1.5586 1.4374 1.3964 2.0337
3464 16
3 8 3 2 8 5
5.9141 8.9974 8.9131 11.113 11.955 11.915
1.4659 1.0199 1.4752 1.3867 1.5289 2.0436
3465 16
3 8 3 2 8 5
5.9954 9.0584 8.9672 11.102 12.025 12.02
1.4358 1.0271 1.5078 1.5295 1.4811 2.0028
3466 16
4 8 1 2 3 8
4.0142 5.0619 6.039 7.9549 9.0039 12.027
2.5054 2.0297 1.9337 1.4887 1.4386 1.4885
3467 16
4 8 1 2 3 8
4.0747 5.0142 5.9652 7.9123 9.0403 12.018
2.468 1.9944 2.0711 1.4419 1.4651 1.4686
3468 16
4 8 1 2 3 8
4.0566 4.9719 6.0288 8.0029 9.0128 11.964
2.4162 1.937 1.9334 1.4944 1.5012 1.5069
3469 16
4 8 1 2 3 8
3.9843 5.0113 5.9411 7.9527 8.9644 11.977
2.461 2.006 2.0739 1.4532 1.5264 1.4813
3470 16
5 4 3 8 3 5
2.959 3.9744 6.0147 9.0482 8.9918 11.931
1.5049 2.6105 1.5606 0.9863 1.5731 1.9952
3471 16
5 4 3 8 3 5
3.0017 4.0383 5.9915 9.0778 9.0936 11.914
1.4913 2.3703 1.485 0.96186 1.5603 1.9776
3472 16
5 4 3 8 3 5
2.9264 3.9735 6.0297 8.9387 8.9615 12.093
1.4167 2.4274 1.4983 1.0588 1.4774 1.8977
3473 16
5 4 3 8 3 5
2.9814 3.9423 6.0608 8.9374 9.1302 11.974
1.4755 2.5714 1.467 1.003 1.5278 2.0221
3474 16
7 5 2 6 8 8
2.0636 2.9691 3.8917 7.474 8.9035 11.941
1.8749 1.4402 2.0201 1.4152 1.0149 1.5217
3475 16
7 5 2 6 8 8
1.8881 3.0299 4.0581 7.456 8.9831 11.968
2.0448 1.4762 2.0868 1.5744 0.97264 1.4727
3476 16
7 5 2 6 8 8
2.0703 3.0725 4.0939 7.5023 9.0707 12.006
1.9108 1.5233 2.012 1.5399 1.0225 1.459
3477 16
7 5 2 6 8 8
1.9848 3.0224 3.9132 7.4295 8.9829 11.998
2.0193 1.4182 2.0741 1.4087 1.0741 1.4484
3478 16
3 4 8 7 5 2
2.006 3.9583 4.8798 6.0336 7.9635 11.047
1.4081 2.5205 2.0731 1.4231 1.9257 1.4988
3479 16
3 4 8 7 5 2
1.9741 3.9999 4.9934 5.9957 8.0359 10.972
1.47 2.4504 2.0469 1.5473 1.9936 1.5359
3480 16
3 4 8 7 5 2
1.9377 4.0483 5.0305 5.9984 7.9787 11.025
1.4751 2.5361 2.0159 1.5235 1.9551 1.5021
3481 16
3 7 5 8 7 8 2 5
1.9406 2.0375 2.9499 5.0188 5.9759 8.9287 10.977 11.974
1.4214 2.0417 1.4686 1.9945 1.5104 1.0244 1.444 1.9754
3482 16
3 7 5 8 7 8 2 5
1.9502 2.0801 2.9598 5.0099 6.0274 9.008 11.063 11.971
1.4071 2.0789 1.5442 1.9916 1.5076 1.0578 1.5088 2.0971
3483 16
3 7 5 8 7 8 2 5
2.0106 1.9322 2.9288 4.939 5.9992 9.009 10.926 12.085
1.4196 2.0003 1.5856 1.9468 1.6184 0.92566 1.4166 2.007
3484 16
7 2 3 6 5 8 2 8
1.9863 3.9817 5.9735 7.4563 7.9447 9.0612 11.088 12.018
1.9596 1.9606 1.4963 1.4764 1.9631 0.97939 1.3973 1.5833
3485 16
7 2 3 6 5 8 2 8
2.0455 3.9792 6.0739 7.5072 7.9623 8.9712 11.037 11.983
1.9797 1.9898 1.5327 1.4734 2.0338 1.0327 1.56 1.4777
3486 16
7 2 3 6 5 8 2 8
1.9349 3.9835 6.0049 7.4867 7.9411 9.0486 10.982 11.903
2.0057 2.0307 1.4531 1.5382 1.9904 0.97935 1.4666 1.571
