42
4033 16
1 3 8 3
2.5628 8.8293 11.291 12.055
2.0032 2.9855 1.4297 2.309
4034 16
1 6 7 2 5 3
0.28099 2.4894 11.267 11.56 12.662 13.156
2.1353 2.7375 2.6614 2.0154 2.7943 1.796
4035 16
2 1 4 3 5
3.1523 7.681 7.7334 10.879 12.575
2.6588 1.8667 1.7884 1.8695 2.7101
4036 16
1 1 7 3 5 1 6 5
0.075959 3.2717 3.9776 4.4231 5.4577 8.1436 8.1499 11.786
1.9021 1.6197 2.1962 1.4159 2.8581 1.9329 1.983 2.5727
4037 16
7 2 3 1 4 2 8 7
2.4541 2.8717 3.0824 4.0323 9.2658 9.9239 10.513 12.194
2.8326 2.0128 2.1379 1.9309 1.3367 2.5354 1.5226 2.0235
4038 16
1 4 3 7
1.9149 4.0051 5.8862 6.0333
1.5509 2.562 1.4368 1.4485
4039 16
1 4 3 7
2.0528 4.0257 5.943 6.0137
1.4285 2.5396 1.5096 1.4703
4040 16
1 4 3 7
1.9988 3.9912 6.0024 6.0228
1.4388 2.4931 1.4652 1.5283
4041 16
1 4 3 7
1.9971 4.0547 6.0859 5.8883
1.6449 2.561 1.4113 1.4556
4042 16
2 6 2 8
4.0399 7.5278 7.9614 9.028
1.9427 1.5023 1.5501 0.97549
4043 16
2 6 2 8
3.9373 7.5345 8.0139 9.0607
2.0159 1.5267 1.5224 1.1295
4044 16
2 6 2 8
4.0715 7.5422 7.9976 8.9723
2.0377 1.5075 1.481 0.97754
4045 16
2 6 2 8
3.9691 7.5486 8.0011 9.0466
1.9701 1.5018 1.4802 1.0197
4046 16
3 8 3 2 8 5
1.9895 5.0028 6.0136 8.0151 9.0594 11.987
1.5632 1.9839 1.5157 1.4961 0.98001 1.9745
4047 16
3 8 3 2 8 5
1.9235 5.0759 5.9827 8.0711 8.9143 11.993
1.4675 2.0745 1.3979 1.5121 0.88182 2.1064
4048 16
3 8 3 2 8 5
2.0329 4.9599 5.9813 8.0227 9.0289 12.003
1.4653 2.0523 1.5504 1.4275 1.0369 1.9472
4049 16
3 8 3 2 8 5
1.9364 5.0193 6.0179 7.9933 9.0283 12.012
1.4787 1.9667 1.4791 1.432 0.88722 2.0049
4050 16
3 8 3 2 8 5
5.9706 9.0029 8.9766 10.983 12.029 12.093
1.5925 0.99283 1.5273 1.4445 1.5936 2.0883
4051 16
3 8 3 2 8 5
5.9813 9.0446 8.9632 11.008 11.955 12.096
1.5255 0.99532 1.5202 1.5538 1.3576 1.9364
4052 16
3 8 3 2 8 5
6.0357 8.9403 8.9846 10.975 11.95 12.009
1.5178 0.96545 1.472 1.4903 1.4519 2.0348
4053 16
3 8 3 2 8 5
6.0063 8.9728 8.9543 11.147 12.078 11.965
1.5542 1.0278 1.4287 1.5197 1.5699 2.0047
4054 16
4 8 1 2 3 8
4.0609 5.0437 5.9219 7.9806 9.0224 11.962
2.5455 1.9578 2.028 1.5373 1.4722 1.5079
4055 16
4 8 1 2 3 8
4.0146 5.0057 5.9557 8.045 9.0062 11.965
2.5382 2.0017 2.0267 1.3868 1.4356 1.516
4056 16
4 8 1 2 3 8
4.0397 4.8439 5.9733 7.9175 8.9858 12.024
2.4842 1.9681 1.9746 1.421 1.5392 1.5278
4057 16
4 8 1 2 3 8
3.9906 4.9556 5.9718 8.0052 9.0446 11.972
2.5334 1.9257 1.9153 1.6556 1.5293 1.4817
4058 16
5 4 3 8 3 5
3.047 4.0077 5.977 8.8921 8.9508 12.008
1.464 2.5836 1.38 1.0625 1.4234 2.1216
4059 16
5 4 3 8 3 5
3.0039 3.9524 5.9589 9.0461 9.0341 12.059
1.4915 2.5253 1.5482 1.0494 1.5174 2.0343
4060 16
5 4 3 8 3 5
3.0329 4.0127 5.9832 9.0508 8.8802 12.016
1.5745 2.4514 1.5191 1.0242 1.5746 2.0503
4061 16
5 4 3 8 3 5
3.0308 4.0028 6.0211 9.0033 8.991 12.017
1.4498 2.5344 1.5267 1.0087 1.4702 2.0289
4062 16
7 5 2 6 8 8
1.9806 3.0716 3.9718 7.5625 9.0535 11.997
2.013 1.5471 2.0565 1.5394 0.92905 1.551
4063 16
7 5 2 6 8 8
2.0096 2.9809 4.0202 7.5139 8.83 11.928
1.941 1.51 1.9946 1.4507 0.98198 1.4994
4064 16
7 5 2 6 8 8
2.0056 3.0848 3.9913 7.5554 8.9274 12.021
1.9592 1.5292 1.9351 1.4409 0.98052 1.5497
4065 16
7 5 2 6 8 8
1.9785 2.9789 3.9643 7.497 8.9654 12.015
1.9885 1.5622 1.9929 1.4917 0.97585 1.4924
4066 16
3 4 8 7 5 2
2.0628 4.0364 5.0383 6.0567 8.0265 10.98
1.5312 2.4898 1.8825 1.5445 2.0098 1.533
4067 16
3 4 8 7 5 2
1.9864 4.0834 4.9974 6.0261 7.9335 11.081
1.5347 2.456 1.929 1.5182 2.0289 1.4289
4068 16
3 4 8 7 5 2
1.8969 4.043 5.0065 5.9163 8.0257 10.993
1.5292 2.4713 2.0058 1.4327 1.9317 1.5819
4069 16
3 7 5 8 7 8 2 5
1.9468 1.9438 3.0075 4.9199 6.0213 9.1123 10.967 12.003
1.5031 2.0194 1.4553 2.0662 1.4353 0.95539 1.4798 1.9966
4070 16
3 7 5 8 7 8 2 5
2.0069 1.9771 2.9882 4.9815 6.0313 9.0399 10.926 11.991
1.5841 2.0274 1.5058 1.9856 1.5317 1.0746 1.4368 1.9847
4071 16
3 7 5 8 7 8 2 5
2.0746 1.9912 3.0368 4.9691 5.9715 9.0206 10.95 12.023
1.5313 1.9108 1.4892 1.9482 1.6021 0.97502 1.5227 1.991
4072 16
7 2 3 6 5 8 2 8
1.9885 3.9644 5.9422 7.5074 8.0513 8.9916 11.115 12.07
1.9744 2.0362 1.4897 1.5321 1.9488 1.0625 1.57 1.5259
4073 16
7 2 3 6 5 8 2 8
2.0307 3.9758 6.028 7.5682 7.9733 9.0224 10.992 12.004
2.0069 1.9867 1.5896 1.5745 1.9463 1.0551 1.4633 1.5067
4074 16
7 2 3 6 5 8 2 8
1.9918 3.9884 5.961 7.4511 8.0194 8.9264 10.991 12.054
2.0635 2.0453 1.4416 1.4054 1.9728 0.86998 1.4625 1.5345
