42
4621 16
3 2 1 6
0.31489 7.5319 8.3627 14.791
1.363 2.1716 2.6002 1.0601
4622 16
6 8 2 8 3 6 1
2.2978 3.9974 6.5103 9.6515 10.076 11.401 12.13
1.0734 2.9254 1.3886 2.4603 2.9085 1.3273 2.0871
4623 16
7 5 4 3 2 3
2.0402 7.0492 9.1478 9.7944 10.028 12.545
1.2936 2.1025 1.0291 1.7467 1.1792 1.5388
4624 16
1 8 6 3 8 6
0.17515 1.8672 7.539 8.6213 9.7075 10.178
2.1439 1.823 2.3058 2.8111 2.2255 2.3424
4625 16
2 7 4 3 6 7
4.5257 5.3867 7.268 8.2499 9.2116 9.5254
2.5294 2.3457 2.8076 2.153 2.2901 2.508
4626 16
1 4 3 7
2.0013 3.9943 6.0225 6.0793
1.4421 2.54 1.5574 1.5045
4627 16
1 4 3 7
1.9191 3.9366 6.0261 6.0565
1.5002 2.5349 1.4308 1.4731
4628 16
1 4 3 7
1.9579 3.9582 5.9205 5.9353
1.4847 2.5162 1.4493 1.4892
4629 16
1 4 3 7
2.0645 3.975 6.0084 5.9946
1.5225 2.5382 1.5472 1.5045
4630 16
2 6 2 8
4.0323 7.4411 7.9694 8.9467
2.012 1.51 1.6062 0.93577
4631 16
2 6 2 8
3.9876 7.5278 8.062 9.004
1.8703 1.4437 1.4686 1.0103
4632 16
2 6 2 8
4.0188 7.4227 7.9579 9.0355
2.039 1.4636 1.5031 1.0421
4633 16
2 6 2 8
4.036 7.5391 7.9586 8.99
2.0182 1.4367 1.4145 1.0773
4634 16
3 8 3 2 8 5
1.9359 4.8641 6.0172 7.9658 8.9538 12.039
1.5007 2.0025 1.5364 1.5899 0.95791 1.9945
4635 16
3 8 3 2 8 5
2.0735 5.027 5.9017 7.9151 9.0125 12.025
1.5089 1.9861 1.5335 1.5233 1.0289 2.0878
4636 16
3 8 3 2 8 5
1.9986 5.0444 6.0055 7.9067 8.9731 11.98
1.5771 1.9906 1.5029 1.5897 0.98635 2.0245
4637 16
3 8 3 2 8 5
2.0135 4.9559 5.9396 7.9923 8.993 11.969
1.4564 2.046 1.4734 1.5028 1.0121 2.0265
4638 16
3 8 3 2 8 5
6.0252 9.0566 8.9835 11.025 12.055 12.039
1.5203 0.87829 1.5935 1.5702 1.5097 2.0125
4639 16
3 8 3 2 8 5
5.9971 8.9935 9.0453 11.083 11.983 12.042
1.5321 1.0215 1.5156 1.626 1.4961 1.9804
4640 16
3 8 3 2 8 5
5.9282 9.013 8.9067 11.026 11.993 12.033
1.5718 1.0971 1.5728 1.4267 1.5028 2.0329
4641 16
3 8 3 2 8 5
6.022 8.9649 9.0438 11.045 11.881 12.02
1.3967 1.0982 1.4895 1.6474 1.423 1.9984
4642 16
4 8 1 2 3 8
3.9097 5.1508 5.9911 8.0159 9.0146 12.023
2.4878 1.9993 1.9149 1.4719 1.5304 1.5477
4643 16
4 8 1 2 3 8
4.0507 5.0283 5.9966 8.0236 9.0649 11.942
2.5819 1.9822 1.9559 1.4393 1.4611 1.5181
4644 16
4 8 1 2 3 8
3.9638 4.906 5.9414 7.9702 8.9263 12.073
2.4749 2.1017 1.99 1.3912 1.5178 1.561
4645 16
4 8 1 2 3 8
4.0397 5.0209 6.1251 7.9773 8.9584 12.027
2.5779 1.9988 1.9298 1.492 1.3879 1.5193
4646 16
5 4 3 8 3 5
3.0032 3.9799 6.0264 8.9819 9 11.896
1.5351 2.5183 1.4226 1.0245 1.4991 2.0054
4647 16
5 4 3 8 3 5
3.0142 3.9689 5.9757 8.9633 8.9926 12.047
1.5389 2.5087 1.5434 1.0813 1.548 1.9967
4648 16
5 4 3 8 3 5
2.9953 4.086 6.0427 8.9747 9.0717 11.951
1.6019 2.513 1.4629 1.0018 1.4497 2.0457
4649 16
5 4 3 8 3 5
2.9975 4.0447 5.9728 9.0274 8.9633 12.024
1.4354 2.4841 1.4453 0.94464 1.6269 1.9651
4650 16
7 5 2 6 8 8
2.0061 2.9006 4.0488 7.42 8.9552 11.987
2.0748 1.4924 1.9989 1.6142 0.88454 1.4809
4651 16
7 5 2 6 8 8
1.9743 3.1036 4.0137 7.5034 8.9797 12.165
2.0843 1.4851 1.9464 1.5069 0.99375 1.4892
4652 16
7 5 2 6 8 8
1.9737 2.9363 4.1165 7.4099 8.9525 12.043
2.0303 1.4255 2.0181 1.458 1.0205 1.4698
4653 16
7 5 2 6 8 8
2.0532 2.9443 3.9939 7.5527 9.024 12.014
2.0127 1.494 2.0404 1.4843 0.98958 1.4003
4654 16
3 4 8 7 5 2
2.009 4.0428 5.0176 5.905 7.9312 10.984
1.5317 2.4704 2.0237 1.4023 2.0407 1.5731
4655 16
3 4 8 7 5 2
1.9854 4.0462 5.0395 6.0297 7.9763 10.954
1.4977 2.501 1.9129 1.5735 2.0486 1.5773
4656 16
3 4 8 7 5 2
1.8979 4.0612 5.0289 6.082 7.9654 11.026
1.4172 2.5788 2.0165 1.4788 1.9772 1.4433
4657 16
3 7 5 8 7 8 2 5
1.9225 1.9511 3.0315 4.9324 6.0375 8.9532 11.013 11.948
1.5314 2.0646 1.5246 1.9754 1.5402 1.0393 1.5355 2.0335
4658 16
3 7 5 8 7 8 2 5
2.0157 1.9921 3.0518 5.0655 5.9831 8.9851 10.886 11.979
1.5051 1.9892 1.4712 1.9654 1.4945 0.97507 1.4402 1.9876
4659 16
3 7 5 8 7 8 2 5
2.0161 2.0333 2.9845 5.0047 5.9599 8.9768 10.934 12.065
1.4777 1.9521 1.5146 2.0579 1.6733 0.94387 1.4123 1.9152
4660 16
7 2 3 6 5 8 2 8
1.9637 3.9939 5.9293 7.551 8.0662 8.9851 11.004 11.863
1.9501 1.9343 1.4662 1.5445 1.9183 0.99905 1.4758 1.4656
4661 16
7 2 3 6 5 8 2 8
2.0338 3.9621 5.9978 7.5003 8.0031 9.0767 10.969 11.934
1.959 1.9971 1.4999 1.524 1.9323 1.0373 1.5481 1.513
4662 16
7 2 3 6 5 8 2 8
2.0016 3.9019 5.9601 7.4508 7.9938 8.9667 11.023 12.109
2.0402 1.9718 1.5071 1.4969 1.9469 0.97418 1.5281 1.397
