41
7910 16
8 1 5 6 8 6
2.9187 3.2441 6.4068 7.1405 9.5032 12.97
2.5231 1.0637 2.2094 1.7306 2.359 2.9477
7911 16
6 3 5 8 4 1
1.9114 3.3963 6.9743 12.515 12.707 13.111
2.3874 1.4361 1.1314 2.2121 1.6364 2.127
7912 16
6 8 3 8 5
0.56579 4.8518 7.4387 9.9268 13.414
2.2279 2.5045 1.7894 2.2149 2.0169
7913 16
8 6 3 5 7 8
1.7707 4.7513 4.9162 8.7567 9.523 12.202
2.5916 1.6227 1.7122 2.103 2.2551 1.6278
7914 16
4 5 7 5 1 5
1.6938 2.256 3.6989 8.1447 9.7708 10.601
1.7703 2.222 1.5364 1.6466 1.1872 1.579
7915 16
1 4 3 7
2.0338 3.999 5.9717 6.0303
1.4708 2.5079 1.5211 1.4238
7916 16
1 4 3 7
2.1974 4.0097 5.9273 6.0551
1.4822 2.498 1.4708 1.5939
7917 16
1 4 3 7
2.0008 4.015 6.0533 6.0421
1.4271 2.5191 1.4991 1.507
7918 16
1 4 3 7
1.9703 3.971 6.0184 5.9397
1.5478 2.5327 1.5035 1.4731
7919 16
2 6 2 8
3.9879 7.4999 7.9742 8.9957
1.9109 1.5008 1.4392 1.0408
7920 16
2 6 2 8
4.0285 7.4936 7.9736 8.9601
2.0519 1.5054 1.456 0.97069
7921 16
2 6 2 8
4.0724 7.4681 8.0155 8.9594
1.9178 1.4125 1.4628 1.0379
7922 16
2 6 2 8
4.0021 7.4848 8.0413 9.1129
2.0456 1.5301 1.4548 1.084
7923 16
3 8 3 2 8 5
1.8714 4.9605 5.9909 8.0437 9.0364 12.062
1.4547 2.0145 1.4745 1.5137 0.94157 2.028
7924 16
3 8 3 2 8 5
1.9585 5.0668 5.9609 8.0779 9.042 12.041
1.4511 2.0103 1.4389 1.5725 0.98388 1.9958
7925 16
3 8 3 2 8 5
1.9892 5.049 5.9683 8.0131 8.9859 11.951
1.4537 2.0107 1.5088 1.4546 1.0355 2.0338
7926 16
3 8 3 2 8 5
2.048 4.9516 6.0468 7.9979 8.9599 12.001
1.5406 2.0322 1.5164 1.5365 1.051 1.9944
7927 16
3 8 3 2 8 5
5.9853 8.9964 8.9729 11.015 12.096 11.926
1.5124 1.0278 1.5122 1.4888 1.4718 2.0079
7928 16
3 8 3 2 8 5
6.032 9.0637 8.8955 11.065 11.991 12.037
1.5572 0.9572 1.556 1.489 1.5396 1.9421
7929 16
3 8 3 2 8 5
6.0037 8.9927 9.0327 11.015 11.952 11.948
1.4946 0.9342 1.5242 1.5251 1.5418 2.1077
7930 16
3 8 3 2 8 5
5.9894 9.086 8.9046 11.054 12.055 11.96
1.4225 0.99507 1.5942 1.4201 1.4824 2.0106
7931 16
4 8 1 2 3 8
4.0107 5.0238 5.9932 8.0724 9.0141 11.937
2.5518 1.9987 2.0488 1.557 1.48 1.4743
7932 16
4 8 1 2 3 8
4.0387 4.9986 5.9983 7.9233 8.9962 11.993
2.5665 2.0143 2.0402 1.4544 1.4577 1.4694
7933 16
4 8 1 2 3 8
3.9429 4.997 6.0691 8.006 8.9167 12.032
2.4736 1.9885 1.9876 1.5084 1.5241 1.5175
7934 16
4 8 1 2 3 8
4.0557 4.9671 6.0205 7.9978 9.0257 12.021
2.5046 1.9729 2.001 1.5601 1.5148 1.3951
7935 16
5 4 3 8 3 5
3.0589 3.9765 5.9687 8.9572 9.0061 11.948
1.4828 2.4856 1.5204 0.9066 1.456 1.9599
7936 16
5 4 3 8 3 5
3.0847 3.958 6.0445 8.99 9.0147 12.041
1.5101 2.5698 1.4939 0.97862 1.4537 1.9967
7937 16
5 4 3 8 3 5
3.0217 4.0204 5.9819 8.9163 9.0067 12.032
1.4762 2.4576 1.3985 1.0608 1.5631 2.0373
7938 16
5 4 3 8 3 5
2.995 3.9585 5.9978 9.0371 8.9556 11.974
1.4121 2.5766 1.4549 0.92851 1.5569 1.9521
7939 16
7 5 2 6 8 8
2.0132 3.0453 3.9629 7.4619 9.07 11.993
1.9008 1.4113 1.9408 1.4319 1.0176 1.5392
7940 16
7 5 2 6 8 8
2.0806 2.9874 4.1104 7.5027 8.9813 12.074
2.0433 1.4086 1.9558 1.4675 1.0436 1.4717
7941 16
7 5 2 6 8 8
1.942 3.0265 3.9358 7.5394 9.0246 11.949
1.9738 1.488 2.0033 1.5844 1.0297 1.4875
7942 16
3 4 8 7 5 2
2.0564 3.9838 4.8946 6.0223 7.9801 11.039
1.5761 2.4692 1.9872 1.4882 2.0391 1.4662
7943 16
3 4 8 7 5 2
2.0353 3.9949 5.0018 5.9735 8.0171 11.004
1.4959 2.4821 1.968 1.4988 2.0127 1.5325
7944 16
3 4 8 7 5 2
2.057 3.9269 4.9447 6.0265 7.9746 10.996
1.5521 2.4906 2.0159 1.47 2.0186 1.6053
7945 16
3 7 5 8 7 8 2 5
2.0513 2.0407 3.0167 4.9616 6.0004 8.9523 10.96 11.907
1.5247 1.9473 1.4806 2.0262 1.4713 1.0779 1.612 2.0725
7946 16
3 7 5 8 7 8 2 5
1.869 1.9356 2.9625 5.0024 5.9785 8.9881 11.018 12.045
1.4783 2.046 1.4716 2.072 1.4348 0.97649 1.5744 2.0895
7947 16
3 7 5 8 7 8 2 5
2.0447 1.9753 3.015 5.0123 6.0329 9.0115 11.006 11.992
1.449 2.0174 1.5478 2.0059 1.5095 1.1188 1.5082 2.0859
7948 16
7 2 3 6 5 8 2 8
2.0268 3.9708 5.8982 7.453 7.8719 9.059 10.985 11.983
2.079 2.0866 1.4536 1.5089 2.0542 0.97008 1.5338 1.572
7949 16
7 2 3 6 5 8 2 8
2.0592 3.9124 5.9445 7.5206 8.0093 9.012 10.973 11.992
2.0757 2.0083 1.5412 1.4895 1.9766 0.93439 1.5276 1.5364
7950 16
7 2 3 6 5 8 2 8
2.0426 3.9645 6.0757 7.5178 7.9636 8.8656 11.02 11.965
1.93 2.0239 1.4756 1.5491 2.0381 0.90928 1.4501 1.6097
