41
8812 16
5 6 4 2 8 5 7 2
0.046589 3.5834 7.9746 8.251 10.358 10.591 10.938 11.877
1.062 2.1622 1.2062 2.1515 1.2888 1.2311 1.1205 2.8782
8813 16
6 2 3 4 4 5 8
0.38014 1.7986 4.9329 7.202 9.7827 12.053 12.132
1.8676 2.3066 2.2785 1.8072 2.6284 1.6505 2.6187
8814 16
4 8 2 3 5 5
0.13727 2.6634 4.1619 8.094 8.4166 10.286
1.7386 1.6415 2.6297 2.3274 1.6462 2.7391
8815 16
5 6 7 3 7 4 8
0.84207 1.6172 2.0556 2.8608 6.3113 7.5098 9.1351
2.4385 1.706 2.7222 2.7227 2.8725 1.9983 2.1933
8816 16
2 3 5 5 3 1 3 6
0.46185 1.5513 2.3782 4.0551 5.2475 9.6077 10.073 11.036
1.0115 2.8649 1.0742 2.1968 2.3092 2.0734 2.3079 2.5293
8817 16
1 4 3 7
1.9601 3.9718 6.1448 6.0159
1.4998 2.4328 1.5239 1.4449
8818 16
1 4 3 7
1.9393 4.0582 5.9708 6.0561
1.4923 2.5247 1.4239 1.4196
8819 16
1 4 3 7
1.955 4.0978 6.0625 6.0389
1.5158 2.5521 1.4747 1.5227
8820 16
1 4 3 7
1.9637 3.9808 5.9487 5.9782
1.476 2.551 1.4738 1.532
8821 16
2 6 2 8
3.9998 7.5073 8.1038 8.9447
1.999 1.3367 1.4532 0.95468
8822 16
2 6 2 8
3.9198 7.5335 8.0224 8.9613
1.9964 1.5443 1.4788 1.0303
8823 16
2 6 2 8
4.0264 7.3951 8.0116 8.9921
2.0597 1.4538 1.5038 0.98245
8824 16
2 6 2 8
4.0069 7.5421 7.939 8.9973
2.0152 1.4946 1.4967 0.98434
8825 16
3 8 3 2 8 5
2.0154 4.9389 6.061 8.0322 9.0751 11.957
1.4862 1.9918 1.4639 1.5262 1.0365 1.9951
8826 16
3 8 3 2 8 5
1.9847 4.9038 6.0141 8.0331 9.0231 11.968
1.5146 2.0061 1.4697 1.5363 0.97184 1.9642
8827 16
3 8 3 2 8 5
2.0349 4.988 5.9203 7.9355 8.9735 12.036
1.5358 1.9492 1.47 1.4667 0.95907 2.0379
8828 16
3 8 3 2 8 5
1.9639 5.0209 6.04 7.9263 9.0233 12.022
1.56 1.8948 1.5365 1.5744 0.99947 1.9816
8829 16
3 8 3 2 8 5
5.9834 9.0171 9.0586 10.997 11.901 12.007
1.4722 0.96773 1.5291 1.5479 1.4554 1.9761
8830 16
3 8 3 2 8 5
6.0147 9.0489 8.96 11.034 12.025 12.038
1.5191 0.95256 1.4484 1.499 1.5053 1.931
8831 16
3 8 3 2 8 5
5.9417 9.0012 9.0487 10.921 12.048 11.893
1.492 1.0754 1.6047 1.5291 1.5777 2.0376
8832 16
3 8 3 2 8 5
5.9812 9.0037 9.007 10.985 12.045 11.989
1.5021 1.0287 1.513 1.4677 1.5647 1.9708
8833 16
4 8 1 2 3 8
3.9444 4.9591 5.9249 7.9523 9.0451 11.958
2.5019 2.0458 1.9779 1.4935 1.4973 1.4752
8834 16
4 8 1 2 3 8
3.9221 4.9364 6.0244 7.9908 8.9909 11.998
2.507 1.9776 1.957 1.5404 1.5233 1.5337
8835 16
4 8 1 2 3 8
4.0373 4.9918 5.99 8.0166 9.0278 11.975
2.5263 2.0769 1.913 1.4983 1.5197 1.5143
8836 16
4 8 1 2 3 8
3.9408 4.9859 5.9746 8.0494 9.0674 11.954
2.4356 1.9897 1.9878 1.6184 1.4674 1.4833
8837 16
5 4 3 8 3 5
2.9415 3.902 5.9076 9.0273 9.0244 11.873
1.498 2.433 1.5365 0.93834 1.5786 2.0716
8838 16
5 4 3 8 3 5
3.0237 3.9967 5.8992 8.9844 9.0368 12.013
1.4854 2.4695 1.57 0.94837 1.5545 1.9895
8839 16
5 4 3 8 3 5
3.0185 4.0908 6.0207 9.0106 9.0726 11.937
1.5481 2.5251 1.6163 0.96305 1.4864 1.9187
8840 16
5 4 3 8 3 5
2.9443 3.9524 6.0373 8.9998 9.0023 11.971
1.5791 2.5954 1.5266 0.92717 1.5171 1.979
8841 16
7 5 2 6 8 8
2.0638 2.9629 3.9535 7.4935 8.9913 12.011
2.0218 1.5069 2.0321 1.5151 0.96768 1.4289
8842 16
7 5 2 6 8 8
2.001 2.9992 3.9571 7.5108 8.9364 12.049
1.9608 1.4794 1.9611 1.5719 1.1124 1.5843
8843 16
7 5 2 6 8 8
1.9772 3.0195 4.0001 7.5507 8.8856 11.938
2.0055 1.5593 1.9666 1.4431 0.98584 1.4225
8844 16
3 4 8 7 5 2
1.9459 3.981 5.0522 5.9615 8.0075 10.974
1.5167 2.4867 1.9707 1.4516 1.96 1.4794
8845 16
3 4 8 7 5 2
2.0119 3.9792 5.0357 6.0085 8.0208 11.09
1.4207 2.507 2.1055 1.4554 2.0059 1.4643
8846 16
3 4 8 7 5 2
1.8582 3.9738 5.0595 6.0217 8.0679 10.983
1.4786 2.4647 1.9193 1.5119 1.914 1.5878
8847 16
3 7 5 8 7 8 2 5
1.9455 2.0551 2.9004 5.096 6.0161 9.0318 10.955 11.977
1.4424 2.0478 1.5081 2.0229 1.4176 0.90845 1.5085 2.0323
8848 16
3 7 5 8 7 8 2 5
2.0164 2.0553 2.9085 5.0648 6 8.9271 10.996 12.055
1.5376 2.0553 1.4698 1.8361 1.4948 1.0431 1.4872 1.9931
8849 16
3 7 5 8 7 8 2 5
1.9741 2.0047 2.9575 4.968 5.9788 9.0448 10.982 11.941
1.4377 1.9971 1.5368 2.0063 1.4517 0.97706 1.4964 1.9647
8850 16
7 2 3 6 5 8 2 8
1.9989 4.0722 5.9995 7.5177 8.0191 9.037 10.905 12.005
2.0186 1.945 1.4886 1.4885 1.9859 0.99162 1.5393 1.5559
8851 16
7 2 3 6 5 8 2 8
1.9772 3.9534 6.0014 7.5343 7.9624 8.9006 11.017 11.973
1.8924 2.0174 1.4097 1.5274 1.9448 0.97151 1.4047 1.5716
8852 16
7 2 3 6 5 8 2 8
1.9865 4.0763 5.9465 7.5685 8.0345 8.9949 11.01 12.032
2.0332 1.9716 1.5157 1.491 1.9824 1.0589 1.4681 1.5857
