41
8853 16
5 1 5 6 7 4 2
1.5676 1.7054 6.6586 6.8552 12.408 12.5 13.484
1.1137 1.6655 2.8676 2.8142 2.4038 1.2733 1.417
8854 16
8 7 1 1 8
5.0079 5.6816 7.0229 10.091 12.777
2.5673 1.3511 2.062 2.6432 2.1403
8855 16
5 2 5 7 5 7
5.1504 7.0294 9.8205 11.255 13.781 14.441
2.827 2.3738 1.6559 1.0553 1.6961 1.2624
8856 16
8 3 6 5
6.9804 9.1911 9.8094 10.227
2.2655 1.3136 2.2856 2.0184
8857 16
5 6 7 4 2
0.89948 6.1532 6.3159 7.6438 9.3842
1.971 1.186 2.747 1.1816 1.9374
8858 16
1 4 3 7
1.9142 3.9933 5.9755 6.0484
1.4613 2.5893 1.5284 1.5153
8859 16
1 4 3 7
2.0347 3.9742 6.02 5.9709
1.4794 2.4196 1.4746 1.5028
8860 16
1 4 3 7
2.0377 3.917 6.0132 5.9615
1.474 2.5603 1.4833 1.4462
8861 16
1 4 3 7
2.0083 3.8699 6.0319 6.0266
1.4445 2.379 1.5442 1.4802
8862 16
2 6 2 8
3.9163 7.4749 8.0529 9.0409
1.9152 1.5564 1.4758 1.0902
8863 16
2 6 2 8
3.8985 7.5367 7.9919 8.9619
1.9471 1.4476 1.5031 1.0058
8864 16
2 6 2 8
4.0527 7.4239 7.906 9.0205
1.9844 1.5425 1.5091 0.97415
8865 16
2 6 2 8
4.0121 7.4952 8.0017 8.9814
2.0366 1.4781 1.5953 0.9961
8866 16
3 8 3 2 8 5
1.9808 4.9297 6.1098 7.9359 9.0019 12.029
1.4951 2.0738 1.5354 1.4696 1.0062 1.9865
8867 16
3 8 3 2 8 5
1.948 5.0005 5.9521 7.9975 8.9503 11.999
1.5268 2.0057 1.5445 1.5964 1.0072 1.9405
8868 16
3 8 3 2 8 5
2.0007 5.0639 6.0127 8.0466 8.9541 12.001
1.4729 2.1225 1.5103 1.4453 0.94357 2.0505
8869 16
3 8 3 2 8 5
1.961 4.9862 5.9799 8.0849 8.9633 11.982
1.5138 2.0431 1.4904 1.6203 1.0546 2.0794
8870 16
3 8 3 2 8 5
5.9952 9.0943 9.0192 11.07 12.014 11.983
1.5635 0.95235 1.4407 1.5892 1.4974 1.9512
8871 16
3 8 3 2 8 5
6.014 9.0068 8.9994 10.972 11.998 12.07
1.472 1.014 1.4112 1.4248 1.5888 2.0582
8872 16
3 8 3 2 8 5
5.9381 8.9959 8.9489 10.997 11.942 11.96
1.3945 1.0445 1.4651 1.5024 1.5029 1.9702
8873 16
3 8 3 2 8 5
5.9958 9.0079 9.0094 10.947 11.92 11.96
1.4188 1.0666 1.5613 1.4345 1.4052 1.9463
8874 16
4 8 1 2 3 8
3.9137 4.9467 5.9966 8.0194 8.9982 11.978
2.5011 1.9721 2.0024 1.4996 1.462 1.5321
8875 16
4 8 1 2 3 8
4.1092 4.9926 5.958 7.9768 8.9042 11.988
2.5433 1.9351 1.929 1.5525 1.5058 1.5497
8876 16
4 8 1 2 3 8
4.0438 4.9881 5.996 7.9701 8.9296 11.93
2.5146 1.9935 2.1012 1.514 1.5232 1.4753
8877 16
4 8 1 2 3 8
4.0485 4.9815 5.9654 8.0547 9.0431 12.104
2.4308 2.0284 2.0308 1.4319 1.5175 1.531
8878 16
5 4 3 8 3 5
2.9313 3.9654 5.9551 9.1316 9.0148 12.007
1.5009 2.502 1.462 0.96112 1.4702 1.9965
8879 16
5 4 3 8 3 5
2.9771 4.1088 5.9884 9.1132 9.0225 12.013
1.4269 2.4745 1.4726 0.88829 1.5671 1.9773
8880 16
5 4 3 8 3 5
2.9422 3.901 5.9251 8.9847 9.0113 12.001
1.5045 2.5204 1.5548 1.0121 1.4972 1.9653
8881 16
5 4 3 8 3 5
2.9519 4.016 5.9703 9.0148 8.9066 11.97
1.4772 2.5028 1.5378 0.96667 1.4726 1.97
8882 16
7 5 2 6 8 8
2.0173 3.0138 3.934 7.4034 8.8973 11.906
2.0509 1.4563 2.074 1.4936 0.98461 1.4717
8883 16
7 5 2 6 8 8
1.9175 3.0277 4.0039 7.5781 8.9963 11.955
2.0144 1.5041 2.0485 1.4786 1.0145 1.452
8884 16
7 5 2 6 8 8
1.9298 3.0662 4.0186 7.6018 9.0289 11.992
1.9064 1.4897 2.0107 1.5254 0.91814 1.5164
8885 16
3 4 8 7 5 2
1.9729 3.9553 5.0592 6.0531 7.9436 11.003
1.4937 2.4909 1.9441 1.4037 2.0662 1.495
8886 16
3 4 8 7 5 2
2.0111 3.9935 5.0762 6.0249 8.0662 10.993
1.5489 2.5299 1.9645 1.5001 1.9417 1.5071
8887 16
3 4 8 7 5 2
2.0241 4.0461 5.0158 6.016 8.0405 11.001
1.5092 2.4714 1.9952 1.5777 2.0297 1.5216
8888 16
3 7 5 8 7 8 2 5
2.0578 1.9741 3.0485 5.0333 6.0029 9.053 10.966 11.97
1.4693 2.0008 1.4817 2.0603 1.445 0.96257 1.555 1.9892
8889 16
3 7 5 8 7 8 2 5
2.084 2.0492 3.0665 5.127 5.9963 8.9257 10.987 11.924
1.461 2.1087 1.5321 2.0323 1.5815 1.0624 1.5085 2.0284
8890 16
3 7 5 8 7 8 2 5
1.9496 1.9758 3.0086 5.0404 6.0202 9.0277 10.878 11.942
1.5029 1.9488 1.5737 2.057 1.5063 1.0057 1.4617 1.8997
8891 16
7 2 3 6 5 8 2 8
2.1356 3.9675 5.9928 7.4723 8.0037 9.025 10.938 12.035
1.9711 2.0156 1.4836 1.4042 2.0423 0.91694 1.5103 1.5116
8892 16
7 2 3 6 5 8 2 8
1.916 4.0082 6.0557 7.5083 7.9721 8.9176 11.025 11.976
2.0502 2.0307 1.5218 1.5534 2.0001 0.97056 1.5567 1.5053
8893 16
7 2 3 6 5 8 2 8
1.953 3.9998 6.0174 7.5022 7.9944 9.0444 11.038 11.997
1.927 2.0351 1.4617 1.5105 2.0566 1.0256 1.6136 1.5155
