42
5713 16
8 6 3 5 8 6 1 7
1.2009 4.9292 11.248 11.749 11.975 12.089 12.883 12.887
2.4472 2.2913 2.7384 1.9171 2.2322 1.0169 2.8922 2.6544
5714 16
5 7 6 6 1 5 7
2.1037 3.4851 8.0007 11.252 12.306 13.057 13.349
1.4562 2.1208 2.7572 1.7772 1.407 1.1109 2.6294
5715 16
3 2 1 3 6 8 4
4.6956 7.4584 8.162 11.683 11.727 12.528 14.809
1.081 1.9235 2.0238 2.8827 1.378 2.3869 1.1496
5716 16
8 1 5 4 3
0.42185 1.0946 3.0152 3.7325 5.1213
2.5198 1.8272 2.1522 2.5203 2.8433
5717 16
5 6 5 4
4.7362 5.8579 8.9059 12.672
2.1903 1.4713 1.6394 2.7815
5718 16
1 4 3 7
1.9807 3.9593 5.9945 5.9669
1.5161 2.5948 1.499 1.4877
5719 16
1 4 3 7
2.0067 4.0399 6.0666 6.0239
1.5739 2.4998 1.4318 1.5866
5720 16
1 4 3 7
2.0014 4.0063 6.0525 6.0872
1.5008 2.5592 1.4123 1.5013
5721 16
1 4 3 7
2.0275 3.9499 6.0929 5.9504
1.5043 2.5699 1.4537 1.5137
5722 16
2 6 2 8
3.9982 7.5406 8.0377 9.0183
1.96 1.5096 1.5771 0.97545
5723 16
2 6 2 8
4.0562 7.6093 7.9612 9.0828
2.1329 1.4396 1.5005 1.0426
5724 16
2 6 2 8
3.9399 7.4773 7.9637 9.0481
2.0236 1.5241 1.5239 0.96696
5725 16
2 6 2 8
4.0119 7.5769 7.9716 9.0283
1.9837 1.491 1.3591 0.99653
5726 16
3 8 3 2 8 5
2.0432 5.0042 5.9366 7.9447 8.946 12.009
1.5743 1.9366 1.4388 1.4443 0.96514 2.0411
5727 16
3 8 3 2 8 5
1.9756 5.0115 5.8952 7.9713 9.0064 12.005
1.4267 2.0501 1.4558 1.4711 1.0524 1.9814
5728 16
3 8 3 2 8 5
1.9915 5.1 5.9758 7.9015 8.9708 12.064
1.4456 1.9583 1.5579 1.5058 0.98935 2.001
5729 16
3 8 3 2 8 5
2.0006 5.0968 5.9745 8.0088 9.0165 11.991
1.5383 2.0629 1.5198 1.5469 1.0932 1.9958
5730 16
3 8 3 2 8 5
6.001 8.9265 9.0145 11.058 11.995 11.931
1.5018 1.0303 1.5055 1.4161 1.5697 1.878
5731 16
3 8 3 2 8 5
6.0179 8.9891 9.0018 11.012 11.969 12.011
1.5079 1.0012 1.5416 1.4611 1.5213 2.0428
5732 16
3 8 3 2 8 5
5.9279 8.9341 8.9921 10.959 12.004 11.969
1.4045 0.9327 1.5179 1.5143 1.5179 1.9897
5733 16
3 8 3 2 8 5
5.9755 9.0405 8.9193 10.979 11.932 11.944
1.5233 0.94472 1.5423 1.5234 1.4583 2.0716
5734 16
4 8 1 2 3 8
3.978 5.0441 6.0235 7.9977 9.0567 11.977
2.5923 2.0081 2.0605 1.5109 1.5393 1.5314
5735 16
4 8 1 2 3 8
3.9903 4.9652 5.9923 7.9889 9.0364 12.009
2.5296 2.0395 2.0236 1.5198 1.4545 1.511
5736 16
4 8 1 2 3 8
4.0768 4.8689 5.9817 7.987 8.96 12.071
2.5896 1.9072 1.9054 1.573 1.5149 1.5488
5737 16
4 8 1 2 3 8
4.0042 5.0211 5.9964 7.9537 9.0258 11.983
2.4989 1.9375 2.0315 1.4874 1.3975 1.4035
5738 16
5 4 3 8 3 5
3.0076 4.0277 6.076 8.9982 8.9918 12.049
1.4764 2.5586 1.5502 1.0463 1.5752 1.9228
5739 16
5 4 3 8 3 5
3.0479 4.0139 5.9671 9.071 9.1199 12.053
1.5127 2.5251 1.5247 1.0658 1.4026 1.9402
5740 16
5 4 3 8 3 5
3.023 4.0352 6.0765 9.078 8.9655 11.927
1.5661 2.5171 1.5208 0.8808 1.493 1.9783
5741 16
5 4 3 8 3 5
3.0381 4.0309 5.9726 8.9819 9.0298 12.027
1.4803 2.5673 1.5285 0.96889 1.5273 2.0255
5742 16
7 5 2 6 8 8
2.0159 3.0455 4.0013 7.4313 8.9614 12.043
2.0096 1.4845 2.0584 1.5085 0.98617 1.4566
5743 16
7 5 2 6 8 8
2.0546 2.9695 3.9586 7.4578 9.0368 11.983
2.0296 1.501 1.9834 1.5613 1.072 1.4936
5744 16
7 5 2 6 8 8
2.0276 3.0388 4.0028 7.4451 8.9752 11.976
1.906 1.5498 1.9921 1.5719 1.0077 1.4282
5745 16
7 5 2 6 8 8
1.9586 3.0015 3.9549 7.6164 8.9308 12.035
1.9908 1.4679 2.0126 1.5357 1.061 1.5171
5746 16
3 4 8 7 5 2
1.9426 4.1059 4.9926 6.026 7.9167 10.963
1.4727 2.4499 2.0166 1.5228 2.0245 1.4469
5747 16
3 4 8 7 5 2
1.9497 4.0061 4.9446 6.086 7.98 10.973
1.5026 2.4637 1.9453 1.5415 2.0335 1.4657
5748 16
3 4 8 7 5 2
2.0316 4.0954 5.0765 5.9628 8.0023 11.033
1.4986 2.5191 1.9648 1.4772 1.9701 1.5418
5749 16
3 7 5 8 7 8 2 5
2.0512 1.9621 3.0462 4.9727 5.8925 8.9993 11.022 11.996
1.538 2.0382 1.4882 1.9918 1.5109 1.0386 1.4986 1.9936
5750 16
3 7 5 8 7 8 2 5
2.0271 1.958 2.9788 5.0836 5.9618 9.0612 10.98 12.064
1.4563 1.9863 1.4654 2.0621 1.4903 0.94902 1.458 2.0102
5751 16
3 7 5 8 7 8 2 5
1.9223 1.9786 2.9679 5.1204 5.9607 9.029 10.989 11.987
1.5665 1.9701 1.4247 2.0053 1.5465 0.97922 1.5227 2.106
5752 16
7 2 3 6 5 8 2 8
2.0365 3.9746 6.0123 7.5162 8.0044 8.9762 11.088 12.06
1.9754 1.8988 1.5165 1.5249 1.9768 0.97789 1.4465 1.5105
5753 16
7 2 3 6 5 8 2 8
2.0464 4.0374 6.0121 7.4486 7.9433 8.9041 10.897 12.018
2.0966 1.985 1.591 1.4805 2.0442 1.0546 1.593 1.5475
5754 16
7 2 3 6 5 8 2 8
2.0454 3.966 6.007 7.4571 8.0746 9.0556 11.013 12.039
2.0484 1.9892 1.5036 1.4711 1.9813 0.99542 1.4626 1.5959
