42
1639 16
7 3 6 7 1 6
4.1748 4.5084 6.5821 7.1828 7.7837 10.426
2.1028 1.5452 2.0703 2.0786 2.7386 2.8966
1640 16
3 7 5 6 3
2.64 5.1757 7.6927 7.9733 9.9824
2.0695 2.1304 2.9267 2.3916 2.6953
1641 16
7 5 6 3 2 4
1.4294 2.0529 2.5938 5.5964 5.9971 11.655
1.71 1.9028 2.0108 1.9726 2.9776 2.3349
1642 16
6 3 4 8 4 3 8 8
0.36743 1.9257 3.4778 6.9217 7.0554 8.2768 9.8912 13.472
2.2294 2.988 1.4655 2.1555 2.8383 2.0422 1.7161 2.4048
1643 16
1 2 6 3 7
0.20475 0.72635 6.4739 7.498 12.512
2.1041 2.8891 2.5772 1.5995 1.6924
1644 16
1 4 3 7
2.0033 3.9849 6.0326 6.019
1.4592 2.5394 1.4639 1.4078
1645 16
1 4 3 7
1.9362 3.9561 5.9889 6.0493
1.5454 2.5121 1.4251 1.4995
1646 16
1 4 3 7
2.0602 3.9332 5.9862 6.0056
1.4631 2.5677 1.4834 1.5904
1647 16
1 4 3 7
2.0376 3.9573 5.9979 5.9612
1.5779 2.4837 1.4793 1.5306
1648 16
2 6 2 8
4.0261 7.5296 7.9869 9.0489
2.0191 1.4877 1.5292 0.89599
1649 16
2 6 2 8
4.0249 7.5116 7.9798 9.0278
2.0596 1.4468 1.5451 1.0117
1650 16
2 6 2 8
4.0104 7.4295 7.9852 9.0002
1.8704 1.5499 1.5182 0.99211
1651 16
2 6 2 8
3.9694 7.4936 8.0477 8.969
2.042 1.4971 1.4772 0.96818
1652 16
3 8 3 2 8 5
2.0711 4.9966 5.9878 8.0172 8.9528 11.979
1.4819 2.0068 1.501 1.5426 0.99568 1.9763
1653 16
3 8 3 2 8 5
1.9023 5.1 5.9497 7.9621 9.1035 12.032
1.4976 1.9494 1.4979 1.4211 0.9618 1.9886
1654 16
3 8 3 2 8 5
2.0638 5.0285 6.0241 7.9007 9.031 12.023
1.6176 2.019 1.5291 1.525 0.94007 2.0295
1655 16
3 8 3 2 8 5
2.0141 4.9363 6.0296 8.0369 8.9568 11.964
1.356 2.0034 1.5829 1.5335 1.0704 2.1085
1656 16
3 8 3 2 8 5
6.0574 8.9616 9.0419 10.907 11.937 12.003
1.5863 0.99667 1.4769 1.5404 1.5889 2.0166
1657 16
3 8 3 2 8 5
6.0118 8.9522 9.0476 11.068 11.975 12.03
1.5232 1.0162 1.5024 1.4267 1.4705 2.0415
1658 16
3 8 3 2 8 5
6.1045 8.9643 8.9873 10.888 11.97 12.029
1.4443 0.92531 1.4289 1.5204 1.4321 1.8928
1659 16
3 8 3 2 8 5
5.91 9.0044 9.0046 11.048 12.123 11.937
1.5213 0.97068 1.6185 1.5034 1.5162 1.9346
1660 16
4 8 1 2 3 8
3.9644 4.9576 6.0677 8.0366 8.9726 12.003
2.4712 1.8853 2.0475 1.4905 1.5728 1.4137
1661 16
4 8 1 2 3 8
4.0404 5.0052 5.9992 7.9962 8.9929 12.003
2.5104 1.9814 2.0626 1.5113 1.4972 1.4712
1662 16
4 8 1 2 3 8
3.9984 5.0563 5.8636 8.0414 9.0641 11.996
2.4939 2.0238 1.9906 1.5694 1.4171 1.4847
1663 16
4 8 1 2 3 8
3.9313 5.0092 5.9278 8.0942 8.9608 12.048
2.4648 1.8892 2.0489 1.4863 1.532 1.4817
1664 16
5 4 3 8 3 5
3.0457 3.9999 6.0272 8.951 9.0134 12.055
1.5919 2.4737 1.4781 0.98069 1.408 1.9437
1665 16
5 4 3 8 3 5
3.019 3.9796 5.947 8.8573 8.9638 11.94
1.5384 2.5167 1.5193 1.0961 1.5815 2.0321
1666 16
5 4 3 8 3 5
2.9929 4.0048 5.9349 8.9517 8.8483 12.038
1.451 2.3867 1.5203 1.0788 1.4361 1.9862
1667 16
5 4 3 8 3 5
3.0143 4.0127 6.0227 8.977 9.0327 11.921
1.4483 2.4988 1.4454 1.0622 1.4588 2.0142
1668 16
7 5 2 6 8 8
2.0348 2.9694 3.9884 7.5219 9.0163 11.991
2.0783 1.4626 1.9562 1.4116 1.0004 1.5653
1669 16
7 5 2 6 8 8
1.9661 3.0407 3.9052 7.4418 9.041 12.042
1.9979 1.4876 1.9643 1.4877 1.0483 1.5251
1670 16
7 5 2 6 8 8
1.9855 3.0198 4.0629 7.5732 8.9971 12.016
1.9946 1.6244 2.0601 1.5715 1.0102 1.4616
1671 16
7 5 2 6 8 8
2.047 2.9783 4.0057 7.5202 8.9486 11.993
2.0088 1.6246 1.9741 1.437 1.0408 1.5324
1672 16
3 4 8 7 5 2
1.9835 4.0013 5.1058 5.9985 7.9336 10.918
1.5581 2.4524 1.9612 1.468 2.0335 1.5541
1673 16
3 4 8 7 5 2
1.9945 4.0407 4.9479 6.0474 7.9789 10.931
1.5115 2.5332 1.9126 1.5075 2.0327 1.5896
1674 16
3 4 8 7 5 2
1.959 3.9376 5.0439 5.9906 8.0152 11.006
1.5083 2.5252 1.9757 1.4561 2.0152 1.536
1675 16
3 7 5 8 7 8 2 5
1.9673 2.0629 2.9546 5.0429 6.0282 9.0594 11.066 11.998
1.4274 1.9823 1.4593 2.0199 1.5099 0.96689 1.5755 2.0147
1676 16
3 7 5 8 7 8 2 5
1.9833 2.0635 3.0149 5.0219 5.9611 9.0125 10.951 12.003
1.6369 2.0202 1.4754 1.9401 1.5047 0.9705 1.5437 2.036
1677 16
3 7 5 8 7 8 2 5
2.0384 1.9842 2.9358 4.9874 6.0396 8.9454 11.025 12.033
1.4325 2.017 1.4963 1.9198 1.4489 1.0285 1.5338 1.9625
1678 16
7 2 3 6 5 8 2 8
2.002 3.9503 5.9826 7.4879 7.987 8.9962 11.006 12.121
2.0731 2.0176 1.6225 1.4856 1.9475 0.98629 1.5255 1.5365
1679 16
7 2 3 6 5 8 2 8
1.9796 3.9555 6.0311 7.4215 8.0581 9.0158 10.883 12.041
2.0112 2.029 1.5021 1.4987 2.0698 1.0465 1.3976 1.5243
1680 16
7 2 3 6 5 8 2 8
2.0887 4.0579 5.9973 7.5434 8.0063 8.9743 10.992 11.992
1.9891 2.0454 1.5393 1.4539 1.9287 1.0244 1.4214 1.4705
