42
1177 16
7 2 8 4 2 6
4.0943 4.7795 8.0464 10.764 10.879 11.915
1.4292 2.007 1.3248 1.3321 1.6546 1.8077
1178 16
2 7 5 8 1 4 2 3
0.78121 2.2239 7.1943 9.246 9.7071 11.015 11.939 13.191
2.3332 2.718 1.9043 2.9192 2.5951 1.8934 2.1401 2.7951
1179 16
1 5 1 5 8 7
3.1514 4.8102 7.4509 9.6602 12.114 13.152
2.7386 2.7968 2.4639 1.5236 1.5715 1.5194
1180 16
4 2 7 6 8
0.88772 1.5846 5.785 11.093 11.373
1.4492 1.8523 1.3699 1.3305 1.2681
1181 16
3 6 8 5 1
5.2816 8.6292 10.707 10.948 11.897
1.7951 2.0783 1.0123 2.3709 1.9898
1182 16
1 4 3 7
2.0022 3.968 5.91 5.9632
1.505 2.467 1.4222 1.4935
1183 16
1 4 3 7
1.9886 4.0555 5.9594 6.0037
1.6196 2.4552 1.5008 1.4478
1184 16
1 4 3 7
2.027 4.0329 5.9892 6.051
1.5093 2.4128 1.5186 1.4701
1185 16
1 4 3 7
2.0847 3.9792 6.0257 6.013
1.4469 2.6113 1.4334 1.5504
1186 16
2 6 2 8
3.9399 7.4424 8.0707 9.0408
2.0369 1.3344 1.5577 0.9406
1187 16
2 6 2 8
4.056 7.4729 7.9792 9.0248
1.9921 1.4211 1.4973 0.92348
1188 16
2 6 2 8
3.9834 7.4853 7.9364 8.9837
2.0224 1.5044 1.6145 1.0091
1189 16
2 6 2 8
4.0907 7.473 8.0223 8.9343
1.9838 1.4893 1.4916 1.0337
1190 16
3 8 3 2 8 5
1.9567 5.0608 6.0448 7.9676 8.9966 11.961
1.4944 1.9648 1.4172 1.5023 0.91851 2.0756
1191 16
3 8 3 2 8 5
1.9855 4.9651 5.9786 8.0485 8.9404 11.978
1.4742 1.9904 1.5131 1.5838 0.96843 1.9944
1192 16
3 8 3 2 8 5
1.9477 4.9834 6.0852 8.0215 9.0499 12.108
1.5618 1.9623 1.5371 1.4729 0.98503 1.9969
1193 16
3 8 3 2 8 5
2.0443 5.0287 5.9867 8.0079 9.0409 12.035
1.4521 2.0707 1.5205 1.4947 0.97533 2.0201
1194 16
3 8 3 2 8 5
5.906 8.9303 9.0105 11.017 12.012 11.997
1.3784 0.98556 1.49 1.4194 1.5001 1.9655
1195 16
3 8 3 2 8 5
5.9072 9.0276 8.8781 11.05 12.004 11.982
1.4326 0.98347 1.4905 1.5398 1.5154 2.0392
1196 16
3 8 3 2 8 5
5.9874 9.0421 8.9409 10.96 11.998 11.942
1.5894 1.0106 1.565 1.5378 1.4088 2.0235
1197 16
3 8 3 2 8 5
6.0256 9.0326 8.9913 10.961 12.031 11.976
1.4319 0.98 1.4293 1.4786 1.5626 2.037
1198 16
4 8 1 2 3 8
3.9642 4.9914 5.95 7.9441 8.9468 11.999
2.481 2.0313 1.984 1.5826 1.491 1.5079
1199 16
4 8 1 2 3 8
4.0459 4.9463 5.924 8.0394 8.9989 11.9
2.4194 1.9345 1.9673 1.4658 1.4852 1.5098
1200 16
4 8 1 2 3 8
3.9125 5.0018 5.9977 7.9918 8.996 11.917
2.4601 2.059 2.0476 1.4178 1.5367 1.5098
1201 16
4 8 1 2 3 8
4.0798 5.0497 6.0595 8.0475 9.0323 11.999
2.4319 1.8997 2.0138 1.4847 1.4691 1.4798
1202 16
5 4 3 8 3 5
2.924 4.0442 5.9615 8.9629 9.0462 11.958
1.4605 2.4421 1.4085 0.86668 1.4576 2.0259
1203 16
5 4 3 8 3 5
2.9595 3.9741 6.048 8.948 8.9721 11.962
1.591 2.5591 1.5302 0.97779 1.5039 2.0326
1204 16
5 4 3 8 3 5
3.0369 4.0562 5.9495 9.0502 9.0852 12.012
1.4887 2.4534 1.433 1.0407 1.504 1.9541
1205 16
5 4 3 8 3 5
3.0359 4.0093 6.0461 9.0325 8.9941 12.003
1.4881 2.4662 1.4739 1.0173 1.4941 1.9324
1206 16
7 5 2 6 8 8
1.9671 2.9863 4.0477 7.5075 9.0625 11.991
2.0595 1.4255 2.0195 1.5249 1.0959 1.4576
1207 16
7 5 2 6 8 8
2.0641 3.0298 3.9826 7.4943 9.02 12.002
1.9937 1.5633 2.0374 1.5227 0.97355 1.5034
1208 16
7 5 2 6 8 8
2.0046 2.986 3.9385 7.5398 9.1003 12.052
2.0615 1.4669 2.0425 1.5095 0.99 1.4234
1209 16
7 5 2 6 8 8
1.9151 3.0337 4.039 7.5485 9.0222 11.97
2.0034 1.5151 1.9507 1.4816 1.0399 1.449
1210 16
3 4 8 7 5 2
1.9698 3.9923 4.9585 5.9498 8.078 11.039
1.5306 2.4453 2.0039 1.4828 2.045 1.4703
1211 16
3 4 8 7 5 2
2.0527 3.9466 5.0088 5.9524 7.9629 11.005
1.6182 2.5789 2.0777 1.5355 1.9991 1.5023
1212 16
3 4 8 7 5 2
2.0165 4.119 5.008 5.9784 7.9659 11.022
1.5694 2.4922 1.9753 1.4745 2.0082 1.4956
1213 16
3 7 5 8 7 8 2 5
2.0105 2.0188 2.8905 5.0725 6.0347 8.9815 11.035 11.977
1.514 1.9581 1.5145 2.0531 1.4694 0.93836 1.498 2.0265
1214 16
3 7 5 8 7 8 2 5
1.9542 1.9281 2.9536 5.0082 5.9659 8.9723 11.002 11.969
1.4617 2.0312 1.5492 1.9905 1.4667 0.93039 1.5306 2.0023
1215 16
3 7 5 8 7 8 2 5
2.0305 2.009 2.9164 5.061 6.0163 8.962 11.044 12.009
1.4737 2.0681 1.4553 1.9882 1.4391 0.92691 1.5457 1.9192
1216 16
7 2 3 6 5 8 2 8
1.8743 3.9876 6.0119 7.4408 8.0035 9.0569 10.983 12.042
2.0491 2.0368 1.4651 1.4181 1.9811 0.89524 1.4335 1.5103
1217 16
7 2 3 6 5 8 2 8
2.0251 4.0087 5.9928 7.4982 8.053 9.1224 11.025 11.959
2.077 1.9726 1.5073 1.6077 2.0035 1.1012 1.5451 1.4926
1218 16
7 2 3 6 5 8 2 8
2.0017 4.0109 5.9388 7.5116 8.0554 8.9445 10.924 12.035
1.9654 1.9122 1.5203 1.4811 1.9495 0.9993 1.516 1.4799
