42
3067 16
4 6 2 7 6
0.33721 2.5248 3.4873 4.6044 9.0875
1.4909 2.8035 1.6962 2.0915 2.2859
3068 16
7 8 5 7 6 5
1.5129 2.0342 2.9235 5.7215 9.7889 13.197
1.5294 2.1171 1.0365 2.879 2.9798 2.1325
3069 16
4 2 5 3
2.3622 5.6913 7.0719 8.7412
2.676 1.0478 2.207 2.8842
3070 16
8 8 3 7 3
0.040717 6.5961 7.3771 8.3995 9.3412
1.7717 1.7006 1.7403 2.0259 2.774
3071 16
2 5 6 4
2.6222 6.6145 11.963 12.251
2.5099 1.7013 1.2792 1.9704
3072 16
1 4 3 7
2.0738 4.0188 6.0823 5.9991
1.5424 2.4402 1.515 1.4776
3073 16
1 4 3 7
1.9955 4.1111 5.9836 6.0142
1.5401 2.6265 1.4571 1.5369
3074 16
1 4 3 7
2.0081 4.0806 6.0426 5.9777
1.5111 2.5168 1.4149 1.4735
3075 16
1 4 3 7
1.98 4.0722 6.0167 5.9727
1.4219 2.5588 1.5235 1.5005
3076 16
2 6 2 8
3.9574 7.3861 7.9155 9.054
1.9275 1.4863 1.4651 1.0237
3077 16
2 6 2 8
4.0311 7.5473 7.9659 9.0612
2.0423 1.5309 1.4969 1.0067
3078 16
2 6 2 8
3.862 7.5356 8.0165 9.0389
1.9948 1.5506 1.5068 1.0101
3079 16
2 6 2 8
4.0259 7.5635 8.0521 8.9787
2.0058 1.5017 1.4171 1.0132
3080 16
3 8 3 2 8 5
1.9321 5 6.043 8.0221 8.9968 11.998
1.4658 2.0159 1.5434 1.5586 0.97867 1.9668
3081 16
3 8 3 2 8 5
2.0064 4.9736 5.9948 8.0083 8.9883 12.019
1.5139 1.9835 1.4924 1.466 1.0782 2.0784
3082 16
3 8 3 2 8 5
1.995 5.0272 6.129 8.0259 8.8794 11.962
1.4915 2.043 1.472 1.3953 1.0191 2.0031
3083 16
3 8 3 2 8 5
2.0074 5.0474 5.9551 8.0261 8.9985 11.932
1.6449 1.9716 1.4487 1.4635 0.96416 2.0427
3084 16
3 8 3 2 8 5
6.0471 8.9575 8.921 11.019 12.033 11.935
1.488 0.94915 1.5973 1.5018 1.4767 2.0871
3085 16
3 8 3 2 8 5
5.9767 9.0159 9.0094 11.01 11.897 12.009
1.4903 0.8764 1.3747 1.4562 1.487 1.9506
3086 16
3 8 3 2 8 5
5.978 9.0194 8.927 10.908 12.023 11.945
1.4634 1.054 1.537 1.5614 1.5431 1.9468
3087 16
3 8 3 2 8 5
6.0382 8.9366 9.0058 11.023 11.964 11.981
1.5526 1.067 1.5186 1.4813 1.5553 2.0279
3088 16
4 8 1 2 3 8
4.0746 5.0284 6.0091 8.0146 9.0045 12.067
2.4887 2.0111 1.9913 1.547 1.5595 1.4665
3089 16
4 8 1 2 3 8
4.0062 5.0162 6.007 8.0377 8.9232 12.062
2.5063 2.025 2.074 1.5641 1.4289 1.4895
3090 16
4 8 1 2 3 8
3.9723 4.9884 5.9364 8.059 8.9492 11.994
2.5134 2.0384 2.0428 1.5557 1.507 1.5346
3091 16
4 8 1 2 3 8
3.9247 5.0147 5.9621 7.9707 9.017 11.964
2.5257 1.9795 2.0404 1.4972 1.5035 1.5496
3092 16
5 4 3 8 3 5
2.9592 4.0727 6.0405 9.0177 8.9878 12.059
1.4216 2.5208 1.6059 1.0369 1.4261 2.0265
3093 16
5 4 3 8 3 5
2.9566 4.0513 5.9913 9.0283 9.081 12.026
1.5552 2.5481 1.4916 0.80903 1.455 2.0123
3094 16
5 4 3 8 3 5
3.0073 3.9587 6.0952 9.0234 9.093 11.925
1.4944 2.4051 1.4557 1.0671 1.5087 2.0044
3095 16
5 4 3 8 3 5
2.9876 3.9857 5.993 8.9552 9.0316 12.035
1.5268 2.5228 1.4539 0.91472 1.4217 2.0399
3096 16
7 5 2 6 8 8
2.0001 3.0364 3.9665 7.4838 8.9524 11.946
2.0943 1.379 1.987 1.5787 0.986 1.4903
3097 16
7 5 2 6 8 8
1.9488 3.0685 4.0064 7.5333 8.9062 12.085
1.9712 1.5322 1.9632 1.4926 0.91985 1.465
3098 16
7 5 2 6 8 8
1.9649 2.9873 4.0375 7.5471 9.1201 11.928
2.0189 1.5242 2.0449 1.4674 0.96948 1.5
3099 16
7 5 2 6 8 8
2.0176 2.9507 3.9999 7.5537 9.0228 12.105
2.0693 1.5135 1.9676 1.5358 0.97713 1.4837
3100 16
3 4 8 7 5 2
2.0203 3.9675 4.917 5.955 7.9357 11.011
1.5087 2.5316 1.9977 1.6041 2.0146 1.4813
3101 16
3 4 8 7 5 2
2.0247 3.9956 4.9077 6.145 8.0208 10.905
1.5697 2.5397 1.902 1.3945 1.9594 1.5344
3102 16
3 4 8 7 5 2
2.0358 3.9168 5.0463 6.0079 8.0737 10.981
1.5764 2.5283 2.0303 1.5163 2.059 1.5369
3103 16
3 7 5 8 7 8 2 5
1.9277 1.9911 2.9329 4.9692 5.998 9.0954 11.025 11.982
1.5287 1.9126 1.4639 2.0078 1.5625 1.0462 1.5146 2.0385
3104 16
3 7 5 8 7 8 2 5
1.9042 2.042 2.9884 4.9976 5.9604 9.0227 11.008 12.051
1.4551 1.9331 1.5117 1.9619 1.5505 0.98882 1.4602 2.0163
3105 16
3 7 5 8 7 8 2 5
1.9833 2.0334 3.0789 5.0046 6.0598 9.0691 11.005 11.908
1.5242 1.9926 1.6618 2.0274 1.4984 1.0311 1.5783 1.9743
3106 16
7 2 3 6 5 8 2 8
1.9784 4.081 6.0155 7.5435 8.0288 9.0807 11.074 11.942
1.9485 1.8833 1.5235 1.4513 2.0049 1.0155 1.5707 1.5099
3107 16
7 2 3 6 5 8 2 8
1.971 3.9802 6.0365 7.6074 8.0594 8.9536 11.074 11.989
1.9933 1.9687 1.5259 1.5282 1.9973 0.98229 1.4933 1.472
3108 16
7 2 3 6 5 8 2 8
2.0022 4.0639 5.9706 7.427 8.0549 9.0791 10.958 11.969
2.0129 2.0341 1.5099 1.5261 1.9486 0.87524 1.5053 1.5089
