42
925 16
7 6 3 2 1 7 5 3
2.3847 4.6008 5.087 5.738 6.0473 8.7839 11.245 13.747
2.1857 1.1564 2.3532 2.2567 1.0441 2.7702 2.2218 1.5042
926 16
1 5 5 3 6
0.89466 1.5218 11.336 11.679 11.776
2.8537 2.4591 1.9202 1.975 2.3529
927 16
7 3 5 8 3 7
0.96992 3.7703 4.861 6.1853 7.8452 10.127
1.937 1.5896 2.8656 1.4879 2.2184 2.6733
928 16
3 6 5 1 6 8 5
2.3743 5.6285 6.2747 9.492 9.8534 10.627 13.069
1.5535 1.1128 2.3495 1.7416 1.6916 1.8729 2.4425
929 16
4 5 3 1 4 5 4 6
0.067523 3.6788 3.9721 5.7728 7.1085 8.5033 10.519 10.848
2.9551 2.1581 2.7384 1.2362 1.3543 2.2195 2.0932 1.1685
930 16
1 4 3 7
1.9826 3.9717 5.9033 6.0315
1.435 2.5034 1.5867 1.5056
931 16
1 4 3 7
2.0066 4.026 5.9851 5.9528
1.5544 2.5802 1.5354 1.4976
932 16
1 4 3 7
2.0174 3.9956 5.9627 5.8942
1.514 2.4968 1.4532 1.5466
933 16
1 4 3 7
2.022 4.047 5.8944 5.9883
1.551 2.5069 1.4596 1.434
934 16
2 6 2 8
3.9672 7.5819 7.9373 8.983
1.9964 1.4228 1.4594 1.0259
935 16
2 6 2 8
4.0612 7.5914 8.01 8.9583
2.0323 1.4558 1.4758 1.0654
936 16
2 6 2 8
3.977 7.4634 7.9898 9.033
1.94 1.5784 1.5661 1.0362
937 16
2 6 2 8
3.9628 7.5419 8.0235 8.9614
2.0317 1.592 1.3905 1.0272
938 16
3 8 3 2 8 5
1.9762 5.0881 5.9551 7.9713 8.9629 11.988
1.4694 2.0149 1.5199 1.4418 0.99633 1.9456
939 16
3 8 3 2 8 5
2.0924 5.0749 6.0853 8.0452 8.9541 12.009
1.5251 2.0578 1.5177 1.3718 1.0032 1.9747
940 16
3 8 3 2 8 5
1.9728 4.9662 5.9485 7.9627 9.0075 11.995
1.4566 2.0665 1.4537 1.6135 1.0168 2.0299
941 16
3 8 3 2 8 5
1.9455 5.0208 6.0525 7.8938 8.9678 12.017
1.4172 1.9898 1.4577 1.5488 1.0702 2.0449
942 16
3 8 3 2 8 5
6.0155 9.0513 8.9979 10.945 12.006 12.081
1.36 1.0181 1.4819 1.5222 1.59 2.0316
943 16
3 8 3 2 8 5
6.0852 9.0599 9.0769 11.003 11.875 11.949
1.4819 0.91377 1.5484 1.4852 1.4742 1.9786
944 16
3 8 3 2 8 5
6.0169 8.946 8.9692 11.029 11.933 11.963
1.4862 0.9509 1.4802 1.5096 1.5289 2.0342
945 16
3 8 3 2 8 5
6.0732 8.9556 8.9869 11.09 12.014 12.041
1.4485 0.94481 1.636 1.5257 1.5333 1.9346
946 16
4 8 1 2 3 8
3.9049 4.9708 6.0105 8.1341 9.0098 12.039
2.4901 2.0952 1.983 1.504 1.4394 1.5741
947 16
4 8 1 2 3 8
3.985 5.0178 5.9505 8.0045 9.0318 11.984
2.5487 2.0622 2.1301 1.5136 1.5444 1.5431
948 16
4 8 1 2 3 8
3.9565 5.0023 6.0222 8.0404 8.9549 12.031
2.5056 2.0536 1.9788 1.5003 1.4889 1.4985
949 16
4 8 1 2 3 8
4.0428 5.0419 6.115 7.9234 9.0038 12
2.4842 1.9924 1.9649 1.4155 1.5092 1.5218
950 16
5 4 3 8 3 5
2.9554 3.9036 6.0065 8.992 8.929 11.979
1.4742 2.5673 1.5086 0.94559 1.5232 1.8933
951 16
5 4 3 8 3 5
2.9841 4.0277 5.9953 8.9945 8.9884 12.075
1.5305 2.5518 1.4728 1.0218 1.5959 1.9839
952 16
5 4 3 8 3 5
3.0439 3.923 6.0239 8.9913 9.0245 11.981
1.4498 2.4751 1.4588 1.0281 1.5343 1.8278
953 16
5 4 3 8 3 5
2.9503 3.924 5.9308 8.9983 8.9846 11.984
1.5755 2.5734 1.4813 0.983 1.4779 2.0539
954 16
7 5 2 6 8 8
1.9728 3.0882 4.1029 7.4278 9.0254 12.018
2.0553 1.3847 1.991 1.3986 0.99691 1.4286
955 16
7 5 2 6 8 8
1.9834 3.0206 4.0143 7.6064 9.1055 11.991
1.8837 1.5321 1.9521 1.4407 0.95679 1.4948
956 16
7 5 2 6 8 8
1.9395 2.9573 3.9794 7.4919 9.0186 12.046
2.0472 1.4864 1.9277 1.4443 1.0041 1.5573
957 16
7 5 2 6 8 8
2.0137 3.0215 3.9784 7.519 9.0055 12.07
1.9655 1.5752 2.0772 1.5172 1.065 1.4872
958 16
3 4 8 7 5 2
2.0142 3.9843 4.9669 6.0061 8.0943 11.038
1.5222 2.5446 1.9684 1.4074 1.9422 1.4659
959 16
3 4 8 7 5 2
1.9381 4.0218 4.9203 6.039 8.0222 10.956
1.5082 2.5034 2.0027 1.5068 1.9983 1.5231
960 16
3 4 8 7 5 2
2.0328 3.9323 5.0082 5.9352 7.9401 11.018
1.578 2.4631 2.0246 1.5384 1.9573 1.5663
961 16
3 7 5 8 7 8 2 5
2.0054 2.0527 2.9896 5.0578 5.9607 8.9647 11.112 12.017
1.5851 2.0007 1.4597 1.9633 1.5352 0.99718 1.4631 1.9548
962 16
3 7 5 8 7 8 2 5
1.9567 2.0148 2.945 4.9698 6.0188 9.0618 10.982 11.981
1.47 1.9893 1.4172 1.9748 1.4628 1.0221 1.5449 1.9502
963 16
3 7 5 8 7 8 2 5
2.0282 1.9627 3.0235 4.9778 5.9966 8.9237 11.065 12.094
1.4631 2.0161 1.4591 1.8975 1.4873 1.0262 1.4881 2.119
964 16
7 2 3 6 5 8 2 8
1.9563 3.9635 6.0933 7.5098 7.9391 8.8771 10.99 11.988
1.9926 1.969 1.5114 1.4364 1.9783 1.0766 1.4647 1.4855
965 16
7 2 3 6 5 8 2 8
1.9814 4.0233 6.0714 7.4585 7.9748 8.9449 11.026 11.963
1.9862 2.0444 1.4855 1.4779 1.951 0.90496 1.568 1.4569
966 16
7 2 3 6 5 8 2 8
2.0229 3.9384 5.9905 7.5516 8.0494 9.0544 11.012 11.993
2.0203 1.8807 1.4456 1.5028 1.97 1.1017 1.5245 1.5729
