42
211 16
1 6 2 7 8 4 5
0.776 2.879 3.4735 7.0491 12.664 12.794 13.394
2.7384 2.2639 1.1879 2.2963 1.1515 2.527 1.9023
212 16
5 6 1 2 7 2
0.97124 3.6573 4.8419 6.0658 9.6094 12.66
1.0677 2.7622 2.7842 2.3936 1.0203 2.5372
213 16
7 8 6 7 6 7 3
2.3021 3.6363 6.6088 8.9515 10.504 11.258 13.157
1.6686 1.9745 2.7648 2.1247 1.5944 2.6593 1.1156
214 16
4 5 3 5
5.1351 7.0256 9.3266 12.08
2.821 2.039 1.9336 1.4358
215 16
4 3 2 6 1 3 4 1
0.77743 2.1571 4.1169 7.5071 7.927 10.649 12.58 13.072
1.4637 2.2444 1.9573 2.1934 1.7947 1.8162 2.4294 1.0659
216 16
1 4 3 7
1.9864 4.0288 6.0472 5.9753
1.5269 2.4727 1.54 1.5866
217 16
1 4 3 7
1.9881 4.0285 5.9994 5.902
1.4652 2.4411 1.4321 1.4399
218 16
1 4 3 7
1.947 4.0227 5.9925 5.9446
1.4557 2.5411 1.6249 1.499
219 16
1 4 3 7
2.0124 3.906 6.0403 5.9729
1.4767 2.4725 1.5348 1.561
220 16
2 6 2 8
4.0592 7.4479 7.984 8.9222
2.0634 1.467 1.4983 1.0031
221 16
2 6 2 8
4.0227 7.5499 7.9295 8.9648
1.9692 1.5771 1.5361 0.94819
222 16
2 6 2 8
3.898 7.4738 8.0254 9.0207
2.0012 1.4995 1.5484 0.98348
223 16
2 6 2 8
4.0401 7.4931 8.039 9.008
1.9772 1.5289 1.5489 1.0143
224 16
3 8 3 2 8 5
2.0202 4.9444 6.002 8.0943 8.9833 11.955
1.3932 1.9912 1.4151 1.4477 0.98174 1.9534
225 16
3 8 3 2 8 5
2.035 5.0213 5.9614 7.9214 9.0083 12.009
1.5463 1.9354 1.4232 1.473 0.93357 2.0427
226 16
3 8 3 2 8 5
2.0696 4.9666 5.9772 8.0117 9.0095 11.98
1.4893 1.999 1.5119 1.5505 0.96961 2.0346
227 16
3 8 3 2 8 5
1.9646 5.0397 6.058 7.9698 9.047 11.946
1.545 1.9264 1.535 1.403 1.0503 2.0455
228 16
3 8 3 2 8 5
5.9839 9.1206 8.9427 10.879 11.975 11.981
1.5268 0.9246 1.4981 1.4356 1.5742 2.0265
229 16
3 8 3 2 8 5
6.001 8.9443 9.0363 10.935 12.046 12.009
1.5574 1.0529 1.6054 1.4503 1.5962 2.0878
230 16
3 8 3 2 8 5
6.1045 9.0386 9.0296 10.981 11.941 11.97
1.5072 1.0079 1.5344 1.472 1.5418 1.9807
231 16
3 8 3 2 8 5
6.0271 9.0279 9.0242 11 11.943 12.079
1.5172 0.97768 1.4933 1.4693 1.4776 1.9549
232 16
4 8 1 2 3 8
4.0398 4.9769 5.9922 8.0555 9.0575 12.055
2.5782 1.905 1.9145 1.4851 1.5431 1.5312
233 16
4 8 1 2 3 8
4.0841 5.0723 5.8791 8.0238 9.0085 12.05
2.5481 1.961 2.0092 1.5783 1.4783 1.5296
234 16
4 8 1 2 3 8
3.9813 5.0783 5.9753 7.934 9.0237 12.045
2.518 2.01 2.0649 1.4384 1.5389 1.5414
235 16
4 8 1 2 3 8
4.0248 4.9348 5.9984 7.9889 9.0204 12
2.6024 2.0679 1.882 1.5546 1.4557 1.522
236 16
5 4 3 8 3 5
3.0548 4.0574 5.9724 9.0496 8.902 12.021
1.5005 2.5301 1.5555 0.99952 1.4527 2.0542
237 16
5 4 3 8 3 5
2.9784 3.9397 5.9976 9.0412 9.0135 12.008
1.4254 2.5017 1.4526 1.0771 1.5529 2.0297
238 16
5 4 3 8 3 5
2.9194 4.0127 5.9619 9.094 9.0367 11.916
1.5253 2.5656 1.4741 0.94673 1.5121 1.9466
239 16
5 4 3 8 3 5
3.0228 4.0673 6.0458 8.8966 9.0387 11.96
1.4543 2.4606 1.4328 0.99367 1.4591 1.9668
240 16
7 5 2 6 8 8
2.0379 3.0066 3.9479 7.5263 9.0451 11.888
1.8822 1.4515 2.0489 1.4658 0.96124 1.4932
241 16
7 5 2 6 8 8
2.0017 3.0663 3.9396 7.4849 9.0366 11.995
2.0187 1.5423 2.0865 1.5452 0.94923 1.4995
242 16
7 5 2 6 8 8
1.9678 3.1331 3.9751 7.5031 9.0718 11.899
1.9353 1.4845 1.9597 1.4737 1.0474 1.5104
243 16
7 5 2 6 8 8
1.9763 2.9813 4.0414 7.4441 9.025 11.991
2.0352 1.5208 2.0848 1.6513 1.066 1.4309
244 16
3 4 8 7 5 2
2.005 4.0248 4.9896 6.0578 7.9927 10.947
1.4883 2.4614 1.998 1.5969 1.9229 1.423
245 16
3 4 8 7 5 2
1.952 4.0688 4.9731 5.9422 7.9437 11.005
1.5276 2.5049 1.9091 1.4769 2.0627 1.5746
246 16
3 4 8 7 5 2
2.0222 4.0211 5.041 5.9996 8.0213 10.991
1.52 2.5753 2.019 1.4828 2.0092 1.5317
247 16
3 7 5 8 7 8 2 5
1.9567 1.9765 2.9782 5.0199 6.1011 9.0161 10.955 11.988
1.6336 1.9492 1.4948 1.9693 1.5129 0.9656 1.4733 2.0037
248 16
3 7 5 8 7 8 2 5
2.0294 2.0038 2.9313 4.9888 5.9502 9.0659 11.051 11.969
1.5756 1.9905 1.5242 1.9055 1.5036 1.0191 1.4492 1.9039
249 16
3 7 5 8 7 8 2 5
1.9942 2.0154 2.969 4.9592 5.9647 9.1224 11.088 11.98
1.4664 1.9991 1.5133 1.9866 1.5137 1.0263 1.4378 2.0452
250 16
7 2 3 6 5 8 2 8
1.9879 4.0712 6.0192 7.4842 8.0651 9.0398 10.977 12.024
2.0724 2.0457 1.4706 1.4072 1.9466 1.0088 1.4449 1.4191
251 16
7 2 3 6 5 8 2 8
1.9594 4.0305 6.0665 7.5506 7.917 9.0662 11.037 12.079
2.0028 1.9307 1.4966 1.4168 1.9669 1.0073 1.4799 1.5011
252 16
7 2 3 6 5 8 2 8
1.9096 3.9741 6.0588 7.5151 8.0049 9.1031 10.876 11.962
1.9514 1.9832 1.4818 1.4607 2.0678 0.93634 1.5149 1.3839
