42
3403 16
4 6 6 1 7 2 4 1
0.22141 0.23697 3.1959 7.8248 8.298 9.5274 10.459 11.241
1.8658 1.1844 1.5135 1.6019 1.7562 2.8649 2.622 2.9568
3404 16
4 2 7 8 1
5.0974 7.1455 10.704 12.002 12.398
1.3247 2.887 2.2938 2.4729 2.7655
3405 16
8 3 4 4
4.4849 5.2888 5.8082 12.888
1.3793 1.3669 2.9605 2.489
3406 16
1 5 8 3 7 7 2
0.98776 3.9363 4.3652 6.4928 9.9895 11.412 14.038
2.1685 2.9205 2.9675 2.5354 1.3918 2.7772 1.4865
3407 16
6 7 1 4 8 3 4 5
1.3442 2.4594 3.8394 6.6447 9.9975 10.5 10.577 11.083
2.1587 1.1554 2.4224 1.9432 1.7975 1.3711 1.2739 2.3581
3408 16
1 4 3 7
2.0374 4.0554 6.0568 5.9734
1.4993 2.4259 1.4679 1.5232
3409 16
1 4 3 7
1.9829 4.052 6.0758 5.9926
1.4941 2.4892 1.5311 1.4872
3410 16
1 4 3 7
1.966 3.9257 6.0676 5.9734
1.4956 2.4181 1.4427 1.4397
3411 16
1 4 3 7
1.9668 4.0133 6.0319 6.0403
1.514 2.4825 1.5484 1.5325
3412 16
2 6 2 8
3.9193 7.4476 8.0386 9.0465
2.0035 1.5589 1.5341 1.0583
3413 16
2 6 2 8
4.048 7.4745 8.0192 9.1266
1.9807 1.5542 1.489 0.9644
3414 16
2 6 2 8
3.9739 7.4623 8.0341 9.0866
2.0644 1.5008 1.6059 0.98224
3415 16
2 6 2 8
4.0493 7.4259 8.0534 9.0452
2.0531 1.4722 1.3736 1.008
3416 16
3 8 3 2 8 5
1.9812 4.966 5.9964 8.0167 9.011 11.95
1.4391 2.0452 1.4656 1.5479 1.0214 2.0359
3417 16
3 8 3 2 8 5
1.989 4.9419 6.0348 8.0687 9.0056 12.023
1.5738 1.9853 1.5259 1.5252 1.0712 1.9931
3418 16
3 8 3 2 8 5
2.102 4.9236 5.9303 7.9694 8.9266 11.973
1.4871 1.9005 1.4724 1.5812 1.0713 2.1289
3419 16
3 8 3 2 8 5
2.0756 4.9574 6.0709 8.0021 8.942 12.019
1.4749 2.0497 1.4292 1.5807 1.0691 1.9827
3420 16
3 8 3 2 8 5
6.078 9.0332 8.9693 11.123 12.046 11.982
1.4929 1.0095 1.4853 1.5147 1.4776 2.0516
3421 16
3 8 3 2 8 5
5.9727 8.9732 8.9656 10.987 12.014 12.005
1.4518 0.99514 1.5172 1.4894 1.5208 2.0155
3422 16
3 8 3 2 8 5
5.8921 8.9447 8.9725 11.028 11.976 11.99
1.5995 0.96422 1.4573 1.5484 1.4486 1.9956
3423 16
3 8 3 2 8 5
6.0304 8.9812 9.0032 10.984 11.984 12.005
1.375 1.0508 1.4075 1.4009 1.5016 1.9017
3424 16
4 8 1 2 3 8
4.0253 4.9529 5.9138 7.9558 9.0175 11.97
2.5145 2.0313 2.0509 1.4699 1.5284 1.5156
3425 16
4 8 1 2 3 8
4.1398 5.0112 6.1312 7.9885 8.9806 12.067
2.5404 1.9865 2.0463 1.4271 1.4976 1.5688
3426 16
4 8 1 2 3 8
3.9721 5.0287 5.9609 8.0482 8.9546 12.017
2.5199 1.9742 2.0262 1.5384 1.3878 1.494
3427 16
4 8 1 2 3 8
3.9757 4.9807 6.0208 7.9992 8.9744 12.031
2.4732 1.8927 1.9876 1.5152 1.5013 1.4767
3428 16
5 4 3 8 3 5
3.0021 4.0508 6.0068 9.0411 8.9635 12.029
1.4892 2.5677 1.5138 1.0028 1.5467 2.0485
3429 16
5 4 3 8 3 5
2.9956 4.0558 6.0338 9.0081 8.9988 11.952
1.5526 2.4841 1.4612 1.0299 1.5499 1.9991
3430 16
5 4 3 8 3 5
2.9845 3.9179 5.966 8.9879 9.0273 12.042
1.4364 2.4835 1.5034 1.0337 1.5669 1.9509
3431 16
5 4 3 8 3 5
3.0005 4.0356 6.0566 8.9886 9.0456 12.017
1.4556 2.3952 1.473 1.0627 1.4169 1.9418
3432 16
7 5 2 6 8 8
1.9539 2.9983 3.9238 7.5256 8.9947 12.016
1.9641 1.4692 1.9112 1.5048 0.9371 1.4522
3433 16
7 5 2 6 8 8
2.0582 3.0482 4.0701 7.5629 9.0477 12.033
1.895 1.5057 1.9922 1.4876 1.0667 1.5728
3434 16
7 5 2 6 8 8
1.9796 2.9304 4.0064 7.4678 8.9807 12.012
1.9242 1.4331 1.9437 1.5085 0.95775 1.4149
3435 16
7 5 2 6 8 8
1.9732 3.0056 3.9931 7.4425 9.0443 11.967
2.1474 1.6102 2.0144 1.4919 1.0029 1.533
3436 16
3 4 8 7 5 2
2.101 4.0099 4.9813 6.0769 8.1111 10.991
1.4596 2.5085 1.9691 1.4387 1.9015 1.5162
3437 16
3 4 8 7 5 2
1.9986 3.932 5.0224 5.9417 8.044 10.953
1.4917 2.4907 1.9314 1.5862 1.991 1.5449
3438 16
3 4 8 7 5 2
2.067 3.9857 4.9323 5.9809 7.9631 10.921
1.4436 2.4949 2.0401 1.5193 1.9256 1.4642
3439 16
3 7 5 8 7 8 2 5
1.9637 2.0409 3.0197 5.0566 6.0398 9.0094 10.966 11.996
1.5222 2.0162 1.5143 1.9892 1.5941 0.94253 1.4533 2.0678
3440 16
3 7 5 8 7 8 2 5
1.9514 1.9651 3.0237 4.9658 5.8782 8.9557 10.979 12.047
1.4489 2.0697 1.4508 1.9923 1.4554 1.0227 1.4842 2.048
3441 16
3 7 5 8 7 8 2 5
2.0262 1.9721 2.9886 5.0076 5.9865 8.9491 10.975 11.992
1.4785 2.0089 1.5297 1.9441 1.5007 0.98071 1.5395 1.9973
3442 16
7 2 3 6 5 8 2 8
2.0044 3.9512 5.9401 7.5059 8.0392 9.0484 11.08 11.995
1.9938 1.9476 1.5697 1.4902 1.9717 0.99173 1.4678 1.3742
3443 16
7 2 3 6 5 8 2 8
2.0256 3.9432 6.0221 7.5633 8.0091 8.9501 10.921 12.064
2.1248 1.9639 1.5549 1.5613 1.9814 1.0647 1.4821 1.4584
3444 16
7 2 3 6 5 8 2 8
2.0223 4.0364 5.9315 7.5687 7.9591 9.0034 10.987 12.039
1.9814 1.9528 1.4557 1.5116 1.9527 1.0745 1.5136 1.466
