42
3781 16
8 6 7 1 2 3
2.098 2.473 4.6756 7.7368 9.4843 11.113
1.4294 1.3656 2.7337 2.4245 1.2518 2.8407
3782 16
6 2 5 3 4 5 6 3
1.9547 3.7913 4.9123 5.5856 8.6864 10.206 11.752 12.713
2.1345 2.2368 2.5825 1.7997 2.4485 1.0313 2.0097 1.2037
3783 16
5 8 6 1 3 1 7 5
1.5056 2.0832 3.3084 3.626 4.3879 10.694 12.313 13.702
2.968 2.4299 1.9212 2.8184 1.6352 1.5923 2.9902 1.612
3784 16
2 1 3 4 5 7 5
0.07839 0.61664 2.1423 3.1401 6.9878 8.6445 10.84
2.0385 2.1169 1.0732 2.3468 2.5768 2.9726 1.8015
3785 16
7 2 6 3 4 4
2.2684 2.4885 2.7205 3.5415 4.5944 11.591
2.0096 1.5661 2.3585 2.4697 2.7633 1.0248
3786 16
1 4 3 7
2.002 3.9832 6.0972 5.952
1.5122 2.4717 1.5112 1.4946
3787 16
1 4 3 7
1.939 3.9758 6.0232 6.0115
1.4143 2.482 1.4571 1.4662
3788 16
1 4 3 7
2.0016 3.9748 6.0281 6.0191
1.4854 2.4946 1.4684 1.5182
3789 16
1 4 3 7
1.9924 3.9492 6.0012 6.0373
1.4631 2.5285 1.4024 1.5017
3790 16
2 6 2 8
3.9921 7.4883 8.011 8.9414
1.9777 1.4153 1.4667 1.0299
3791 16
2 6 2 8
3.9611 7.5468 8.0515 8.9576
1.998 1.5278 1.5041 1.0459
3792 16
2 6 2 8
4.1276 7.491 8.0143 9.1213
1.9026 1.4921 1.4924 0.95937
3793 16
2 6 2 8
4.0043 7.479 8.0154 8.9857
2.0313 1.5805 1.5268 1.0048
3794 16
3 8 3 2 8 5
1.9925 4.9597 6.0923 8.0042 9.0315 11.997
1.5766 2.0121 1.5348 1.4613 1.0204 1.9958
3795 16
3 8 3 2 8 5
2.0035 5.0095 6.0763 7.9849 9.0753 11.997
1.5314 1.9524 1.544 1.5254 1.041 2.0356
3796 16
3 8 3 2 8 5
1.9953 5.0437 6.0106 7.9597 8.9987 12.02
1.4007 2.0086 1.5137 1.4009 0.95703 2.0685
3797 16
3 8 3 2 8 5
2.06 5.1246 6.0496 8.0738 8.9856 11.91
1.4899 1.9473 1.5844 1.5195 0.92481 2.1174
3798 16
3 8 3 2 8 5
6.0066 9.1026 8.9445 11.035 12.165 11.942
1.4394 1.0117 1.5179 1.4903 1.4428 2.0759
3799 16
3 8 3 2 8 5
6.069 9.0267 8.9539 11.009 12.041 11.973
1.569 0.9944 1.5469 1.5098 1.5049 2.0575
3800 16
3 8 3 2 8 5
5.9447 9.0207 9.0542 11.066 11.991 12.069
1.4905 0.9857 1.3624 1.5208 1.4981 1.9612
3801 16
3 8 3 2 8 5
5.9981 9.0088 8.8964 11 12.004 11.974
1.6146 0.95152 1.5108 1.5036 1.484 1.9554
3802 16
4 8 1 2 3 8
4.0183 5.0277 5.9706 7.9212 9.0289 11.99
2.501 1.9412 2.001 1.5109 1.5419 1.4536
3803 16
4 8 1 2 3 8
3.9313 4.9676 5.9615 8.0196 9.019 11.994
2.5409 2.1005 1.9692 1.4069 1.5657 1.4923
3804 16
4 8 1 2 3 8
3.9597 4.9766 5.9362 8.0878 8.9453 11.907
2.4973 2.037 2.004 1.5708 1.4205 1.5782
3805 16
4 8 1 2 3 8
3.9562 5.0167 5.9391 8.0182 8.9514 12.003
2.5483 2.01 1.9886 1.4473 1.4887 1.4644
3806 16
5 4 3 8 3 5
3.0296 4.0799 6.0277 8.9398 9.0312 11.975
1.5478 2.5494 1.481 1.0265 1.4932 2.0822
3807 16
5 4 3 8 3 5
3.0086 4.0867 5.977 9.0199 8.9478 12.026
1.5136 2.5181 1.513 1.0398 1.513 2.047
3808 16
5 4 3 8 3 5
3.0053 3.9507 6.0257 8.9961 9.0081 12.053
1.5578 2.4315 1.4663 1.0339 1.4784 2.1348
3809 16
5 4 3 8 3 5
3.0013 4.0547 6.0705 9.0067 8.9986 11.951
1.4955 2.4796 1.4108 1.0327 1.5142 1.975
3810 16
7 5 2 6 8 8
2.0242 2.9236 4.095 7.4891 8.9335 12.08
1.9615 1.5242 1.9733 1.6442 0.97671 1.4946
3811 16
7 5 2 6 8 8
1.9707 2.996 4.0136 7.4485 8.977 12.008
1.9667 1.5316 1.9329 1.5471 1.0792 1.5173
3812 16
7 5 2 6 8 8
2.0472 3.0529 3.9364 7.5139 9.0438 12.031
2.0938 1.4697 2.0051 1.6383 0.94379 1.5491
3813 16
7 5 2 6 8 8
1.9726 3.0254 3.9663 7.4758 9.0142 12.003
2.059 1.5339 1.9587 1.5042 0.96483 1.5244
3814 16
3 4 8 7 5 2
2.1018 3.9937 5.0137 6.0437 7.9999 11.023
1.4153 2.4865 2.0116 1.4745 2.0342 1.4881
3815 16
3 4 8 7 5 2
2.0304 3.943 5.0655 5.9749 8.0237 10.999
1.5193 2.5306 1.9731 1.6281 2.0597 1.3913
3816 16
3 4 8 7 5 2
1.9389 4.0614 4.944 6.0444 8.0405 10.981
1.4088 2.5177 2.0768 1.5223 1.9786 1.4648
3817 16
3 7 5 8 7 8 2 5
1.9737 2.0566 3.1144 4.9332 5.9612 9.0326 10.992 12.05
1.5399 1.9253 1.5242 2.0283 1.4688 0.95552 1.5634 1.9708
3818 16
3 7 5 8 7 8 2 5
1.9475 2.0115 2.9845 4.9215 5.988 8.9403 10.941 11.951
1.4796 2.0581 1.4674 2.0551 1.4681 1.0779 1.4478 2.0395
3819 16
3 7 5 8 7 8 2 5
2.0556 2.0379 2.9285 4.9224 5.9894 8.9427 11.033 11.966
1.4792 1.974 1.4963 2.0334 1.5673 0.9863 1.4904 1.9808
3820 16
7 2 3 6 5 8 2 8
1.9651 3.9259 5.9181 7.4931 7.9853 9.0315 11.008 11.976
1.9786 1.9806 1.4056 1.5097 1.9755 1.042 1.5202 1.4754
3821 16
7 2 3 6 5 8 2 8
1.9872 3.9972 5.9644 7.4764 8.0823 9.0022 10.993 12.07
1.8885 2.0514 1.4478 1.4111 1.9012 0.97182 1.6397 1.512
3822 16
7 2 3 6 5 8 2 8
2.0093 4.1104 6.0315 7.4676 7.9878 8.9198 11.071 11.993
1.9521 1.945 1.5122 1.4646 1.9642 1.0488 1.5265 1.352
