42
1849 16
3 7 4 3 4 2 7
0.73561 5.232 6.8347 10.428 11.706 11.82 12.078
2.6245 2.2767 2.1997 1.2041 1.7083 1.0642 1.0968
1850 16
4 2 3 4 5 6
0.24586 3.0059 3.2764 9.6385 10.879 14.171
1.6885 2.1784 1.9864 2.3076 2.4562 1.5827
1851 16
6 2 8 3 2
3.5875 7.4288 8.809 9.7032 12.414
1.2521 1.4951 2.3328 2.4288 2.8939
1852 16
4 1 6 3 8 3 1 2
2.1249 3.5095 6.9425 7.2711 8.824 11.737 13.005 13.415
1.862 2.2455 2.7183 1.4171 2.8127 2.196 2.6744 2.2174
1853 16
6 6 2 4 5
0.35741 3.4524 6.3402 6.782 12.353
2.7316 2.2347 1.6734 1.3456 1.8884
1854 16
1 4 3 7
1.9424 4.0514 5.9694 6.0709
1.4766 2.5463 1.6034 1.482
1855 16
1 4 3 7
1.9608 4.0348 6.0738 5.9922
1.4623 2.4825 1.4791 1.5319
1856 16
1 4 3 7
1.9967 3.9818 5.9657 5.9104
1.4497 2.4693 1.4546 1.4895
1857 16
1 4 3 7
2.0747 3.9887 5.9726 5.9363
1.4838 2.4663 1.4711 1.5154
1858 16
2 6 2 8
4.0308 7.5362 8.062 8.9471
2.0202 1.5574 1.4324 1.0304
1859 16
2 6 2 8
4.0988 7.4695 8.0424 8.8933
1.9408 1.5612 1.5991 1.0436
1860 16
2 6 2 8
3.9942 7.5902 7.938 8.9841
2.0605 1.5931 1.4791 0.98796
1861 16
2 6 2 8
3.9608 7.4978 7.943 8.9633
2.0036 1.5172 1.527 1.0228
1862 16
3 8 3 2 8 5
2.0207 5.0042 6.0636 8.0262 8.9926 11.976
1.4447 2.0232 1.4295 1.5539 0.96791 2.0013
1863 16
3 8 3 2 8 5
2.0058 5.0319 5.9632 8.0614 8.9792 11.991
1.485 2.112 1.4295 1.4546 0.95625 2.0307
1864 16
3 8 3 2 8 5
1.9293 4.9055 5.9562 7.9885 9.0618 12.053
1.448 1.9263 1.4454 1.5128 0.92828 1.9716
1865 16
3 8 3 2 8 5
1.9654 5.0363 5.9793 8.0039 8.9401 11.934
1.4507 2.0359 1.5256 1.4344 0.99862 2.0566
1866 16
3 8 3 2 8 5
6.049 9.0179 9.0046 11.047 12.058 11.999
1.4731 1.0347 1.4551 1.4923 1.5509 1.9951
1867 16
3 8 3 2 8 5
5.9753 9.001 9.0159 11.051 11.991 12.026
1.5347 0.90254 1.5956 1.4062 1.5385 2.0447
1868 16
3 8 3 2 8 5
5.9988 9.0138 8.9502 11.067 11.861 11.994
1.5174 1.0045 1.5337 1.4829 1.5608 2.0541
1869 16
3 8 3 2 8 5
6.0439 8.993 8.9346 10.965 12.018 11.966
1.5594 0.94967 1.5259 1.4283 1.4726 1.8062
1870 16
4 8 1 2 3 8
4.0139 4.9503 6.0101 8.0144 9.0193 11.989
2.5126 2.0003 1.9247 1.503 1.4472 1.5253
1871 16
4 8 1 2 3 8
3.951 5.0226 5.9678 8.0215 8.995 12.005
2.4974 1.981 1.998 1.5551 1.4479 1.5146
1872 16
4 8 1 2 3 8
4.0187 4.9573 5.8882 7.9969 8.9836 12.017
2.4883 1.9418 2.0528 1.5744 1.5327 1.45
1873 16
4 8 1 2 3 8
4.0351 5.073 6.0081 7.9904 8.9467 11.979
2.4318 1.9264 2.1565 1.5383 1.4479 1.4206
1874 16
5 4 3 8 3 5
2.9733 4.0223 5.9905 9.1111 8.9495 12.024
1.5355 2.4898 1.4472 0.99097 1.528 1.9431
1875 16
5 4 3 8 3 5
2.9776 3.9036 6.0727 9.0221 8.9688 11.967
1.5017 2.4625 1.4812 1.0176 1.4866 2.0498
1876 16
5 4 3 8 3 5
3.0745 3.8942 5.9585 9.0508 8.9454 12.018
1.5517 2.4816 1.5092 1.0096 1.4503 2.0356
1877 16
5 4 3 8 3 5
2.9318 4.0074 5.9941 8.9239 9.0732 12.003
1.5194 2.5352 1.477 0.97166 1.495 2.0581
1878 16
7 5 2 6 8 8
2.022 3.0878 4.0199 7.5873 8.9312 12.001
2.0823 1.4299 2.0144 1.4461 0.9538 1.5122
1879 16
7 5 2 6 8 8
1.912 3.1208 4.0023 7.5189 8.9105 11.937
2.0325 1.513 1.9386 1.4136 0.94306 1.5137
1880 16
7 5 2 6 8 8
1.9877 3.015 4.0103 7.5512 8.9679 11.974
1.9288 1.3999 2.0733 1.448 1.0071 1.5289
1881 16
7 5 2 6 8 8
1.9773 2.9911 4.0147 7.5103 9.0479 12.024
2.0194 1.5121 2.082 1.5038 1.013 1.5293
1882 16
3 4 8 7 5 2
1.9709 3.9889 4.9358 5.95 8.0367 10.968
1.6033 2.5374 1.9274 1.4462 1.9143 1.5331
1883 16
3 4 8 7 5 2
2.0082 4.0892 4.9067 5.9296 8.0549 10.876
1.5663 2.5404 2.0582 1.5046 2.0104 1.4725
1884 16
3 4 8 7 5 2
1.9297 3.9613 5.013 6.0434 7.9332 11.067
1.5808 2.4638 1.9194 1.4222 1.8978 1.4709
1885 16
3 7 5 8 7 8 2 5
1.9985 1.9747 2.9469 4.9413 6.0547 9.0495 10.917 12.045
1.3728 2.0041 1.448 2.0377 1.4734 1.1597 1.385 2.0054
1886 16
3 7 5 8 7 8 2 5
1.9119 2.0081 3.0828 4.9508 5.9769 9.058 11.031 11.958
1.5528 2.0627 1.4398 1.9755 1.5424 1.0072 1.5156 2.1058
1887 16
3 7 5 8 7 8 2 5
2.0172 2.0094 2.8852 4.9695 5.9852 8.9861 10.986 11.924
1.5707 2.0785 1.4945 2.0157 1.5329 1.0809 1.5572 2.0444
1888 16
7 2 3 6 5 8 2 8
2.1552 4.1445 5.9815 7.5705 8.0846 8.8878 11.022 11.934
2.0937 1.9608 1.45 1.511 2.0142 1.0092 1.5128 1.4757
1889 16
7 2 3 6 5 8 2 8
1.9864 4.0441 6.105 7.536 7.9102 8.91 10.987 12.093
2.08 1.9931 1.505 1.4569 1.8929 1.0884 1.5797 1.4526
1890 16
7 2 3 6 5 8 2 8
2.0752 3.9753 5.978 7.4371 7.9703 8.9269 10.961 12.048
2.0836 2.0099 1.5143 1.4752 2.0349 1.0434 1.5144 1.5227
