41
9673 16
5 7 3 5 6 8 1 1
2.8624 3.8347 4.3388 5.9144 6.6223 9.9737 12.362 14.394
1.0825 1.039 2.7497 1.9097 1.3437 2.9054 1.5776 1.5252
9674 16
1 2 7 8 1
2.2688 3.8678 4.7953 8.7003 9.9897
1.0416 1.88 1.0723 2.1428 1.1246
9675 16
7 5 2 4
4.4599 4.7437 8.1558 12.734
1.0223 1.4599 2.4902 2.0022
9676 16
3 1 4 4 6 2 4
2.0765 3.4662 4.5089 6.2947 7.9689 10.018 12.552
2.5807 2.1973 1.5359 2.3241 1.3132 2.5808 1.6158
9677 16
7 2 8 3 5
4.0672 4.1147 5.5177 10.788 14.229
2.9443 2.3059 1.0518 2.9607 1.4038
9678 16
1 4 3 7
2.0516 4.0605 5.9616 6.0125
1.5859 2.4911 1.4913 1.4998
9679 16
1 4 3 7
2.0413 3.993 5.943 6.0278
1.4498 2.3404 1.5019 1.4401
9680 16
1 4 3 7
1.9659 4.0096 5.8599 6.0174
1.4421 2.4945 1.5118 1.5219
9681 16
1 4 3 7
1.9811 3.9834 5.9994 5.9537
1.5104 2.4805 1.4954 1.4146
9682 16
2 6 2 8
3.9498 7.4532 8.0289 9.045
2.074 1.515 1.5137 0.93011
9683 16
2 6 2 8
3.9868 7.543 8.0611 8.9764
1.9182 1.5044 1.5015 1.1163
9684 16
2 6 2 8
3.9706 7.5705 8.0321 9.0288
2.021 1.5619 1.5475 0.97309
9685 16
2 6 2 8
3.9412 7.5477 8.0473 9.0568
2.0055 1.5056 1.4497 1.0362
9686 16
3 8 3 2 8 5
1.9111 4.9553 6.029 8.0362 9.0813 11.991
1.4837 2.0294 1.5188 1.4726 0.94868 1.9678
9687 16
3 8 3 2 8 5
2.0768 5.0311 5.9967 7.9611 9.1182 12.075
1.4962 1.9387 1.4434 1.5315 1.0054 1.9441
9688 16
3 8 3 2 8 5
2.0134 5.0256 5.9737 8.0879 9.006 12.038
1.5743 1.9397 1.512 1.5552 0.97592 2.008
9689 16
3 8 3 2 8 5
2.0183 4.9965 5.9658 8.019 8.9675 11.976
1.4589 1.9809 1.5696 1.4835 0.99138 2.0015
9690 16
3 8 3 2 8 5
6.0069 8.9824 8.945 11.025 12.029 12.002
1.4327 0.96421 1.539 1.4919 1.5093 1.9978
9691 16
3 8 3 2 8 5
6.0788 9.0185 8.9985 11.003 12.036 11.993
1.6251 0.95848 1.4405 1.5086 1.4618 2.0341
9692 16
3 8 3 2 8 5
6.0179 9.0664 8.9428 11.016 11.995 11.921
1.471 0.99489 1.4394 1.4968 1.4653 1.9798
9693 16
3 8 3 2 8 5
6.0835 8.9418 8.9792 11.03 12.016 12.021
1.4498 0.94432 1.4546 1.5108 1.4793 2.0632
9694 16
4 8 1 2 3 8
3.9863 4.9483 5.9672 7.9467 8.9675 11.916
2.4988 1.996 1.8857 1.4455 1.4258 1.5734
9695 16
4 8 1 2 3 8
3.9776 5.0522 5.9985 8.0796 9.0169 12.019
2.4786 1.9515 2.0123 1.4295 1.4659 1.5132
9696 16
4 8 1 2 3 8
4.0288 4.9939 6.0351 8.0221 8.9939 12.022
2.5821 1.9756 1.9464 1.5234 1.5615 1.5036
9697 16
4 8 1 2 3 8
3.9065 4.9772 6.0332 8.0259 8.9924 12.004
2.4991 2.0877 1.9459 1.4732 1.4424 1.3547
9698 16
5 4 3 8 3 5
3.0018 4.0793 5.9521 8.9249 9.0401 12.039
1.5456 2.4652 1.6334 1.0158 1.4559 2.0114
9699 16
5 4 3 8 3 5
3.0002 4.0286 5.9663 9.0653 9.067 11.988
1.3772 2.5726 1.4037 0.88807 1.4645 2.0108
9700 16
5 4 3 8 3 5
3.0256 3.9739 6.0334 9.0171 8.9653 12.035
1.507 2.4716 1.4886 0.93303 1.4931 1.9849
9701 16
5 4 3 8 3 5
2.9665 3.9824 6.0188 9.0222 9.0946 12.014
1.5141 2.5392 1.4948 0.94048 1.5206 1.9982
9702 16
7 5 2 6 8 8
2.0196 2.9943 3.9083 7.4709 9.0087 11.954
1.9657 1.4412 2.0674 1.4823 0.99771 1.5163
9703 16
7 5 2 6 8 8
2.0789 3.0253 3.997 7.4332 9.0226 12.07
2.0328 1.508 1.9694 1.5579 0.95939 1.5277
9704 16
7 5 2 6 8 8
2.0771 3.01 4.0412 7.4977 8.9814 11.97
2.0152 1.5036 2.0303 1.4514 1.064 1.4991
9705 16
3 4 8 7 5 2
2.036 4.039 4.9534 5.9881 7.959 10.999
1.5144 2.4543 2.0289 1.5758 1.9892 1.4738
9706 16
3 4 8 7 5 2
1.984 4.0326 5.0228 6.0362 8.0104 11.026
1.514 2.4777 1.9206 1.5501 1.9115 1.5127
9707 16
3 4 8 7 5 2
2.0204 4.0666 4.9888 5.8945 7.9196 10.988
1.5117 2.4486 2.0432 1.4404 1.9544 1.4614
9708 16
3 7 5 8 7 8 2 5
2.0284 2.0471 2.95 4.9996 6.004 9.0274 11.008 12.009
1.524 1.9599 1.4639 2.0459 1.5565 1.075 1.4376 1.9815
9709 16
3 7 5 8 7 8 2 5
1.9619 2.0197 3.0017 5.003 5.9638 8.9795 10.92 11.975
1.4959 2.0114 1.6224 1.9458 1.4906 0.98658 1.4046 1.9519
9710 16
3 7 5 8 7 8 2 5
1.9369 2.0139 3.0968 5.0068 6.0014 9.0181 10.95 12.009
1.4915 1.9918 1.543 1.9971 1.4591 0.95584 1.4239 2.0297
9711 16
7 2 3 6 5 8 2 8
2.0478 3.9743 5.9965 7.4907 8.0091 8.9619 11.009 11.968
1.9172 1.9697 1.5503 1.4602 2.0273 0.99746 1.5061 1.5049
9712 16
7 2 3 6 5 8 2 8
1.9838 4.0134 6.0084 7.4707 7.9871 8.9539 11.013 11.972
2.0934 1.9457 1.5147 1.53 1.9779 1.0072 1.4368 1.4716
9713 16
7 2 3 6 5 8 2 8
1.9529 3.9775 5.9469 7.4865 7.9674 9.0397 11.015 11.959
1.9761 2.0368 1.5022 1.4368 2.0328 1.0404 1.4405 1.4834
