42
757 16
8 7 1 4
2.5761 6.8241 11.546 12.495
1.8819 2.3824 2.0587 1.1851
758 16
2 6 5 2 6 3 6
1.6597 3.2088 5.5182 10.492 11.018 11.834 13.316
1.0263 1.7031 1.225 2.6508 2.1458 1.6485 2.0175
759 16
2 4 1 8 5 7 1 3
1.5168 1.9296 2.6579 9.2232 9.335 9.3924 9.8984 12.174
1.8483 2.2103 2.8341 2.5184 2.1241 1.9857 1.3397 2.6351
760 16
2 3 4 6 7 1 5 5
5.8141 6.6214 8.1248 8.1351 9.0621 10.296 11.064 13.362
2.7937 2.3456 2.3733 2.7732 1.8071 2.4472 2.0367 1.2056
761 16
3 4 1 3
0.11841 6.1327 6.3529 9.7353
1.6653 1.1248 1.5459 2.0011
762 16
1 4 3 7
2.1156 3.9405 6.0436 5.9855
1.4131 2.4953 1.5026 1.5076
763 16
1 4 3 7
2.0079 3.8424 6.0163 5.9114
1.5171 2.497 1.5614 1.4545
764 16
1 4 3 7
2.0035 3.9925 5.9878 5.9996
1.5618 2.4484 1.5145 1.4797
765 16
1 4 3 7
2.0255 4.0301 6.0125 5.9958
1.5069 2.5635 1.539 1.4645
766 16
2 6 2 8
4.0213 7.4546 7.9647 9.0152
1.9989 1.4279 1.5089 1.0412
767 16
2 6 2 8
3.9651 7.4669 7.9825 9.0788
1.9285 1.4244 1.4391 1.0235
768 16
2 6 2 8
4.0047 7.4648 8.015 8.9246
1.9859 1.4722 1.5207 1.0255
769 16
2 6 2 8
3.9777 7.5069 7.9886 8.9669
1.9979 1.613 1.4488 1.0016
770 16
3 8 3 2 8 5
1.9494 4.9891 5.9283 8.0218 8.9791 11.999
1.4713 2.02 1.5916 1.5273 0.88028 2.0377
771 16
3 8 3 2 8 5
1.9212 5.0127 5.9642 8.0385 9.0255 12.005
1.413 1.9039 1.44 1.4984 1.0014 1.9583
772 16
3 8 3 2 8 5
2.0145 5.015 5.9771 8.1187 9.0206 11.993
1.4851 1.9893 1.5918 1.4804 1.0295 2.0577
773 16
3 8 3 2 8 5
1.9603 4.9702 6.0418 8.0659 8.9645 11.946
1.5742 2.059 1.4612 1.5386 1.0592 2.1148
774 16
3 8 3 2 8 5
6.0026 8.9956 9.0133 11.027 11.9 11.961
1.4451 0.92113 1.5496 1.5299 1.4921 2.0231
775 16
3 8 3 2 8 5
5.9666 8.9897 8.9903 10.986 12.009 11.974
1.4637 0.96286 1.5033 1.4322 1.5004 2.0006
776 16
3 8 3 2 8 5
5.999 9.0232 9.0048 11.053 12.051 11.92
1.456 1.1082 1.4636 1.4499 1.478 1.967
777 16
3 8 3 2 8 5
6.0378 9.0082 9.0588 11.058 12.015 12.052
1.4974 1.0276 1.4807 1.6264 1.4389 2.0274
778 16
4 8 1 2 3 8
4.0142 5.006 5.917 8.0344 9.0037 11.945
2.4427 1.9918 1.9609 1.4475 1.5432 1.5647
779 16
4 8 1 2 3 8
3.9066 4.9943 6.031 8.0239 8.8974 12.034
2.51 2.0217 2.0731 1.5269 1.423 1.4693
780 16
4 8 1 2 3 8
3.9456 4.9558 5.9733 7.9493 8.983 11.956
2.4132 1.9701 2.0351 1.4901 1.4472 1.3966
781 16
4 8 1 2 3 8
3.9245 4.9604 6.0687 8.1126 9.0594 12.043
2.4729 1.9406 1.9523 1.4985 1.5026 1.5606
782 16
5 4 3 8 3 5
3.0168 4.0359 5.9807 8.9583 9.0618 12.085
1.4174 2.5166 1.5017 1.0294 1.5249 2.035
783 16
5 4 3 8 3 5
2.9639 4.034 6.0308 8.9685 9.0345 11.971
1.3858 2.5376 1.5327 1.0114 1.477 1.9928
784 16
5 4 3 8 3 5
2.9477 3.9454 6.0005 9.0457 8.9697 11.966
1.5161 2.427 1.5121 0.99998 1.4927 2.0615
785 16
5 4 3 8 3 5
2.9805 3.9966 6.0267 9.0135 9.0228 11.985
1.4515 2.4398 1.5058 0.9952 1.5912 2.0192
786 16
7 5 2 6 8 8
2.0196 2.9259 3.9058 7.5229 9.0027 11.968
2.0438 1.4318 1.9548 1.4643 0.99071 1.4435
787 16
7 5 2 6 8 8
1.9864 3.0913 4.1088 7.4251 9.0642 11.967
1.9034 1.5847 1.9516 1.5449 1.0467 1.5152
788 16
7 5 2 6 8 8
1.9829 2.9512 4.0152 7.4028 9.0397 12.045
1.9897 1.5134 1.9737 1.5116 0.99144 1.5616
789 16
7 5 2 6 8 8
1.8363 3.0248 3.9437 7.5683 9.0377 11.955
1.9754 1.5816 2.0206 1.5135 1.0327 1.4387
790 16
3 4 8 7 5 2
1.9662 4.0305 5.0488 6.0443 8.0535 10.951
1.559 2.4901 1.8638 1.4636 1.996 1.3819
791 16
3 4 8 7 5 2
1.9198 4.0425 5.0668 5.9798 8.0002 11.05
1.5382 2.4134 1.9549 1.4634 1.9732 1.3941
792 16
3 4 8 7 5 2
2.0086 3.9124 4.9429 5.93 7.9022 11.039
1.4635 2.4487 2.0479 1.4024 1.9364 1.473
793 16
3 7 5 8 7 8 2 5
1.9614 2.0052 2.9557 5.0138 6.0067 8.9644 10.989 11.903
1.473 1.9803 1.503 2.0189 1.469 1.0554 1.501 1.9398
794 16
3 7 5 8 7 8 2 5
2.0224 1.9445 2.9608 4.9844 5.9768 9.0013 10.951 11.969
1.5682 1.9898 1.5593 2.0464 1.4752 1.0755 1.5566 1.9829
795 16
3 7 5 8 7 8 2 5
2.0065 2.0874 2.9864 5.0032 6.1088 8.9287 11.058 12.002
1.5581 1.9557 1.5002 2.03 1.5318 0.979 1.4423 2.1213
796 16
7 2 3 6 5 8 2 8
1.9371 4.0425 6.1009 7.5778 7.9589 8.9921 10.947 11.976
1.97 2.0364 1.4956 1.4898 1.9436 1.0231 1.6133 1.476
797 16
7 2 3 6 5 8 2 8
2.034 3.9873 6.051 7.5434 8.0112 8.9355 10.968 11.939
1.9885 1.9433 1.415 1.5142 2.0489 1.0768 1.5321 1.4438
798 16
7 2 3 6 5 8 2 8
2.0133 3.9566 6.0343 7.5875 7.9858 9.0571 11.035 11.994
2.01 2.0088 1.454 1.4757 2.0114 0.98951 1.4753 1.6016
