42
3697 16
8 6 4 3 6
2.2765 4.5942 4.7394 8.4769 9.82
1.3304 1.0129 1.4533 2.5506 2.8127
3698 16
6 2 8 2 4 6 8
1.3533 3.7864 6.2974 7.1885 9.8305 9.836 11.933
2.8754 2.3727 2.0022 2.9359 2.7998 1.3568 2.3123
3699 16
4 7 4 2 3 6
0.87834 2.78 5.7087 10.102 12.478 13.277
2.7706 2.698 1.5472 1.0204 1.5285 1.3415
3700 16
2 1 2 2 7 1
0.36158 3.1666 5.0903 8.392 9.9309 12.474
2.682 2.7085 2.9638 2.0775 1.4968 2.0778
3701 16
8 5 2 1 1 3 3
2.2292 6.9676 7.6751 7.8805 10.422 10.803 13.581
1.7331 2.3546 2.6453 1.4613 2.6323 1.0314 1.1584
3702 16
1 4 3 7
1.9877 4.0469 6.0037 5.9959
1.5068 2.5557 1.453 1.5135
3703 16
1 4 3 7
1.9894 4.0072 6.0695 6.0189
1.4589 2.4657 1.52 1.4772
3704 16
1 4 3 7
1.9411 3.9598 6.0151 6.0254
1.4946 2.4699 1.4374 1.4028
3705 16
1 4 3 7
1.9807 4.0009 5.9506 6.0912
1.5183 2.4861 1.5445 1.4921
3706 16
2 6 2 8
3.9052 7.5395 7.9879 9.009
2.0463 1.5773 1.4297 0.96724
3707 16
2 6 2 8
3.9954 7.4757 8.0387 8.8882
2.0284 1.5754 1.4924 0.9358
3708 16
2 6 2 8
4.0334 7.5554 8.0002 8.9528
1.8286 1.4662 1.5269 1.0483
3709 16
2 6 2 8
4.0294 7.5883 7.9907 8.9927
1.9647 1.4945 1.4621 0.96393
3710 16
3 8 3 2 8 5
2.0301 5 6.0707 8.0123 9.0211 12.028
1.5164 1.9493 1.4569 1.5303 1.0277 1.9323
3711 16
3 8 3 2 8 5
2.0523 4.9695 6.0242 8.0757 9.0685 11.922
1.5449 2.0046 1.4527 1.4602 0.9291 2.0804
3712 16
3 8 3 2 8 5
2.0253 4.9924 6.0167 8.0725 9.0975 12.005
1.5121 1.9291 1.5176 1.5234 0.94755 1.9891
3713 16
3 8 3 2 8 5
2.0506 5.0165 6.0933 8.0513 8.9777 11.99
1.4617 2.0487 1.4685 1.3849 0.98303 1.9401
3714 16
3 8 3 2 8 5
6.0787 9.0627 9.0408 10.974 11.939 12.095
1.5755 1.0391 1.5027 1.5655 1.5404 1.9807
3715 16
3 8 3 2 8 5
5.962 9.0367 8.9221 10.941 11.962 11.962
1.4468 0.96574 1.5301 1.5067 1.4414 2.0704
3716 16
3 8 3 2 8 5
6.0286 8.9043 9.0085 11.037 12.128 12.046
1.5203 0.92068 1.5059 1.4927 1.3883 1.9646
3717 16
3 8 3 2 8 5
6.0346 8.9891 9.0069 11.025 12.034 12.096
1.4261 1.0898 1.4279 1.4681 1.4699 2.0499
3718 16
4 8 1 2 3 8
3.9622 5.0273 6.0304 7.9073 8.9752 12.057
2.4595 2.0195 2.0196 1.5463 1.534 1.3934
3719 16
4 8 1 2 3 8
4.0287 5.0428 6.0437 8.0935 8.9918 12.083
2.5386 2.0063 1.943 1.547 1.5563 1.5871
3720 16
4 8 1 2 3 8
4.0665 5.0612 5.9575 7.9953 8.949 12.058
2.4973 1.9767 2.0056 1.4536 1.4407 1.5172
3721 16
4 8 1 2 3 8
4.0081 4.9752 6.0243 7.9037 9.0011 12.058
2.5239 2.0414 2.0245 1.4868 1.4744 1.52
3722 16
5 4 3 8 3 5
3.0833 3.9655 6.0145 8.9994 8.9778 12.05
1.5311 2.4127 1.5457 0.97576 1.6022 2.0191
3723 16
5 4 3 8 3 5
2.975 4.0475 6.0098 9.0034 8.9719 12.086
1.5409 2.4877 1.478 1.0019 1.592 2.0415
3724 16
5 4 3 8 3 5
3.0132 4.0751 5.9202 8.994 9.0236 12.032
1.4967 2.4609 1.5819 0.91437 1.5218 1.9767
3725 16
5 4 3 8 3 5
2.9878 4.0735 5.9992 8.972 8.9506 12.023
1.506 2.532 1.4562 0.94208 1.4315 1.9876
3726 16
7 5 2 6 8 8
2.0704 3.0367 4.0468 7.5596 8.9983 12.088
1.9718 1.451 2.017 1.4483 0.96526 1.5542
3727 16
7 5 2 6 8 8
1.9111 3.0242 3.9606 7.5396 8.9506 11.978
1.9883 1.419 1.9772 1.4858 1.117 1.5135
3728 16
7 5 2 6 8 8
1.9521 2.9711 4.0205 7.5738 8.9173 12.086
1.9903 1.4407 2.0649 1.5962 1.0525 1.562
3729 16
7 5 2 6 8 8
2.0505 2.9711 3.9274 7.4745 8.9605 11.984
1.9493 1.4614 2.0705 1.4932 0.90572 1.5177
3730 16
3 4 8 7 5 2
1.9438 3.9779 4.9995 5.9738 7.998 10.972
1.4996 2.4778 1.9977 1.4902 1.97 1.4902
3731 16
3 4 8 7 5 2
2.0266 3.9721 4.9487 6.0301 8.0047 11.029
1.4311 2.4685 1.9703 1.4309 1.942 1.5483
3732 16
3 4 8 7 5 2
2.044 3.998 5.0031 6.0889 8.0509 11.007
1.4936 2.529 2.0354 1.5493 2.0153 1.4779
3733 16
3 7 5 8 7 8 2 5
1.9964 2.0109 3.0023 4.9408 5.923 9.0275 10.954 11.968
1.4563 2.0001 1.5038 1.994 1.4423 1.0002 1.54 2.0544
3734 16
3 7 5 8 7 8 2 5
1.995 1.9995 3.0207 5.0255 6.0947 8.998 11.013 11.963
1.498 2.0039 1.4894 2.0692 1.4164 0.93579 1.5272 1.9312
3735 16
3 7 5 8 7 8 2 5
2.0452 2.0471 2.9495 4.9788 6.0136 9.0319 11.006 12.057
1.535 2.0349 1.5368 2.02 1.5126 1.0301 1.5402 2.0283
3736 16
7 2 3 6 5 8 2 8
1.9685 4.0263 6.0247 7.495 7.9684 9.0208 10.984 11.998
2.003 2.0123 1.5704 1.5016 1.9608 1.0362 1.4924 1.4521
3737 16
7 2 3 6 5 8 2 8
2.026 3.9738 5.9982 7.5406 8.0122 9.0697 11.031 11.996
2.0521 1.9736 1.5087 1.4344 1.9521 0.98542 1.54 1.5091
3738 16
7 2 3 6 5 8 2 8
2.055 4.0324 5.9105 7.4754 8.0148 9.0627 10.967 11.945
2.0075 1.9834 1.5132 1.4902 1.9438 1.0226 1.4804 1.4579
