42
1597 16
3 3 1 6 7 2 5
5.8809 9.7822 10.098 10.826 11.971 12.895 13.578
1.0925 2.7149 1.5183 2.7253 2.3671 2.9124 1.6268
1598 16
3 7 3 7 6 5 6
0.75838 0.96435 5.2205 6.8495 9.4681 12.993 13.443
1.7122 2.1317 2.9073 1.1117 2.4931 2.6473 2.0007
1599 16
2 1 6 2 3 7 1
3.3098 3.4199 4.3971 8.1171 8.93 9.4955 11.453
1.3845 2.6503 2.9904 1.9609 1.1821 2.2192 1.2419
1600 16
8 3 1 6 7 1 5
3.5918 6.6197 7.9023 10.356 12.65 13.116 13.399
1.7231 2.8846 2.9328 1.5185 2.1423 2.0746 1.0473
1601 16
2 3 7 4 8
1.599 3.6033 7.1045 10.512 13.827
2.7639 2.032 1.2708 1.0122 1.8655
1602 16
1 4 3 7
1.999 4.0488 5.9596 6.0337
1.4257 2.494 1.4237 1.4808
1603 16
1 4 3 7
1.9964 4.0062 6.0406 5.959
1.5645 2.4995 1.4172 1.4659
1604 16
1 4 3 7
2.0198 4.0841 6.0144 6.0402
1.5059 2.4701 1.526 1.4436
1605 16
1 4 3 7
2.0223 3.9679 5.9651 6.0039
1.4885 2.5143 1.5593 1.4595
1606 16
2 6 2 8
4.0146 7.5164 8.0209 8.9922
1.949 1.4637 1.4794 1.0121
1607 16
2 6 2 8
4.0628 7.4745 8.0453 8.9759
2.0385 1.5015 1.5601 0.94121
1608 16
2 6 2 8
3.9797 7.4854 8.0426 8.988
2.0588 1.5186 1.5204 1.0324
1609 16
2 6 2 8
3.9666 7.4468 8.0109 9.0068
2.0359 1.4527 1.4584 0.97867
1610 16
3 8 3 2 8 5
2.0193 4.9766 5.9434 8.1376 8.9803 11.977
1.5448 1.9483 1.4738 1.4902 1.0375 2.0707
1611 16
3 8 3 2 8 5
1.942 4.9573 6.0542 8.0194 9.0837 11.982
1.4764 2.0084 1.4978 1.5413 0.97079 2.0018
1612 16
3 8 3 2 8 5
1.9953 5.0434 5.9401 8.0806 8.9033 12.03
1.4917 2.0361 1.593 1.5419 1.0649 2.0059
1613 16
3 8 3 2 8 5
1.9466 4.9611 6.0145 7.983 8.9563 12.041
1.5038 2.0101 1.4572 1.5488 0.99026 1.9917
1614 16
3 8 3 2 8 5
5.9576 9.0474 9.0013 10.958 12.002 12.041
1.5421 1.0353 1.4528 1.4783 1.4831 1.9784
1615 16
3 8 3 2 8 5
5.9946 8.9505 9.0158 11.033 12.082 12.092
1.492 0.97426 1.5325 1.5371 1.453 2.0456
1616 16
3 8 3 2 8 5
5.9388 8.8928 8.9498 11.045 12.041 11.997
1.4545 0.98261 1.4618 1.506 1.5067 1.897
1617 16
3 8 3 2 8 5
6.0006 9.0365 8.9789 11.113 12.055 12.053
1.5349 1.044 1.4769 1.5831 1.4369 1.9981
1618 16
4 8 1 2 3 8
4.05 5.0647 6.0788 8.0139 8.9918 11.955
2.4554 1.9816 1.9613 1.4547 1.5383 1.4627
1619 16
4 8 1 2 3 8
3.9908 5.0162 6.0022 7.9062 9.0175 12.018
2.4722 2.0339 2.0036 1.5113 1.4458 1.5335
1620 16
4 8 1 2 3 8
3.9389 5.0556 5.9405 7.893 8.9536 11.985
2.4889 2.0092 2.0299 1.5576 1.4975 1.4355
1621 16
4 8 1 2 3 8
3.9431 4.9995 6.0547 7.9432 8.9878 11.917
2.5103 2.0303 2.0085 1.414 1.463 1.4767
1622 16
5 4 3 8 3 5
3.0876 3.8973 6.0007 9.0078 9.0073 12.079
1.4616 2.4718 1.43 1.0011 1.5106 2.044
1623 16
5 4 3 8 3 5
3.0468 4.0471 5.9892 8.9866 8.9659 11.978
1.3806 2.5263 1.4327 1.0098 1.5142 2.0513
1624 16
5 4 3 8 3 5
2.9796 3.9723 5.9811 9.0327 8.9615 12.133
1.4671 2.3801 1.4628 0.97409 1.5645 1.8775
1625 16
5 4 3 8 3 5
2.9574 3.9594 6.0153 8.9418 8.9261 12.047
1.4171 2.537 1.5113 1.0326 1.5273 1.993
1626 16
7 5 2 6 8 8
1.9702 3.033 4.1077 7.5301 9.0582 12.023
2.0012 1.5715 1.9704 1.4109 0.93086 1.5334
1627 16
7 5 2 6 8 8
2.093 2.935 4.0384 7.4537 9.0056 12.027
2.0322 1.5811 2.0283 1.533 0.99741 1.51
1628 16
7 5 2 6 8 8
2.0026 3.0158 4.0294 7.5343 8.9858 11.978
1.9753 1.5614 1.9371 1.49 0.92702 1.5803
1629 16
7 5 2 6 8 8
1.9324 3.0164 4.0459 7.5101 9.0262 11.968
2.1185 1.5163 2.0275 1.471 0.9748 1.4808
1630 16
3 4 8 7 5 2
2.0138 4.0565 4.9704 5.9961 7.9322 10.951
1.4805 2.5269 1.9232 1.5998 2.0656 1.5546
1631 16
3 4 8 7 5 2
2.0235 4.0577 4.9918 5.9568 7.9952 10.963
1.5689 2.5846 1.9446 1.4762 2.0999 1.56
1632 16
3 4 8 7 5 2
2.0016 4.0131 4.9272 5.9868 8.0549 11.04
1.4155 2.5375 2.013 1.5129 2.0307 1.4398
1633 16
3 7 5 8 7 8 2 5
2.0758 2.1032 3.1057 5.0703 5.9906 9.0452 11.045 12.077
1.5081 1.9922 1.464 2.0073 1.5641 0.95654 1.5001 1.9789
1634 16
3 7 5 8 7 8 2 5
2.0672 2.0213 3.0477 4.9233 6.0013 8.9963 11.019 11.953
1.5304 2.0453 1.5553 1.9212 1.4723 0.97089 1.5177 2.1006
1635 16
3 7 5 8 7 8 2 5
2.0544 2.0298 2.9917 4.97 6.0242 8.971 10.997 11.979
1.5486 1.9151 1.4889 1.9799 1.4052 0.96856 1.4656 1.9042
1636 16
7 2 3 6 5 8 2 8
2.0233 3.9875 5.9298 7.3502 7.9909 9.01 11.018 11.963
1.9124 2.0014 1.4521 1.5377 1.9134 1.0505 1.5391 1.6528
1637 16
7 2 3 6 5 8 2 8
2.0466 4.0603 6.0332 7.522 8.0142 8.9254 10.997 11.963
1.916 2.0729 1.4711 1.4143 1.9599 0.99172 1.4519 1.4626
1638 16
7 2 3 6 5 8 2 8
1.9698 3.9286 5.9575 7.4151 8.0168 9.0164 11.02 11.901
1.9079 2.0214 1.6215 1.5082 1.9902 1.0157 1.5199 1.4186
