41
6967 16
7 8 1 1 7 5 4 1
3.6749 3.8376 5.335 8.5546 10.999 12.019 12.269 12.773
2.2163 1.1114 1.5496 2.8732 2.8735 1.5871 1.6791 2.5492
6968 16
2 7 6 8 3
3.0228 7.9663 9.9466 10.57 14.033
1.1359 2.1655 2.5002 2.9036 1.2075
6969 16
4 7 8 1 7 4 3
1.4022 1.489 2.8397 3.1043 5.3279 5.8995 6.5339
2.0661 2.477 2.4034 1.3854 2.7626 2.985 2.9485
6970 16
2 6 4 1
7.1083 8.7475 10.236 14.479
2.0748 1.9965 2.9599 1.4933
6971 16
5 3 7 7 8 3 8
5.4596 7.0834 7.2339 11.266 11.448 13.003 14.614
1.7484 2.4904 2.3808 1.7516 1.1523 2.9589 1.0959
6972 16
1 4 3 7
1.9922 3.9575 6.0514 6.0455
1.4587 2.5135 1.4901 1.5826
6973 16
1 4 3 7
1.9699 4.0032 6.065 6.1018
1.4549 2.5056 1.445 1.4851
6974 16
1 4 3 7
2.0348 3.967 5.9935 5.9716
1.5174 2.4701 1.4343 1.509
6975 16
1 4 3 7
1.9291 3.9523 6.0396 6.0627
1.512 2.5969 1.4703 1.5275
6976 16
2 6 2 8
4.0196 7.4431 7.9923 9.0276
2.0426 1.5157 1.5284 0.97784
6977 16
2 6 2 8
4.015 7.4475 7.9082 9.0506
1.928 1.4274 1.5072 1.0772
6978 16
2 6 2 8
4.0223 7.4675 8.0003 9.012
2.0179 1.544 1.4665 0.97439
6979 16
2 6 2 8
4.0079 7.5101 7.9726 8.9889
2.0155 1.5559 1.5081 1.025
6980 16
3 8 3 2 8 5
2.0529 4.9701 5.9371 8.0299 9.1003 11.941
1.4682 2.0354 1.4501 1.5331 0.94708 2.0734
6981 16
3 8 3 2 8 5
1.9822 5.0037 6.0595 8.0195 8.9822 11.962
1.508 2.0232 1.5103 1.5495 0.9547 1.9463
6982 16
3 8 3 2 8 5
1.9268 5.014 5.9155 8.0699 9.0197 12.017
1.5531 1.9827 1.5201 1.4406 0.97762 2.0371
6983 16
3 8 3 2 8 5
1.9622 5.0996 5.8456 7.9697 9.0395 11.952
1.4588 1.993 1.5008 1.4469 0.94584 1.9729
6984 16
3 8 3 2 8 5
6.0424 9.0575 9.019 10.963 11.974 11.954
1.4248 1.0267 1.4736 1.3998 1.5306 1.9559
6985 16
3 8 3 2 8 5
5.9453 9.0727 9.0049 11.03 11.973 12.099
1.4939 0.99746 1.4873 1.5476 1.5154 2.0403
6986 16
3 8 3 2 8 5
6.0223 9.0739 9.0738 10.976 11.955 12.025
1.4561 0.97776 1.4948 1.4259 1.6548 1.9415
6987 16
3 8 3 2 8 5
5.9511 8.9637 8.9937 11.037 11.983 12.057
1.4663 1.0695 1.5957 1.5051 1.4453 2.0268
6988 16
4 8 1 2 3 8
4.0965 4.9744 5.9591 8.0603 8.9643 12.02
2.5261 2.0203 2.0093 1.4698 1.5085 1.3509
6989 16
4 8 1 2 3 8
3.9917 5.0306 6.0923 7.9277 8.923 12.038
2.4542 1.859 1.9713 1.4786 1.458 1.4913
6990 16
4 8 1 2 3 8
3.9898 4.9906 5.933 7.9907 9.0008 11.976
2.5216 1.9723 1.9783 1.5088 1.474 1.4562
6991 16
4 8 1 2 3 8
4.0327 5.0475 5.9447 7.9275 9.0972 12.002
2.4909 1.8979 2.028 1.5807 1.449 1.5246
6992 16
5 4 3 8 3 5
2.9382 3.9719 6.0188 9.0001 8.9306 11.949
1.5234 2.5136 1.4416 1.0546 1.4103 2.0382
6993 16
5 4 3 8 3 5
3.0108 3.9619 6.0078 9.0364 8.9718 11.94
1.5286 2.5005 1.4947 0.99595 1.4885 1.974
6994 16
5 4 3 8 3 5
2.9924 4.028 6.0437 8.9898 9.0329 11.973
1.4976 2.4765 1.4556 1.055 1.4789 1.9894
6995 16
5 4 3 8 3 5
2.9709 4.0506 5.9703 9.018 8.9405 12.091
1.5462 2.4581 1.5023 0.97438 1.5081 1.9937
6996 16
7 5 2 6 8 8
2.0177 3.0713 3.965 7.5116 9.0664 11.984
1.9352 1.5324 1.9813 1.5772 0.98189 1.4994
6997 16
7 5 2 6 8 8
1.9951 2.9965 3.9238 7.4831 9.099 11.943
1.9409 1.4516 1.9417 1.475 0.93164 1.4891
6998 16
7 5 2 6 8 8
1.9441 2.9925 3.9705 7.4796 8.9865 11.969
2.0621 1.5176 2.0481 1.5118 0.93829 1.5088
6999 16
3 4 8 7 5 2
1.9954 3.9605 4.9457 5.9858 8.0227 11.018
1.473 2.5232 1.9291 1.4399 2.1195 1.5069
7000 16
3 4 8 7 5 2
1.9576 4.0224 4.9855 6.0126 8.0722 10.955
1.4308 2.452 1.9865 1.463 2.0107 1.4229
7001 16
3 4 8 7 5 2
2.0034 4.0668 5.0819 6.0484 8.0174 11.035
1.4964 2.4701 1.9563 1.5543 1.9385 1.6158
7002 16
3 7 5 8 7 8 2 5
1.9121 1.9604 3.004 5.0291 5.9716 9.0763 10.978 11.871
1.5151 2.0241 1.4422 2.0917 1.5044 1.0326 1.5192 2.0604
7003 16
3 7 5 8 7 8 2 5
1.991 1.9958 3.0378 4.93 5.9402 9.0005 10.986 11.935
1.5129 1.9996 1.4977 2.0289 1.4832 0.93781 1.5257 1.9596
7004 16
3 7 5 8 7 8 2 5
2.0038 2.0642 2.9955 5.0525 6.0007 8.995 10.967 11.973
1.5049 1.9936 1.4417 1.9888 1.443 1.0912 1.5716 2.0656
7005 16
7 2 3 6 5 8 2 8
2.0263 4.0218 5.9959 7.4745 7.9618 8.9636 10.956 11.993
2.0091 1.9625 1.5724 1.5006 2.046 1.0715 1.6089 1.459
7006 16
7 2 3 6 5 8 2 8
2.0367 3.9757 6.0719 7.5701 7.9107 8.983 11.034 12.029
1.9435 1.9746 1.541 1.4895 1.9244 1.0315 1.4719 1.5674
7007 16
7 2 3 6 5 8 2 8
1.9365 3.8939 5.9949 7.4035 8.025 8.9602 10.997 12.067
2.0021 2.053 1.4993 1.4947 2.0325 0.9618 1.4773 1.4851
