41
9140 16
8 6 5 4 1 4 8 2
0.25558 3.3733 7.0485 9.482 12.013 12.253 13.554 14.358
2.0221 1.9417 1.7775 2.1401 1.041 1.6855 1.8079 1.5981
9141 16
1 6 8 7 4 7 8
5.1818 6.2161 6.5011 7.2482 8.6832 10.244 13.514
2.5975 1.9402 2.4282 1.8337 2.3634 2.929 1.9573
9142 16
7 7 6 3
6.0969 10.301 12.059 12.303
2.5444 1.363 1.6176 1.294
9143 16
5 3 1 6 7
5.1828 6.9435 9.4663 10.848 12.973
2.2693 2.8004 2.4392 2.5898 2.0467
9144 16
1 3 6 7 4 6 2 3
2.4441 3.3097 5.3275 6.7313 10.564 11.948 12.499 13.21
2.9099 1.7532 1.9221 2.239 2.909 1.579 1.2488 2.4345
9145 16
1 4 3 7
2.0025 4.0043 5.9841 6.0584
1.5595 2.4564 1.5652 1.4791
9146 16
1 4 3 7
2.0718 4.0594 5.9602 6.0513
1.4778 2.5701 1.4731 1.3833
9147 16
1 4 3 7
2.0254 3.9058 5.9587 5.9276
1.4501 2.5377 1.5498 1.4476
9148 16
1 4 3 7
1.9723 4.0607 6.095 6.0698
1.6237 2.4458 1.5396 1.483
9149 16
2 6 2 8
4.0212 7.5202 8.0523 9.0187
2.0148 1.5423 1.4881 0.95662
9150 16
2 6 2 8
3.9798 7.4786 8.0587 9.0448
1.9882 1.475 1.5707 1.0081
9151 16
2 6 2 8
4.027 7.6273 7.976 9.0611
1.9399 1.5275 1.4641 0.92431
9152 16
2 6 2 8
4.0342 7.5632 8.0726 8.9833
1.9511 1.5343 1.4997 0.97687
9153 16
3 8 3 2 8 5
2.0524 5.0933 5.9597 8.0073 8.9088 12.054
1.4768 1.9732 1.4554 1.4593 0.98882 1.9448
9154 16
3 8 3 2 8 5
1.9899 4.9922 6.076 8.0788 9.0221 12.06
1.4303 1.9723 1.5837 1.521 1.0806 2.0059
9155 16
3 8 3 2 8 5
2.0633 4.9465 6.0178 7.8764 8.9315 12.002
1.4788 2.0948 1.5077 1.4936 0.97805 2.0113
9156 16
3 8 3 2 8 5
2.049 4.9554 6.023 8.0632 8.9745 11.951
1.5844 1.8304 1.4962 1.4949 0.93539 1.9835
9157 16
3 8 3 2 8 5
5.9987 9.0566 8.9641 11.007 12.049 12.04
1.4893 1.0141 1.5033 1.4988 1.4629 1.995
9158 16
3 8 3 2 8 5
6.0423 8.9112 9.0174 10.918 12.03 12.081
1.5224 1.0304 1.4796 1.4971 1.5387 2.0259
9159 16
3 8 3 2 8 5
6.0181 8.9809 8.9874 10.998 12.036 11.97
1.5344 0.93984 1.4363 1.5177 1.4736 1.9597
9160 16
3 8 3 2 8 5
5.9333 9.0131 9.0848 11.082 12.078 12.003
1.4158 1.0043 1.4768 1.606 1.5285 1.9749
9161 16
4 8 1 2 3 8
4.0182 5.0183 6.0773 8.0317 8.9947 11.938
2.5251 1.9658 1.9917 1.4518 1.3695 1.4643
9162 16
4 8 1 2 3 8
3.9092 4.998 6.0304 8.0008 9.1344 11.98
2.4761 1.9536 1.9993 1.542 1.5788 1.5
9163 16
4 8 1 2 3 8
4.0307 4.9652 5.984 7.9649 9.0419 12.084
2.5022 2.0124 2.0046 1.4219 1.4851 1.5356
9164 16
4 8 1 2 3 8
3.9349 4.9808 5.9954 7.9609 9.1586 11.963
2.5206 2.031 2.0099 1.5301 1.3944 1.4459
9165 16
5 4 3 8 3 5
3.0111 4.0352 6.0257 8.9424 9.0017 12.052
1.5478 2.4575 1.4809 0.99925 1.4558 2.0187
9166 16
5 4 3 8 3 5
2.9398 4.0192 5.9878 9.0715 9.0001 11.929
1.5196 2.4709 1.5181 0.97153 1.5756 2.0068
9167 16
5 4 3 8 3 5
3.0295 4.0662 6.0515 8.9757 9.0105 12.045
1.524 2.5105 1.5188 0.95886 1.5345 2.0408
9168 16
5 4 3 8 3 5
3.0046 3.9017 5.9543 9.0193 8.9972 12.06
1.4815 2.5034 1.4498 1.0811 1.4987 2.0571
9169 16
7 5 2 6 8 8
1.9623 2.9942 3.9852 7.4837 9.0273 11.988
1.9719 1.4636 1.9945 1.5534 0.98878 1.4994
9170 16
7 5 2 6 8 8
2.0117 2.941 4.0182 7.4966 9.0586 11.908
2.0526 1.5103 1.9357 1.5644 0.94252 1.5013
9171 16
7 5 2 6 8 8
1.9321 3.0732 4.033 7.5134 8.9789 12.06
2.0199 1.5176 1.9313 1.5042 0.96361 1.4916
9172 16
3 4 8 7 5 2
1.9436 3.9914 5.0617 6.0209 8.025 10.931
1.4324 2.5321 1.9644 1.4979 2.0773 1.5006
9173 16
3 4 8 7 5 2
1.9688 4.0605 5.024 6.0443 8.0129 11.044
1.4984 2.4564 2.0841 1.468 2.0841 1.4531
9174 16
3 4 8 7 5 2
1.9621 3.9688 5.0476 5.9296 8.0709 10.917
1.4346 2.5448 2.0871 1.4135 1.9789 1.429
9175 16
3 7 5 8 7 8 2 5
1.9723 1.9981 3.0551 5.0425 5.9381 9.0114 10.981 11.968
1.5598 1.9961 1.5224 1.917 1.4784 1.0711 1.4286 1.9668
9176 16
3 7 5 8 7 8 2 5
2.0215 2.0589 3.005 4.9238 6.1178 9.0308 10.95 12.037
1.5552 1.9398 1.5491 2.0109 1.5508 0.99975 1.4541 1.9446
9177 16
3 7 5 8 7 8 2 5
2.0063 1.9846 2.9638 4.9904 5.9857 9.0047 10.986 12.005
1.5505 2.0289 1.5136 2.1015 1.4087 0.96242 1.5033 2.0027
9178 16
7 2 3 6 5 8 2 8
1.9017 4.0045 5.9765 7.5204 7.9683 8.9694 10.985 11.946
1.9656 1.9849 1.4762 1.5507 2.0235 1.1615 1.459 1.5216
9179 16
7 2 3 6 5 8 2 8
1.9759 3.9532 6.0065 7.5474 8.0652 9.0009 10.963 11.959
2.0202 2.054 1.4452 1.4598 2.006 1.0632 1.5888 1.4959
9180 16
7 2 3 6 5 8 2 8
1.903 4.0172 6.0427 7.4936 8.0295 8.9509 11.078 12.074
2.0215 2.0326 1.5417 1.4589 1.9765 0.89158 1.5231 1.4659
