41
7705 16
1 7 2 3 7 8 1
0.52262 1.1816 4.7798 7.0934 10.271 11.844 13.943
2.0849 2.5177 2.5954 2.742 2.9781 2.7653 1.1277
7706 16
5 8 5 4 6 7 2
0.041808 1.5939 5.5781 10.05 10.758 12.58 14.368
2.7688 2.1889 2.4862 1.8358 1.8542 2.6929 1.0016
7707 16
6 3 8 7 8 5
1.2073 2.7701 4.3372 6.669 8.1665 10.351
2.7119 1.8708 1.5679 1.9053 1.4243 2.5341
7708 16
4 3 2 2
5.0912 5.5964 6.7031 11.133
2.0023 2.818 2.5303 1.5986
7709 16
4 2 3 6 8 3 7
0.87851 0.97992 2.4521 9.1682 10.451 12.77 12.798
2.5989 2.8218 1.8764 2.5452 2.5232 2.0789 1.1389
7710 16
1 4 3 7
1.9302 3.9418 6.0178 5.941
1.5402 2.5214 1.4621 1.5913
7711 16
1 4 3 7
1.9613 3.938 6.0067 5.9573
1.5411 2.4973 1.5026 1.5032
7712 16
1 4 3 7
2.0231 3.8874 6.0483 5.9723
1.5741 2.4909 1.5252 1.5375
7713 16
1 4 3 7
2.0195 3.9721 5.919 6.0287
1.4086 2.6167 1.489 1.4905
7714 16
2 6 2 8
4.053 7.5319 7.9397 8.9222
1.9555 1.4662 1.552 1.1254
7715 16
2 6 2 8
3.9858 7.5261 8.0276 9.025
1.9498 1.4548 1.487 0.95917
7716 16
2 6 2 8
3.9826 7.5288 8.0255 8.9848
2.0154 1.5358 1.5385 1.0356
7717 16
2 6 2 8
4.0371 7.5406 8.0806 9.0155
1.9963 1.4497 1.4511 1.0612
7718 16
3 8 3 2 8 5
1.996 4.9314 6.0429 7.9881 8.9849 12.012
1.5063 2.0104 1.4426 1.5276 0.95246 1.9369
7719 16
3 8 3 2 8 5
1.9274 5.0305 5.9217 8.0189 9.0577 11.986
1.4725 1.975 1.4455 1.4139 1.0362 2.088
7720 16
3 8 3 2 8 5
2.0825 5.0239 5.9267 7.9303 9.0372 11.951
1.5638 2.048 1.5498 1.504 1.0111 2.0451
7721 16
3 8 3 2 8 5
1.9444 5.0079 6.0098 7.9936 8.9679 11.941
1.4432 1.9816 1.4831 1.5629 0.96619 2.0524
7722 16
3 8 3 2 8 5
6.0308 9.0038 8.9603 11.121 12.001 11.975
1.5756 1.069 1.4503 1.4796 1.533 1.9477
7723 16
3 8 3 2 8 5
5.9928 8.9018 8.9412 10.943 12.06 11.992
1.4988 0.95681 1.5813 1.4781 1.4749 1.977
7724 16
3 8 3 2 8 5
6.0736 9.0611 9.1114 11.006 12.044 12.027
1.4755 1.1452 1.4015 1.4625 1.5691 1.916
7725 16
3 8 3 2 8 5
6.0713 8.9047 8.9585 11.062 11.962 11.911
1.5379 0.96601 1.4549 1.4867 1.451 1.9893
7726 16
4 8 1 2 3 8
3.9436 5.0297 5.9815 7.9461 9.0077 11.993
2.5298 1.9617 1.9548 1.4912 1.4751 1.5168
7727 16
4 8 1 2 3 8
4.1388 4.9816 6.0143 7.9645 9.0102 11.97
2.4977 2.0301 1.9785 1.5595 1.5526 1.3416
7728 16
4 8 1 2 3 8
4.019 4.9372 5.9777 8.0103 9.0231 12.043
2.4287 2.0708 2.043 1.5234 1.4918 1.5247
7729 16
4 8 1 2 3 8
4.0293 4.9927 6.0171 8.0113 9.0837 11.913
2.3887 2.0307 1.9924 1.4522 1.4691 1.4485
7730 16
5 4 3 8 3 5
3.002 3.924 5.9872 8.9534 8.9407 12.016
1.5143 2.4823 1.4265 1.0694 1.4483 2.0268
7731 16
5 4 3 8 3 5
2.9908 4.0277 6.0187 8.9462 9.0356 12.126
1.3639 2.5334 1.4923 1.0056 1.464 2.0294
7732 16
5 4 3 8 3 5
3.0268 3.9926 5.9865 9.0445 8.9007 12.024
1.5041 2.5467 1.534 0.95073 1.5632 1.9666
7733 16
5 4 3 8 3 5
2.9607 3.9211 6.0478 9.0006 9.0243 11.948
1.5028 2.4883 1.5026 0.90771 1.4558 1.9875
7734 16
7 5 2 6 8 8
2.0298 3.0625 4.0863 7.4725 8.9772 12.055
2.0214 1.5041 2.061 1.5188 0.98292 1.5721
7735 16
7 5 2 6 8 8
2.0231 2.9751 3.9471 7.4287 8.9508 11.994
1.9852 1.49 2.0184 1.4843 1.0176 1.497
7736 16
7 5 2 6 8 8
2.0547 3.0465 3.9423 7.4897 8.9549 11.938
1.9994 1.4548 2.0235 1.4591 0.98571 1.5223
7737 16
3 4 8 7 5 2
2.0186 3.912 4.8969 6.0033 7.9834 10.998
1.4364 2.554 2.0212 1.5829 2.0891 1.4631
7738 16
3 4 8 7 5 2
1.9607 3.9625 4.9772 6.0764 8.0264 11.047
1.492 2.5269 2.037 1.4215 2.067 1.5208
7739 16
3 4 8 7 5 2
2.0237 3.9854 4.9382 5.8937 8.0229 11.007
1.4642 2.5354 2.027 1.4917 2.0553 1.4954
7740 16
3 7 5 8 7 8 2 5
1.9009 1.9689 3.0194 4.9819 6.0327 9.0259 11.048 12.003
1.5235 2.0347 1.5507 1.9883 1.4979 0.9421 1.5591 2.0433
7741 16
3 7 5 8 7 8 2 5
2.0516 1.9984 3.0221 5.0428 5.9165 8.9984 10.98 12.028
1.5868 1.9537 1.484 2.0353 1.5158 0.88151 1.5328 2.0679
7742 16
3 7 5 8 7 8 2 5
1.9904 2.0442 3.0661 4.9974 6.086 9.0045 11.045 11.936
1.5036 1.9746 1.5397 1.9399 1.4215 0.99935 1.503 2.0161
7743 16
7 2 3 6 5 8 2 8
2.0224 4.0228 6.0536 7.5177 8.0733 9.0157 11.074 11.983
2.0544 2.0171 1.6188 1.4861 2.0008 1.0533 1.5681 1.5321
7744 16
7 2 3 6 5 8 2 8
2.0295 3.9543 5.9819 7.5319 8.0076 9.056 11.036 12.08
1.9724 2.0085 1.5345 1.5216 2.0055 0.95251 1.5828 1.4645
7745 16
7 2 3 6 5 8 2 8
2.0045 4.076 6.0692 7.5294 8.0492 8.932 11.066 11.954
1.9993 2.0101 1.5798 1.5138 1.999 1.0503 1.4794 1.4883
