41
9263 16
8 5 4 1 5 1 2 8
1.0682 2.5229 2.9931 3.016 8.4255 11.019 11.456 12.837
2.2686 1.8907 2.9179 2.4476 2.4387 1.4116 1.1128 2.992
9264 16
5 4 6 1 7 2
1.0683 1.376 6.3613 6.8314 12.658 12.757
1.2191 1.9939 1.1196 1.7327 1.9566 2.8259
9265 16
2 6 7 6 1 4 3
0.28945 5.2976 5.9369 9.938 10.372 13.02 13.827
2.4648 1.6388 2.0597 1.8564 2.0117 2.3999 1.2697
9266 16
8 8 5 2 4
2.2564 5.0907 5.3531 7.0378 13.005
2.5356 1.0831 1.0752 2.9707 2.8628
9267 16
5 4 3 6
0.39009 0.79593 11.539 13.68
1.7402 2.3961 2.9616 1.6599
9268 16
1 4 3 7
2.0211 4.0507 6.095 6.0995
1.5897 2.5425 1.5196 1.4874
9269 16
1 4 3 7
1.939 4.0119 5.9985 5.9043
1.5075 2.5055 1.4984 1.5163
9270 16
1 4 3 7
2.0015 3.9045 5.9454 5.9636
1.5352 2.4266 1.4018 1.5269
9271 16
1 4 3 7
1.9628 4.0026 5.9668 5.9838
1.4895 2.547 1.4723 1.567
9272 16
2 6 2 8
4.0476 7.5884 7.9994 8.8963
2.0459 1.4901 1.5117 1.0249
9273 16
2 6 2 8
4.0196 7.5219 7.9732 9.0421
2.0633 1.5156 1.4852 1.0041
9274 16
2 6 2 8
3.9997 7.4995 8.016 9.0621
1.9559 1.543 1.4719 0.95968
9275 16
2 6 2 8
4.0544 7.5271 8.063 8.9561
1.9824 1.5523 1.538 1.0423
9276 16
3 8 3 2 8 5
2.0238 5.0643 6.0599 8.0402 9.0716 11.961
1.4884 2.03 1.5009 1.4749 0.98639 1.9817
9277 16
3 8 3 2 8 5
2.0153 5.0212 6.029 8.0361 9.0881 12.029
1.5556 2.0094 1.4751 1.4964 1.0544 2.1124
9278 16
3 8 3 2 8 5
1.8659 4.9706 6.0237 7.9719 8.9987 11.991
1.4562 2.0942 1.5806 1.4478 0.95671 1.9811
9279 16
3 8 3 2 8 5
1.9989 4.976 5.9208 7.9587 9.0377 12.038
1.4359 2.0412 1.4678 1.4944 1.0294 1.9402
9280 16
3 8 3 2 8 5
5.9908 9.0238 9.0922 10.99 11.993 12.016
1.4925 1.0025 1.5302 1.5514 1.5336 1.9502
9281 16
3 8 3 2 8 5
6.008 8.9491 9.0418 10.951 12.039 12.041
1.5493 1.0902 1.4649 1.5437 1.5195 1.9781
9282 16
3 8 3 2 8 5
6.0486 9.008 8.9034 10.99 11.955 12.017
1.5318 0.97313 1.4958 1.4394 1.4207 1.9158
9283 16
3 8 3 2 8 5
5.996 9.1264 8.9792 10.968 12.011 12.058
1.4256 0.98267 1.5676 1.4781 1.6262 1.8928
9284 16
4 8 1 2 3 8
4.0096 4.9644 6.0864 7.9988 9.0619 11.853
2.475 1.882 1.9973 1.5857 1.5902 1.5178
9285 16
4 8 1 2 3 8
4.0792 4.996 5.9934 8.0103 8.9693 11.937
2.4674 1.9887 1.9585 1.5279 1.5226 1.4499
9286 16
4 8 1 2 3 8
4.0652 4.9819 5.9149 7.9995 9.0295 11.987
2.5181 2.0455 1.9159 1.4824 1.5659 1.5492
9287 16
4 8 1 2 3 8
3.9904 5.0162 6.0611 7.9943 9.0342 12.004
2.5767 1.9603 2.0267 1.4729 1.5093 1.501
9288 16
5 4 3 8 3 5
3.0525 4.0356 6.1079 9.0389 8.9945 11.998
1.5579 2.4764 1.4877 0.98261 1.4642 1.9883
9289 16
5 4 3 8 3 5
3.0006 3.9097 6.0549 8.9694 9.0382 11.942
1.5364 2.5883 1.47 0.977 1.4693 2.0178
9290 16
5 4 3 8 3 5
2.9748 3.966 6.0058 9.0134 8.9751 12.021
1.5077 2.5654 1.5188 0.92143 1.5323 1.9776
9291 16
5 4 3 8 3 5
3.0246 4.0905 6.0798 9.0017 9.036 11.941
1.5714 2.5406 1.4797 1.0868 1.5082 2.1365
9292 16
7 5 2 6 8 8
1.9994 3.0748 3.9996 7.4986 9.0226 11.929
1.9854 1.4516 1.9954 1.4386 1.0258 1.5502
9293 16
7 5 2 6 8 8
2.0187 3.0138 3.9538 7.4398 8.9051 11.979
1.9457 1.4216 1.9731 1.5842 0.97084 1.4803
9294 16
7 5 2 6 8 8
2.0235 3.0434 4.0427 7.4596 9.025 11.998
2.0453 1.4629 2.0331 1.5486 0.95719 1.5082
9295 16
3 4 8 7 5 2
1.958 3.9619 4.921 5.9618 8.0076 11.031
1.4967 2.4507 2.0309 1.5545 1.9511 1.4509
9296 16
3 4 8 7 5 2
2.0277 4.0158 4.9382 6.0011 7.988 10.976
1.5209 2.4926 2.0656 1.3995 1.9852 1.6106
9297 16
3 4 8 7 5 2
2.0526 3.9571 5.0472 6.0117 8.0526 10.962
1.5495 2.4892 2.0139 1.3624 1.9945 1.435
9298 16
3 7 5 8 7 8 2 5
1.9432 2.1245 2.9469 4.9993 5.9471 9.0868 10.959 11.956
1.4793 2.0293 1.4749 1.9505 1.4703 0.99611 1.5142 1.9239
9299 16
3 7 5 8 7 8 2 5
1.9938 1.9183 2.9199 5.0068 6.0764 8.9765 10.972 12.003
1.5625 1.9044 1.4507 1.9487 1.5553 0.91148 1.5278 2.0679
9300 16
3 7 5 8 7 8 2 5
2.031 2.0602 3.0298 4.9631 6.0524 8.9054 10.986 11.962
1.4667 2.0381 1.5067 2.0983 1.5105 1.0706 1.5673 2.0372
9301 16
7 2 3 6 5 8 2 8
1.8826 3.9954 5.9193 7.4527 8.0114 8.9594 11.007 12.04
2.0533 2.0419 1.5251 1.453 2.0059 1.034 1.4773 1.4975
9302 16
7 2 3 6 5 8 2 8
2.0482 3.9868 6.0117 7.4761 7.9849 8.9466 11.016 12.118
1.8995 2.0714 1.5411 1.5199 1.889 1.0498 1.4282 1.5283
9303 16
7 2 3 6 5 8 2 8
1.9234 3.9406 6.0227 7.4704 8.0739 9.0052 11.005 12.053
2.0106 1.9783 1.5228 1.4658 2.0983 0.97221 1.5226 1.4707
