42
883 16
7 4 2 5
3.179 5.3976 7.3732 12.833
1.4524 1.6971 2.3178 2.4568
884 16
4 2 8 3 3 4 5
2.3553 3.1613 7.4942 8.0051 10.703 11.28 12.882
2.952 2.513 1.2994 1.6097 2.6082 1.6834 1.8603
885 16
8 3 1 6 5
2.5045 3.1094 6.323 7.553 8.8651
1.347 2.7461 2.6117 2.8256 2.543
886 16
6 8 1 5 4
2.0742 3.3695 5.4753 8.636 13.456
2.4642 1.7581 1.5042 2.4553 1.2866
887 16
8 7 6 2 3 5 4
2.9124 3.5756 5.4774 6.7594 7.0406 9.5444 11.404
1.3826 1.6491 1.0759 1.5167 1.4397 1.3597 2.9027
888 16
1 4 3 7
2.1082 3.9779 5.9823 5.9539
1.54 2.4824 1.5192 1.4366
889 16
1 4 3 7
2.003 4.0529 6.0412 6.0048
1.3901 2.4312 1.5709 1.4859
890 16
1 4 3 7
1.9264 4.0241 6.0291 6.0288
1.4952 2.6037 1.4618 1.4636
891 16
1 4 3 7
1.99 4.0394 6.0173 5.9426
1.4237 2.5101 1.5156 1.4892
892 16
2 6 2 8
3.9526 7.5299 8.0464 8.9054
2.0406 1.5043 1.4863 0.96409
893 16
2 6 2 8
3.9929 7.4433 7.931 9.005
1.9604 1.4751 1.5541 0.99486
894 16
2 6 2 8
3.9154 7.5675 8.018 9.0757
1.9609 1.5024 1.5644 0.95308
895 16
2 6 2 8
3.9601 7.4871 8.0895 9.0043
1.9515 1.5127 1.4624 0.96964
896 16
3 8 3 2 8 5
1.9493 4.9996 6.0097 8.0153 9.0951 12.007
1.4119 2.0429 1.5024 1.4975 1.061 2.0596
897 16
3 8 3 2 8 5
2.0143 4.9584 5.9914 8.0432 9.0714 12.078
1.5239 2.0243 1.454 1.4782 1.0488 2.004
898 16
3 8 3 2 8 5
1.9454 4.9975 6.031 8.0544 8.9657 12.007
1.5435 1.9633 1.5407 1.5324 0.96723 2.0052
899 16
3 8 3 2 8 5
2.0813 4.9576 6.0183 7.9697 8.9936 12.049
1.4722 1.9085 1.597 1.502 0.9531 1.9451
900 16
3 8 3 2 8 5
6.0098 8.9685 8.9877 11.047 12.042 12.02
1.4905 1.0251 1.4998 1.5742 1.5187 2.0194
901 16
3 8 3 2 8 5
5.9497 9.0447 8.9986 11.022 12.065 11.992
1.5043 1.0415 1.4948 1.5297 1.5319 2.0828
902 16
3 8 3 2 8 5
5.9382 9.0131 8.9793 10.957 12.107 11.993
1.4631 0.94872 1.4954 1.5292 1.5862 2.0678
903 16
3 8 3 2 8 5
6.008 9.186 8.9718 10.986 11.946 12.052
1.4383 1.0189 1.4848 1.5538 1.4638 1.895
904 16
4 8 1 2 3 8
4.012 4.9028 5.9945 7.9786 8.8814 11.998
2.5616 2.0325 1.9989 1.548 1.507 1.4981
905 16
4 8 1 2 3 8
3.992 5.0003 5.9458 8.0028 9.0659 11.995
2.4749 1.9767 1.8825 1.5245 1.5478 1.4214
906 16
4 8 1 2 3 8
3.904 5.0182 5.9847 8.0908 8.9403 11.957
2.5563 1.9916 2.0084 1.546 1.4742 1.5547
907 16
4 8 1 2 3 8
3.9972 5.0748 5.9946 7.9807 8.977 12.038
2.4687 1.9894 2.0127 1.4405 1.5314 1.6361
908 16
5 4 3 8 3 5
3.0042 4.0593 6.0324 9.0393 8.977 11.989
1.4686 2.4259 1.4865 1.0895 1.514 2.0502
909 16
5 4 3 8 3 5
3.1004 3.9532 5.9739 9.0504 9.034 12.055
1.517 2.5097 1.5956 1.0282 1.4778 2.0107
910 16
5 4 3 8 3 5
3.0159 4.0704 5.9844 9.0309 9.0858 12.033
1.5541 2.4702 1.5187 1.058 1.4312 2.0234
911 16
5 4 3 8 3 5
3.0815 4.0436 6.0526 8.9396 8.9668 11.991
1.4623 2.5338 1.4508 0.86815 1.5783 2.0475
912 16
7 5 2 6 8 8
2.0299 3.0719 3.961 7.5219 9.0118 12.003
2.0341 1.4962 1.9373 1.5302 1.082 1.6268
913 16
7 5 2 6 8 8
2.0138 2.9473 3.9966 7.4663 8.9235 11.984
1.9455 1.4864 1.9845 1.4979 1.0536 1.4149
914 16
7 5 2 6 8 8
2.0641 2.9621 3.9678 7.4588 9.0156 11.899
2.0698 1.5584 2.0685 1.568 0.96619 1.5664
915 16
7 5 2 6 8 8
1.9862 3.0301 3.9324 7.4732 8.9972 11.955
1.954 1.4609 2.0894 1.5026 0.96233 1.5002
916 16
3 4 8 7 5 2
1.9568 3.9567 5.0253 6.0571 8.0051 11.066
1.4761 2.5048 2.0266 1.4758 1.9496 1.4146
917 16
3 4 8 7 5 2
2.0318 4.013 5.0586 5.972 8.0424 11.019
1.5017 2.4572 1.8525 1.521 2.0529 1.4523
918 16
3 4 8 7 5 2
2.0328 3.966 5.0469 6.0656 8.0054 10.97
1.4611 2.4806 2.0468 1.472 2.0243 1.5169
919 16
3 7 5 8 7 8 2 5
2.0857 1.9714 3.006 4.9727 6.0086 8.9873 10.88 11.903
1.4314 2.0525 1.5325 1.9913 1.4317 1.014 1.4812 1.9383
920 16
3 7 5 8 7 8 2 5
1.9162 2.0314 2.9646 5.018 6.0414 8.9656 11.046 11.969
1.5059 1.945 1.4186 1.9379 1.5474 1.0151 1.4988 1.9433
921 16
3 7 5 8 7 8 2 5
2.0216 1.9715 2.9304 4.9944 6.0532 9.0661 11.045 12.103
1.496 1.9781 1.4434 1.9587 1.4335 1.0416 1.4793 1.9702
922 16
7 2 3 6 5 8 2 8
1.9838 3.9468 5.9802 7.5228 7.9688 8.973 11.031 11.947
1.9807 1.9833 1.5445 1.4965 1.9755 1.1093 1.5212 1.4953
923 16
7 2 3 6 5 8 2 8
1.994 3.951 6.001 7.4739 7.9262 9.0365 11.021 12.071
2.058 1.8947 1.5463 1.5364 1.9639 0.95205 1.5298 1.5442
924 16
7 2 3 6 5 8 2 8
2.0013 3.9317 5.9608 7.5386 7.9625 9.0603 10.929 12.006
2.0247 1.9024 1.4473 1.4362 1.9327 0.96823 1.5075 1.5329
