42
1345 16
7 3 5 3 1 3 8 2
2.3855 3.0492 6.0535 9.6997 10.813 12.08 13.451 13.563
1.0478 2.837 1.858 1.5492 2.4003 2.4004 2.2662 1.4261
1346 16
5 1 2 8 7
0.72342 5.7003 8.345 11.422 12.322
1.123 2.8854 2.2808 1.8182 1.0004
1347 16
6 3 6 6
0.74353 4.3096 8.1357 13.77
2.4508 1.3597 2.6938 1.0269
1348 16
6 4 3 2
0.1309 3.067 10.823 11.835
2.0696 2.1543 2.8678 1.5006
1349 16
1 3 8 7 5 6
1.0192 4.0181 5.5608 6.0209 9.8713 12.982
2.4085 1.8311 1.1502 2.2778 1.5284 2.1657
1350 16
1 4 3 7
1.9666 4.0031 5.9263 5.8645
1.5493 2.4599 1.5687 1.458
1351 16
1 4 3 7
1.9443 4.0282 6.0226 5.9418
1.5802 2.4485 1.5429 1.4669
1352 16
1 4 3 7
2.0643 3.9703 6.0922 5.9986
1.4219 2.5358 1.512 1.4748
1353 16
1 4 3 7
1.9798 4.0172 5.9629 5.9005
1.536 2.4109 1.5123 1.5176
1354 16
2 6 2 8
4.0562 7.4841 8.0181 8.9211
2.0139 1.4989 1.4552 0.92934
1355 16
2 6 2 8
3.9837 7.4468 8.0269 8.988
1.9699 1.5129 1.5007 0.98782
1356 16
2 6 2 8
4.0474 7.5812 7.995 9.0008
2.0224 1.5664 1.5157 1.0256
1357 16
2 6 2 8
3.9908 7.5208 7.9769 9.0307
1.9518 1.5462 1.374 1.0602
1358 16
3 8 3 2 8 5
1.9895 4.9986 6.0837 8.045 9.0293 12.043
1.4488 2.0362 1.5372 1.5506 1.0273 2
1359 16
3 8 3 2 8 5
1.9581 5.0472 6.0305 7.9696 8.9866 11.934
1.6044 2.031 1.5413 1.425 0.99994 2.0101
1360 16
3 8 3 2 8 5
2.0531 5.0024 5.9892 7.9506 8.9967 11.966
1.5088 1.984 1.4533 1.6069 1.0204 1.9574
1361 16
3 8 3 2 8 5
1.9818 4.9654 6.0102 7.9848 8.9902 12.011
1.6483 2.0395 1.4713 1.5002 0.99879 1.9191
1362 16
3 8 3 2 8 5
6.0177 9.0317 9.039 11.063 12.051 12.06
1.4985 0.98779 1.4559 1.479 1.5515 1.9971
1363 16
3 8 3 2 8 5
5.9783 8.9013 8.9687 10.981 11.948 11.875
1.4657 1.0899 1.4552 1.5268 1.5115 2.0133
1364 16
3 8 3 2 8 5
5.9566 9.0453 9.0186 10.999 11.989 11.962
1.4812 0.97183 1.5339 1.5657 1.4834 2.0489
1365 16
3 8 3 2 8 5
5.9771 9.0319 8.9674 10.955 11.962 11.967
1.5099 0.98032 1.5446 1.5181 1.4482 2.0462
1366 16
4 8 1 2 3 8
3.9755 4.9587 6.0463 7.9763 8.979 12.028
2.4986 2.0196 2.0405 1.5696 1.4308 1.6443
1367 16
4 8 1 2 3 8
4.0397 4.9674 6.0433 7.9487 8.9866 11.903
2.4875 1.9681 1.9162 1.5612 1.4823 1.4753
1368 16
4 8 1 2 3 8
3.9583 5.0886 5.9757 7.9749 8.9857 12.02
2.5287 1.8926 1.9858 1.4721 1.5083 1.4847
1369 16
4 8 1 2 3 8
4.05 5.012 5.9706 8.0403 9.0692 12.012
2.4812 1.9939 1.9693 1.4314 1.4975 1.4947
1370 16
5 4 3 8 3 5
3.0482 4.0249 5.989 8.9654 9.0272 11.915
1.4178 2.5378 1.4023 1.0337 1.5117 1.9841
1371 16
5 4 3 8 3 5
3.0166 4.019 6.0241 9.0497 8.9528 12.009
1.527 2.5216 1.4989 1.0344 1.5674 2.0331
1372 16
5 4 3 8 3 5
2.9957 4.0479 5.9658 8.9949 9.0059 12.021
1.5014 2.453 1.5057 1 1.4755 2.0218
1373 16
5 4 3 8 3 5
3.0499 4.0007 5.9583 9.0671 9.0326 11.885
1.5442 2.4703 1.5452 0.9953 1.4762 1.9306
1374 16
7 5 2 6 8 8
2.004 3.0368 4.063 7.5613 8.9741 11.946
1.9165 1.4896 2.0099 1.6282 0.9597 1.5577
1375 16
7 5 2 6 8 8
1.9686 2.9762 3.9809 7.5488 9.0054 12.022
2.0595 1.5366 2.0086 1.524 0.9856 1.5391
1376 16
7 5 2 6 8 8
2.0544 2.9506 4.0812 7.474 8.9871 11.95
2.0854 1.3811 2.1083 1.4211 0.90601 1.523
1377 16
7 5 2 6 8 8
2.0591 2.9987 4.028 7.4886 9.1118 12.066
2.0357 1.528 2.0132 1.4798 0.90196 1.532
1378 16
3 4 8 7 5 2
1.9401 3.9878 4.968 6.1448 8.0002 10.98
1.5729 2.4935 1.9583 1.4897 2.0458 1.5451
1379 16
3 4 8 7 5 2
2.0941 3.9546 5.0172 6.004 8.0663 10.932
1.5307 2.4834 2.0067 1.5008 1.9402 1.4875
1380 16
3 4 8 7 5 2
1.9101 3.9837 5.0365 5.8856 7.9839 11.043
1.457 2.5098 2.0663 1.5208 2.0543 1.479
1381 16
3 7 5 8 7 8 2 5
1.929 2.0015 2.936 5.1039 6.0235 9.046 11.044 11.962
1.5452 1.9961 1.4423 2.0192 1.4953 0.98221 1.5148 1.9247
1382 16
3 7 5 8 7 8 2 5
2.0315 1.9589 2.9556 4.9591 5.9383 8.9067 10.966 11.937
1.6408 1.9774 1.4592 2.0665 1.4818 1.0096 1.474 1.9988
1383 16
3 7 5 8 7 8 2 5
2.0457 2.0039 3.0368 5.1058 6.047 9.0172 10.994 11.971
1.6237 1.9649 1.4623 1.9771 1.5198 1.0225 1.5245 1.9777
1384 16
7 2 3 6 5 8 2 8
2.0404 4.014 6.0487 7.5548 8.0026 8.9676 10.952 12.053
2.0082 2.0218 1.5023 1.4652 1.9766 1.0662 1.4598 1.4996
1385 16
7 2 3 6 5 8 2 8
1.9219 4.0231 5.9976 7.5316 7.9658 9.052 10.933 11.955
2.0057 1.9638 1.436 1.4887 2.0807 1.1179 1.4444 1.5628
1386 16
7 2 3 6 5 8 2 8
1.8614 4.0736 6.0582 7.4371 8.0228 9.0186 10.974 11.998
2.0187 1.9193 1.4251 1.4572 1.9496 1.0084 1.4811 1.5152
