42
2941 16
6 4 5 1 3 6 1
0.8306 3.2659 6.1612 9.3545 10.278 10.547 13.875
2.6556 2.2871 2.6491 2.2968 2.3285 2.423 1.6206
2942 16
3 6 6 5 2
1.5587 5.1892 9.3183 9.5528 13.548
2.8877 1.6933 2.5357 1.2102 1.6954
2943 16
7 6 2 4
0.33973 3.6261 6.0225 12.323
1.3601 2.477 1.3843 1.0699
2944 16
4 1 3 1 3
3.6307 5.1085 5.721 10.451 13.761
1.7935 2.7392 1.9777 1.9794 1.6696
2945 16
6 6 7 4
4.389 8.6759 9.2861 12.809
2.1163 2.7845 1.5764 2.0249
2946 16
1 4 3 7
1.9881 4.0474 6.094 6.0124
1.4425 2.5255 1.4636 1.5508
2947 16
1 4 3 7
1.9919 4.0092 6.041 5.9756
1.579 2.4761 1.4537 1.5069
2948 16
1 4 3 7
2.0213 3.9889 6.087 5.9314
1.5059 2.5577 1.4488 1.4586
2949 16
1 4 3 7
1.917 3.9293 6.0298 6.0179
1.5069 2.573 1.5176 1.5212
2950 16
2 6 2 8
3.9824 7.5194 7.996 9.0251
1.9951 1.4236 1.485 1.0064
2951 16
2 6 2 8
4.029 7.497 8.0526 9.0089
2.0402 1.392 1.5111 0.96266
2952 16
2 6 2 8
3.9144 7.4836 8.0398 8.9734
1.967 1.4761 1.4926 1.0499
2953 16
2 6 2 8
4.0112 7.5207 8.0478 8.9571
1.9877 1.5387 1.4839 0.97382
2954 16
3 8 3 2 8 5
2.0722 5.0534 5.9811 7.935 9.0552 11.999
1.5727 2.0262 1.4607 1.4556 0.95702 2.0194
2955 16
3 8 3 2 8 5
1.8924 5.0185 6.0421 7.9254 9.0065 12.015
1.5323 1.9885 1.4378 1.5498 0.92517 1.9253
2956 16
3 8 3 2 8 5
2.0027 5.0099 5.9886 7.9411 8.9585 12.058
1.4822 2.0534 1.5543 1.4869 0.9747 1.963
2957 16
3 8 3 2 8 5
1.9492 5.044 5.926 7.9888 9.1136 12.045
1.5237 1.9693 1.5198 1.5791 1.0611 2.0245
2958 16
3 8 3 2 8 5
6.0038 8.9625 8.9292 11.019 11.938 12.035
1.6223 0.9348 1.5194 1.4708 1.5673 2.0319
2959 16
3 8 3 2 8 5
5.8889 8.9618 8.8919 10.941 12.025 11.951
1.5216 1.0441 1.4711 1.5453 1.5075 2.0288
2960 16
3 8 3 2 8 5
6.0323 8.9482 9.0382 11.056 11.975 11.9
1.4805 0.92559 1.5414 1.4973 1.5056 2.0147
2961 16
3 8 3 2 8 5
6.0312 9.0101 9.0216 11.005 11.905 12.034
1.4997 0.95748 1.5057 1.4958 1.5702 2.0126
2962 16
4 8 1 2 3 8
3.903 5.0213 6.0445 8 8.9861 12.002
2.4625 1.9837 2.0091 1.5086 1.5103 1.423
2963 16
4 8 1 2 3 8
4.0144 4.9501 5.9477 8.006 8.9175 11.978
2.5454 2.0326 1.9876 1.4963 1.4438 1.6254
2964 16
4 8 1 2 3 8
4.0108 4.9705 5.9667 8.0343 8.9995 11.998
2.5897 1.9704 1.9958 1.5112 1.5739 1.5187
2965 16
4 8 1 2 3 8
4.0214 4.9412 6.0252 8.0468 9.0465 12.1
2.5624 2.0205 2.0037 1.5181 1.5006 1.4871
2966 16
5 4 3 8 3 5
2.9786 3.9809 5.9916 9.0252 8.9583 11.883
1.5131 2.5201 1.4609 0.9965 1.4377 1.984
2967 16
5 4 3 8 3 5
3.0452 4.0312 6.0691 8.9487 9.0015 11.936
1.5232 2.5342 1.4734 0.96085 1.5169 1.9928
2968 16
5 4 3 8 3 5
3.0239 4.0058 6.0649 9.0189 9.081 11.993
1.5876 2.4457 1.5366 0.94208 1.5284 1.9541
2969 16
5 4 3 8 3 5
2.9984 3.9891 5.9801 9.0114 8.904 12.042
1.5588 2.4972 1.5353 0.93727 1.4923 1.9041
2970 16
7 5 2 6 8 8
2.0102 3.0833 4.052 7.5843 8.9731 12.045
2.0141 1.4892 1.9503 1.5102 0.92217 1.4759
2971 16
7 5 2 6 8 8
1.9423 3.1048 3.9364 7.4775 8.9562 12.093
2.0824 1.5061 2.032 1.5025 1.0706 1.5907
2972 16
7 5 2 6 8 8
1.9686 2.9547 3.97 7.5419 9.0383 11.948
2.0686 1.5569 2.0199 1.5195 1.036 1.5632
2973 16
7 5 2 6 8 8
1.8913 3.2063 4.0837 7.4509 9.0104 12.037
1.9946 1.6226 1.9646 1.4439 0.94697 1.5439
2974 16
3 4 8 7 5 2
2.0264 3.9978 4.9969 5.9887 8.0398 11.014
1.5434 2.5805 2.0117 1.5239 2.0416 1.5631
2975 16
3 4 8 7 5 2
1.9689 4.0056 4.9967 5.9711 8.0909 10.999
1.5402 2.523 1.9506 1.487 2.0291 1.5336
2976 16
3 4 8 7 5 2
2.0482 4.0683 5.0119 6.0128 7.976 10.99
1.5233 2.5138 2.0176 1.4551 2.0677 1.4828
2977 16
3 7 5 8 7 8 2 5
1.9895 1.9465 2.9928 5.066 6.0893 8.9986 11.008 12.092
1.4455 2.0409 1.544 2.0079 1.5359 0.99536 1.4913 1.9123
2978 16
3 7 5 8 7 8 2 5
2.0272 1.9689 3.0523 4.9921 6.0662 9.0271 11.019 11.992
1.5406 1.9628 1.5234 1.8828 1.5336 1.0401 1.5028 2.0493
2979 16
3 7 5 8 7 8 2 5
2.0105 1.9383 2.9707 5.0181 5.9265 9.1115 11.035 11.974
1.4942 2.0321 1.5483 1.925 1.4822 1.0172 1.5012 1.9755
2980 16
7 2 3 6 5 8 2 8
1.9549 4.0699 5.9843 7.4347 8.0061 8.9929 11.041 12.009
1.9142 2.1121 1.6215 1.5188 1.9754 0.9891 1.5356 1.5079
2981 16
7 2 3 6 5 8 2 8
2.0878 3.9901 6.0043 7.4907 8.0745 8.9926 10.965 11.981
1.9491 1.9436 1.4977 1.4758 1.9927 1.0398 1.4506 1.5227
2982 16
7 2 3 6 5 8 2 8
2.0648 4.0021 5.9949 7.5451 7.9495 8.9905 11.009 11.985
2.0232 2.0402 1.4254 1.4914 1.9628 0.95846 1.4767 1.5536
