42
1471 16
5 2 3 4
8.543 8.7383 9.0477 10.237
1.8342 1.2235 1.393 1.9772
1472 16
5 7 6 6
6.7297 8.2692 9.5066 13.309
2.2598 2.9073 1.2553 2.384
1473 16
8 6 4 2 5 7 6 8
0.13299 3.1252 5.3588 6.8944 7.5816 9.3308 10.963 11.991
2.3404 1.8744 1.675 1.9742 1.4285 1.3235 2.7382 2.1
1474 16
5 2 3 2 3 7 3 5
2.4679 4.0563 4.4137 8.3028 8.5567 9.5374 11.301 13.214
1.3927 1.5664 2.2735 2.6387 2.0741 2.7576 1.8221 2.4325
1475 16
4 8 2 8 6 2
0.18558 0.84425 2.8255 6.6389 8.598 12.08
2.5085 1.3817 1.5373 2.3738 2.0312 2.1411
1476 16
1 4 3 7
1.9193 4.0583 5.9865 6.0493
1.502 2.551 1.5298 1.5675
1477 16
1 4 3 7
2.0235 4.0284 5.9464 5.9244
1.4606 2.5294 1.433 1.5549
1478 16
1 4 3 7
2.0735 3.8903 6.0942 5.9787
1.4685 2.5281 1.5391 1.4724
1479 16
1 4 3 7
2.0409 4.0149 5.9987 5.9737
1.4652 2.4707 1.4294 1.5813
1480 16
2 6 2 8
3.9352 7.5663 7.9812 9.0195
1.9965 1.52 1.5095 1.0533
1481 16
2 6 2 8
3.9671 7.5626 8.0738 9.0008
1.9754 1.5784 1.4445 0.95436
1482 16
2 6 2 8
4.0653 7.4963 8.0149 8.991
2.0282 1.5311 1.5131 0.98397
1483 16
2 6 2 8
3.9313 7.4972 8.0037 9.0168
1.9632 1.4526 1.5365 0.8952
1484 16
3 8 3 2 8 5
2.0673 5.0467 5.9872 7.9214 8.9185 12.035
1.4301 1.9903 1.4398 1.4275 0.97117 1.9734
1485 16
3 8 3 2 8 5
2.0238 4.9918 5.9944 7.9997 8.9917 12.068
1.5058 1.9418 1.5969 1.4858 1.0064 1.9037
1486 16
3 8 3 2 8 5
2.0887 4.9892 6.0105 8.0387 8.9404 12.032
1.4079 1.9765 1.4394 1.4062 0.97933 2.0105
1487 16
3 8 3 2 8 5
1.9804 4.9257 5.95 8.0501 9.131 12.048
1.493 1.976 1.4832 1.5045 1.0215 2.0456
1488 16
3 8 3 2 8 5
6.0799 8.9319 9.0154 11.002 11.947 11.88
1.4632 0.97223 1.4643 1.5227 1.5297 2.0207
1489 16
3 8 3 2 8 5
5.9473 9.0076 9.0203 10.977 11.98 12.015
1.4237 1.0005 1.4699 1.429 1.3997 2.0439
1490 16
3 8 3 2 8 5
6.0981 9.0658 9.0516 11.044 11.962 12.005
1.5125 0.96485 1.5076 1.5386 1.4879 2.089
1491 16
3 8 3 2 8 5
6.0601 8.9657 9.0053 11.01 11.931 12.031
1.4563 0.94435 1.455 1.5126 1.4575 1.9918
1492 16
4 8 1 2 3 8
4.0312 4.9101 6.0474 7.999 8.9347 12.017
2.5615 1.9339 2.0241 1.4772 1.4617 1.4407
1493 16
4 8 1 2 3 8
4.0502 4.9345 6.0198 8.0163 8.9503 11.974
2.4822 1.9887 1.8933 1.4682 1.4364 1.539
1494 16
4 8 1 2 3 8
4.0616 5.0272 6.0202 7.9899 8.9706 12.011
2.4092 1.9647 2.0081 1.4756 1.5137 1.4887
1495 16
4 8 1 2 3 8
3.8885 4.995 5.9695 8.0235 9.0861 12.016
2.5617 2.0784 1.9374 1.5214 1.4886 1.5098
1496 16
5 4 3 8 3 5
3.0027 3.9901 5.9918 9.0207 9.0317 11.947
1.4701 2.5419 1.5338 0.94189 1.5721 1.9609
1497 16
5 4 3 8 3 5
3.0149 3.9293 6.0602 8.9923 9.0764 11.952
1.5506 2.5031 1.4803 0.9816 1.4567 1.8885
1498 16
5 4 3 8 3 5
2.9953 4.0033 6.0564 8.9913 9.0612 11.998
1.5398 2.5051 1.3836 0.91166 1.5378 2.0154
1499 16
5 4 3 8 3 5
3.0615 4.0458 6.0185 9.0002 8.921 12.03
1.4676 2.5447 1.5615 0.98267 1.4872 2.0809
1500 16
7 5 2 6 8 8
1.9739 3.0054 4.0323 7.5043 8.9996 12.031
2.0196 1.5087 2.0403 1.5028 1.0377 1.3946
1501 16
7 5 2 6 8 8
2.0448 3.0382 4.0106 7.4978 9.0108 11.972
2.0568 1.5506 1.9973 1.491 0.9876 1.4434
1502 16
7 5 2 6 8 8
2.0148 2.977 3.9916 7.5654 9.0036 12.003
1.905 1.5513 2.1289 1.5552 0.91519 1.5133
1503 16
7 5 2 6 8 8
1.9443 2.9402 4.0091 7.4548 8.9861 11.985
1.972 1.5886 1.9672 1.5509 0.91515 1.3722
1504 16
3 4 8 7 5 2
2.0374 3.9942 4.9884 6.0655 7.9337 10.991
1.4913 2.5366 1.9177 1.4303 1.8972 1.5317
1505 16
3 4 8 7 5 2
2.0559 4.006 4.9736 6.0016 7.9706 10.99
1.623 2.5684 1.993 1.5718 1.9522 1.5019
1506 16
3 4 8 7 5 2
1.9781 4.0035 4.9995 6.093 7.8763 11.006
1.4525 2.4121 1.981 1.4503 1.9399 1.557
1507 16
3 7 5 8 7 8 2 5
2.0696 1.9532 2.9682 5.0125 5.9949 8.9461 10.911 12.015
1.5262 1.9477 1.4707 2.0154 1.4354 1.0224 1.4458 2.042
1508 16
3 7 5 8 7 8 2 5
1.9696 2.0665 3.0641 5.0569 5.9973 8.9597 11.042 11.932
1.5579 2.0394 1.4601 1.994 1.4796 1.0694 1.5781 1.9494
1509 16
3 7 5 8 7 8 2 5
1.9059 1.9572 3.0311 4.9389 5.9331 8.9187 11.07 12.01
1.5145 1.9549 1.4931 2.0324 1.5041 1.0688 1.5051 1.9559
1510 16
7 2 3 6 5 8 2 8
1.9925 4.0186 5.9789 7.4342 7.9648 9.058 10.936 11.91
2.1097 2.0129 1.5051 1.4588 1.9694 0.95174 1.4228 1.4704
1511 16
7 2 3 6 5 8 2 8
1.974 4.017 5.9741 7.4937 8.1146 9.0028 10.961 12.053
2.0463 2.033 1.5145 1.5355 2.0517 0.96859 1.5249 1.5733
1512 16
7 2 3 6 5 8 2 8
2.0417 3.9461 5.9903 7.549 7.966 8.9859 10.995 11.987
1.9914 1.883 1.496 1.4918 2.0064 0.9445 1.475 1.4841
