42
4873 16
1 4 8 7 5 2
4.9659 5.0228 5.3288 6.5693 6.9723 12.017
1.7966 1.6393 1.7506 1.5578 2.1335 1.5743
4874 16
4 8 5 3 5
0.53423 1.157 2.4874 8.4177 10.914
1.8148 2.8871 1.7022 2.1802 1.455
4875 16
8 5 4 8
1.8388 1.9283 6.2211 11.061
2.5286 2.0362 2.4412 2.3467
4876 16
7 7 3 7 8 4
0.17819 2.6345 8.3364 10.329 12.719 13.099
2.2894 2.1205 2.7755 1.3364 2.9508 2.8206
4877 16
8 8 1 4 6 7
1.3077 8.1862 10.452 10.674 11.715 12.767
2.9819 1.1325 2.3754 1.1709 1.9719 1.6465
4878 16
1 4 3 7
2.0269 4.011 5.9899 6.0219
1.5635 2.4714 1.4662 1.541
4879 16
1 4 3 7
2.0706 3.9862 6.0574 6.0145
1.5239 2.5433 1.5335 1.4634
4880 16
1 4 3 7
1.9988 3.9827 6.0112 6.0129
1.5278 2.5165 1.5276 1.4991
4881 16
1 4 3 7
2.1001 4.0008 5.9591 5.9732
1.5117 2.5088 1.4714 1.5485
4882 16
2 6 2 8
3.9884 7.6182 7.9853 8.8766
2.1133 1.4865 1.5414 0.97616
4883 16
2 6 2 8
3.9308 7.5035 8.0024 9.0516
2.0479 1.5071 1.479 0.99119
4884 16
2 6 2 8
3.9549 7.483 7.981 9.0257
2.0652 1.4799 1.5307 0.96498
4885 16
2 6 2 8
3.9506 7.4926 8.0369 9.0135
1.9388 1.5103 1.4247 0.93516
4886 16
3 8 3 2 8 5
2.0081 5.1022 5.9711 8.0738 9.0965 12.025
1.4501 1.9739 1.4346 1.4997 1.0402 1.9721
4887 16
3 8 3 2 8 5
1.9659 5.0317 6.0042 8.0406 8.9315 11.98
1.4854 1.9202 1.5691 1.5457 1.0214 1.897
4888 16
3 8 3 2 8 5
1.9448 4.9541 5.9786 8.0421 9.0306 12.089
1.4674 1.9652 1.4869 1.5687 0.94123 2.0553
4889 16
3 8 3 2 8 5
1.9643 5.0039 5.9693 7.9896 9.0358 11.964
1.5156 1.9441 1.5281 1.5429 1.1127 1.9682
4890 16
3 8 3 2 8 5
6.0063 8.988 8.9929 10.901 12.035 11.982
1.391 1.0082 1.5581 1.4958 1.4878 1.9292
4891 16
3 8 3 2 8 5
6.0124 9.084 9.0166 11.042 11.973 12.04
1.4858 1.0398 1.5591 1.5002 1.6127 1.9603
4892 16
3 8 3 2 8 5
6.0357 8.965 8.9462 10.971 12.009 11.917
1.495 1.0243 1.5085 1.5445 1.5718 2.044
4893 16
3 8 3 2 8 5
5.9679 8.9576 9.0675 11.02 11.933 11.951
1.5262 1.0273 1.5397 1.4468 1.5355 2.0654
4894 16
4 8 1 2 3 8
4.0141 4.9717 6.0437 7.936 8.9431 11.958
2.5043 2.0517 1.9766 1.4644 1.5435 1.5362
4895 16
4 8 1 2 3 8
3.9719 5.063 6.0667 8.0623 8.9133 11.988
2.4865 1.9538 1.9263 1.5429 1.5375 1.5096
4896 16
4 8 1 2 3 8
4.0246 4.9589 6.0395 8.0176 8.9961 11.98
2.4926 1.9982 2.0426 1.4289 1.4452 1.5037
4897 16
4 8 1 2 3 8
4.1062 4.9397 6.0266 7.9591 8.9838 12
2.4201 1.9826 2.0236 1.5062 1.4356 1.4942
4898 16
5 4 3 8 3 5
2.9875 4.0259 6.0982 9.055 8.9403 11.931
1.5463 2.4627 1.5439 1.0455 1.5507 1.9453
4899 16
5 4 3 8 3 5
3.0782 3.9842 5.9726 9.0209 8.9863 12.012
1.5334 2.4419 1.4999 1.0017 1.4995 1.9246
4900 16
5 4 3 8 3 5
3.0146 3.9962 5.9884 9.0204 9.0067 11.998
1.4996 2.4812 1.5373 1.0879 1.5057 1.9986
4901 16
5 4 3 8 3 5
2.9564 3.9983 5.9104 8.9695 9.0508 11.968
1.5142 2.4366 1.469 1.087 1.5211 1.9912
4902 16
7 5 2 6 8 8
1.9863 3.0396 4.0317 7.4479 8.9569 11.967
2.0483 1.4562 2.0585 1.47 0.96276 1.4323
4903 16
7 5 2 6 8 8
1.9838 2.9024 3.9893 7.4696 9.0116 12.044
2.0319 1.4996 1.9314 1.5518 1.0389 1.4532
4904 16
7 5 2 6 8 8
2.0199 2.9748 3.9574 7.502 8.9986 12.06
1.9552 1.5149 2.0786 1.5114 0.98252 1.5183
4905 16
7 5 2 6 8 8
2.1565 3.0302 3.9637 7.5179 8.9957 11.991
1.9776 1.5992 2.0307 1.4909 1.0821 1.3655
4906 16
3 4 8 7 5 2
2.0273 4.0136 5.1012 5.9084 8.0795 10.955
1.4771 2.6079 1.9588 1.5337 2.0313 1.5052
4907 16
3 4 8 7 5 2
2.008 4.0278 5.0401 5.9685 8.0179 11.022
1.5351 2.4542 2.0404 1.507 2.0543 1.4569
4908 16
3 4 8 7 5 2
1.9922 4.0228 5.0296 5.9601 7.9778 10.994
1.5169 2.5472 2.0394 1.4231 1.9566 1.4913
4909 16
3 7 5 8 7 8 2 5
1.895 2.012 2.9209 5.0047 6.0206 9.0054 11.03 12.005
1.4322 1.9476 1.4981 1.9097 1.4444 0.99361 1.5097 1.9873
4910 16
3 7 5 8 7 8 2 5
1.957 2.1044 3.0184 4.9645 5.9954 8.9477 10.96 11.876
1.5706 2.0236 1.5655 2.0458 1.5192 1.0234 1.4922 2.0009
4911 16
3 7 5 8 7 8 2 5
1.9408 2.0115 3.052 5.0464 5.9731 9.0751 10.95 11.963
1.4824 2.042 1.4937 1.9671 1.5076 0.9491 1.4507 2.0256
4912 16
7 2 3 6 5 8 2 8
2.0246 3.9599 5.9977 7.4408 7.9811 8.919 11.032 12.038
2.0814 1.9689 1.4953 1.6198 1.9435 0.95038 1.4924 1.4775
4913 16
7 2 3 6 5 8 2 8
2.0446 3.9591 5.929 7.5446 7.9407 8.998 11.025 11.985
2.075 2.092 1.4786 1.5629 1.9702 0.91583 1.542 1.5508
4914 16
7 2 3 6 5 8 2 8
1.9803 4.0477 6.0087 7.5059 7.9977 9.0732 10.962 12.087
1.9617 1.9851 1.4889 1.5498 2.0183 1.0856 1.4749 1.5335
