41
9468 16
7 5 8 3 4
4.7392 8.4261 10.831 11.378 12.326
2.3485 2.6751 1.8532 2.6945 1.8343
9469 16
7 6 1 2
1.1447 6.6688 7.5149 10.226
2.0495 1.5871 2.0239 2.1245
9470 16
5 4 6 3 5
0.30255 2.6507 5.3788 6.72 7.4182
1.0041 2.6335 2.5355 1.5167 1.4462
9471 16
1 6 7 1 2 1 5 6
1.6745 3.3237 6.1263 6.1318 7.5206 11.442 12.555 14.473
2.8553 2.901 1.6992 1.5484 2.9651 1.065 2.446 1.4542
9472 16
1 3 2 8 5
5.5309 8.2601 8.9826 11.116 13.113
2.7746 2.8164 2.6142 1.5989 1.0012
9473 16
1 4 3 7
2.0203 4.0863 6.0512 5.9202
1.3773 2.5273 1.4707 1.5237
9474 16
1 4 3 7
1.9558 3.9941 6.0984 5.9893
1.4963 2.6601 1.5297 1.4365
9475 16
1 4 3 7
1.9906 3.9956 5.9936 5.9599
1.4313 2.4203 1.5204 1.5923
9476 16
1 4 3 7
2.0459 3.926 5.9685 5.9583
1.4292 2.5101 1.448 1.5034
9477 16
2 6 2 8
3.9537 7.539 7.9849 9.049
1.9857 1.4764 1.4487 0.98204
9478 16
2 6 2 8
3.982 7.5801 7.9823 9.0101
2.0407 1.5052 1.5724 1.0439
9479 16
2 6 2 8
3.9754 7.5222 7.9535 9.0899
2.0264 1.4656 1.4172 1.0721
9480 16
2 6 2 8
3.9985 7.5556 7.9033 8.9463
1.9532 1.5819 1.4793 0.98512
9481 16
3 8 3 2 8 5
2.1032 4.9655 6.0355 7.9572 8.9024 12.103
1.49 2.0062 1.4728 1.4616 1.027 1.937
9482 16
3 8 3 2 8 5
1.9975 4.9403 6.0793 8.0485 9.0226 11.895
1.5348 2.0481 1.4797 1.4667 0.96172 2.025
9483 16
3 8 3 2 8 5
1.9104 5.0083 5.9764 7.9859 9.094 11.94
1.4521 1.9857 1.564 1.4569 1.0223 1.9886
9484 16
3 8 3 2 8 5
1.8863 4.9691 5.9973 8.0152 8.989 11.986
1.4944 1.9749 1.418 1.4642 1.0058 2.0199
9485 16
3 8 3 2 8 5
6.0184 8.8959 8.9887 10.961 11.985 12.016
1.4979 0.99325 1.4869 1.4609 1.4568 2.0277
9486 16
3 8 3 2 8 5
5.9547 8.9869 8.9475 11.017 11.988 12.047
1.4441 1.0464 1.5843 1.4961 1.5124 1.8835
9487 16
3 8 3 2 8 5
5.9807 8.9666 8.9745 11.063 12.002 12.027
1.3988 1.0468 1.4865 1.4679 1.5423 1.9951
9488 16
3 8 3 2 8 5
5.9748 9.0655 8.9865 11.055 11.997 12.028
1.4436 0.92885 1.535 1.4885 1.4644 2.0541
9489 16
4 8 1 2 3 8
3.9343 5.02 5.9692 8.0317 8.9534 12.018
2.5349 2.0462 2.0583 1.4538 1.5669 1.5507
9490 16
4 8 1 2 3 8
3.9434 4.9904 6.0354 7.9217 8.9184 11.957
2.4745 1.9206 2.027 1.5098 1.4095 1.5226
9491 16
4 8 1 2 3 8
3.9407 4.9518 5.9894 7.9951 8.9841 12.025
2.4804 2.0039 1.9492 1.4387 1.5288 1.5388
9492 16
4 8 1 2 3 8
4.0115 4.9725 5.9095 7.9549 9.0053 12.032
2.5675 1.9472 2.0397 1.4698 1.5401 1.5495
9493 16
5 4 3 8 3 5
3.002 3.9252 6.1203 8.9324 9.033 11.932
1.4746 2.4598 1.4955 0.9119 1.5049 1.9564
9494 16
5 4 3 8 3 5
2.9586 4.0043 5.9602 8.9727 9.0455 12.046
1.4684 2.5275 1.4897 1.0123 1.4962 2.005
9495 16
5 4 3 8 3 5
3.0093 3.9988 5.9585 8.9877 9.0834 11.929
1.4723 2.5133 1.5336 1.006 1.5242 1.9609
9496 16
5 4 3 8 3 5
2.9867 4.0473 6.0351 8.9739 8.9485 12.096
1.5399 2.5103 1.4848 0.91335 1.5816 1.9548
9497 16
7 5 2 6 8 8
1.897 3.0805 3.9335 7.6084 8.9324 11.89
2.0117 1.5131 1.9432 1.493 0.97218 1.5564
9498 16
7 5 2 6 8 8
1.9714 3.0152 3.9977 7.5496 8.961 11.94
1.9987 1.4807 1.9186 1.5122 1.0313 1.4424
9499 16
7 5 2 6 8 8
1.9233 3.0253 4.0403 7.4089 9.0735 11.892
2.0436 1.544 2.0746 1.496 0.91254 1.4232
9500 16
3 4 8 7 5 2
1.9629 3.9994 5.0396 5.9499 7.9561 11.014
1.5806 2.4091 1.9134 1.6254 1.9821 1.4892
9501 16
3 4 8 7 5 2
2.0218 4.026 4.9154 6.0245 7.9428 10.947
1.5204 2.534 2.0102 1.5216 1.9811 1.4587
9502 16
3 4 8 7 5 2
1.8947 3.9948 5.0188 5.929 7.9631 10.892
1.4697 2.4816 2.1009 1.4926 1.9852 1.4764
9503 16
3 7 5 8 7 8 2 5
2.1564 1.948 2.9149 4.9848 6.062 8.927 10.936 11.987
1.5629 2.0163 1.5711 2.0833 1.4152 1.0577 1.5856 1.9555
9504 16
3 7 5 8 7 8 2 5
2.0647 2.0083 3.0031 5.0117 5.9796 9.0372 11.028 12.029
1.5285 1.981 1.4461 2.0555 1.5572 0.9598 1.5346 2.0863
9505 16
3 7 5 8 7 8 2 5
1.9904 1.9731 2.8918 4.9684 6.075 9.011 11.081 12.053
1.5153 1.9811 1.5416 1.9907 1.5063 0.98805 1.5392 2.0265
9506 16
7 2 3 6 5 8 2 8
2.0493 3.9742 5.9501 7.4825 7.9681 8.8915 11.012 12.008
1.9715 1.9145 1.5075 1.5108 1.9813 1.0237 1.4287 1.4911
9507 16
7 2 3 6 5 8 2 8
2.0207 3.921 6.0276 7.571 8.0083 8.9513 11.114 12.065
1.9171 2.0144 1.4447 1.5137 1.9589 1.0016 1.491 1.5188
9508 16
7 2 3 6 5 8 2 8
1.9807 4.0172 6.0147 7.5311 7.9886 9.0584 11.026 12.01
1.8692 2.0522 1.496 1.4588 1.9421 0.95878 1.4704 1.5042
