42
6049 16
8 2 4 7 5 2 3
2.3014 3.9868 9.0268 9.6006 9.9834 10.167 11.299
1.5793 2.1109 2.4622 1.5328 1.9077 2.6222 1.5231
6050 16
2 4 6 2 7
1.4656 7.3753 7.408 9.7644 11.192
2.8098 1.1689 1.6314 1.5532 2.6944
6051 16
4 6 2 8 2 7 5 7
0.66041 0.89192 2.6969 3.9219 6.618 10.592 11.997 12.226
2.3457 1.3465 1.2579 1.187 1.3391 1.1895 2.9526 2.0527
6052 16
8 3 4 7 1
0.50814 2.8227 8.1416 8.6147 9.5984
2.8302 2.2753 1.1244 1.0009 1.6415
6053 16
8 1 7 5 6 8 7
3.516 4.6548 6.6236 9.4827 11.088 11.853 12.093
1.1643 2.6598 2.8419 2.4048 2.2728 2.4162 2.4433
6054 16
1 4 3 7
1.9832 3.9382 5.9898 5.9629
1.5685 2.4035 1.511 1.5345
6055 16
1 4 3 7
2.0068 3.9828 6.0115 5.9612
1.4007 2.5236 1.5791 1.5754
6056 16
1 4 3 7
1.9933 3.9627 6.0106 5.9678
1.4747 2.4786 1.5098 1.438
6057 16
1 4 3 7
1.9915 3.8818 6.0409 5.9538
1.6016 2.5359 1.4402 1.4925
6058 16
2 6 2 8
3.9831 7.4997 7.9503 9.0231
1.939 1.5382 1.5272 0.98031
6059 16
2 6 2 8
4.0319 7.4619 8.0573 8.9455
1.9752 1.5125 1.4838 0.89706
6060 16
2 6 2 8
3.9601 7.4317 7.9745 8.9874
2.0214 1.5412 1.5794 1.0111
6061 16
2 6 2 8
4.0679 7.5179 7.9212 8.9434
2.0222 1.5225 1.4584 0.92901
6062 16
3 8 3 2 8 5
1.9863 4.9776 5.9937 8.0369 8.9812 11.945
1.4436 1.8946 1.4301 1.5903 0.95823 1.9966
6063 16
3 8 3 2 8 5
2.0115 5.0384 6.046 7.9875 8.8929 11.994
1.4234 1.9306 1.4913 1.5219 1.0165 2.0946
6064 16
3 8 3 2 8 5
1.9757 5.0644 5.956 8.01 9.0241 12.012
1.4772 1.949 1.4541 1.5271 0.97571 1.995
6065 16
3 8 3 2 8 5
2.0102 5.0881 6.0361 7.9734 8.9814 11.962
1.4421 1.9934 1.5653 1.4857 0.98869 1.8985
6066 16
3 8 3 2 8 5
5.99 8.9911 8.9907 10.974 11.928 12.074
1.5315 0.96054 1.4412 1.5202 1.5144 1.9332
6067 16
3 8 3 2 8 5
5.9876 9.0273 9.082 11.069 12.035 11.969
1.5327 0.97804 1.4589 1.4611 1.4432 2.0154
6068 16
3 8 3 2 8 5
6.0529 9.0971 8.8795 10.992 12.018 12.025
1.5127 1.1471 1.5267 1.5527 1.634 1.9479
6069 16
3 8 3 2 8 5
5.9308 8.985 8.9726 10.893 12.054 12.049
1.384 0.96475 1.4242 1.5124 1.5036 2.0439
6070 16
4 8 1 2 3 8
3.9908 4.9758 5.9614 8.0367 9.0401 11.986
2.5673 1.9931 1.9785 1.458 1.4933 1.344
6071 16
4 8 1 2 3 8
4.0203 4.9516 5.983 7.9982 8.9774 11.994
2.5602 2.0331 2.0277 1.5184 1.456 1.5231
6072 16
4 8 1 2 3 8
3.942 5.0031 5.9491 7.9057 8.9719 11.964
2.4865 2.0583 1.9031 1.5251 1.4931 1.4235
6073 16
4 8 1 2 3 8
4.0576 4.9763 5.9834 8.0257 9.1021 11.995
2.5347 2.0166 2.0138 1.5587 1.5589 1.4989
6074 16
5 4 3 8 3 5
2.9961 3.9947 5.9767 9.056 8.9839 12.049
1.5413 2.4645 1.5104 0.93155 1.4956 1.9497
6075 16
5 4 3 8 3 5
2.9972 4.0315 6.0362 8.9546 8.9574 11.974
1.561 2.4334 1.5473 0.88464 1.4991 2.0619
6076 16
5 4 3 8 3 5
2.9234 3.9742 6.0233 8.904 8.9855 11.851
1.5121 2.429 1.5569 1.0273 1.4843 2.0718
6077 16
5 4 3 8 3 5
3.0463 3.9874 5.9787 9.0181 8.9911 11.99
1.5688 2.4626 1.4521 0.9709 1.552 1.9773
6078 16
7 5 2 6 8 8
2.0074 3.0218 4.0293 7.4389 8.9749 11.999
2.0038 1.5254 1.9964 1.5372 1.0084 1.454
6079 16
7 5 2 6 8 8
1.9461 3.0608 3.9689 7.5488 8.9929 12.01
2.07 1.3959 1.9631 1.5544 1.0295 1.4471
6080 16
7 5 2 6 8 8
1.9058 3.0842 4.0021 7.4655 8.9996 11.999
2.0092 1.4695 1.9673 1.3999 0.98513 1.4334
6081 16
7 5 2 6 8 8
2.047 2.9247 4.0403 7.5461 8.9875 12.035
2.0591 1.5403 1.9856 1.5199 0.95425 1.4959
6082 16
3 4 8 7 5 2
2.0638 4.0657 5.0134 5.9888 7.9354 11.007
1.4968 2.4364 1.969 1.4926 2.0576 1.5242
6083 16
3 4 8 7 5 2
2.0339 3.9143 4.9208 5.9096 7.9788 10.974
1.4995 2.4811 1.9922 1.5075 1.9765 1.6077
6084 16
3 4 8 7 5 2
2.0414 3.9311 4.9543 6.0136 8.0125 10.994
1.486 2.5236 2.0057 1.4421 1.9211 1.4418
6085 16
3 7 5 8 7 8 2 5
2.0336 1.9128 3.0726 5.0052 6.0409 8.9546 10.981 12.001
1.4731 1.9612 1.5273 2.0195 1.5018 0.98943 1.5797 2.0234
6086 16
3 7 5 8 7 8 2 5
2.081 2.0492 3.0001 4.99 6.0921 9.055 10.937 11.985
1.466 1.9864 1.4784 1.9679 1.5383 0.96146 1.5424 2.0842
6087 16
3 7 5 8 7 8 2 5
2.0199 2.0184 3.0345 5.0664 6.0426 8.939 10.994 11.941
1.4923 2.0156 1.5705 1.9665 1.4951 0.99722 1.4901 2.0313
6088 16
7 2 3 6 5 8 2 8
1.8803 3.9811 5.9616 7.5163 8.1086 9.0385 11.047 11.98
2.0055 1.9281 1.4752 1.5051 2.0674 0.98142 1.4675 1.4825
6089 16
7 2 3 6 5 8 2 8
1.9669 4.062 5.9862 7.5191 7.9157 8.9994 10.986 12.106
2.0004 1.9933 1.4993 1.5404 2.0409 0.91061 1.5332 1.5594
6090 16
7 2 3 6 5 8 2 8
2.0001 3.9339 5.9863 7.5344 7.983 9.1005 11.078 11.979
2.0552 2.0493 1.5529 1.4417 2.0852 1.0018 1.5327 1.4493
