42
4243 16
2 6 7 4 7 2 3 6
1.6823 8.2369 8.6877 9.1617 11.327 12.796 13.017 13.021
2.8961 2.0676 1.0944 1.8974 1.9576 1.4394 1.0393 1.908
4244 16
6 1 7 8 8
2.302 3.0557 4.8126 5.1393 6.8225
1.1512 2.4499 2.2318 1.5466 1.849
4245 16
5 7 5 7
2.8383 9.6094 10.935 11.207
2.552 1.5598 1.3555 2.2212
4246 16
5 4 8 1 2 3 2
0.31751 5.2871 10.042 11.456 11.965 14.121 14.343
1.9209 1.3823 1.0505 1.5719 1.5017 1.8004 1.09
4247 16
2 7 8 2 2
3.6198 4.9979 8.265 8.664 12.471
2.4511 2.4343 2.8867 1.0096 2.2955
4248 16
1 4 3 7
1.9415 4.0628 5.9914 6.0521
1.5403 2.5739 1.4654 1.4921
4249 16
1 4 3 7
1.9913 4.0735 5.9856 5.9523
1.5381 2.5359 1.5963 1.4551
4250 16
1 4 3 7
2.0194 4.0045 6.1293 6.0229
1.5178 2.4026 1.5989 1.5849
4251 16
1 4 3 7
2.009 4.0218 6.0093 6.0094
1.5336 2.5022 1.4806 1.4864
4252 16
2 6 2 8
3.983 7.5754 8.0401 8.9229
2.003 1.5001 1.5167 1.0467
4253 16
2 6 2 8
3.9861 7.4938 7.9974 9.0563
2.0103 1.4762 1.4806 0.93825
4254 16
2 6 2 8
3.9721 7.4953 7.9315 9.0741
2.0196 1.4029 1.4318 0.95424
4255 16
2 6 2 8
3.9844 7.4572 7.8997 9.0416
1.9498 1.4224 1.4308 1.0687
4256 16
3 8 3 2 8 5
1.9794 4.9119 6.0014 8.023 8.9362 11.971
1.5717 2.1035 1.5404 1.4596 0.92013 1.9135
4257 16
3 8 3 2 8 5
2.0544 5.0621 6.068 7.9577 8.9851 11.989
1.4866 2.0096 1.4889 1.5347 0.9603 2.0137
4258 16
3 8 3 2 8 5
2.0136 5.039 5.8857 7.9083 8.9943 12.024
1.4597 1.9857 1.4208 1.469 1.0407 1.9987
4259 16
3 8 3 2 8 5
1.9906 5.0079 5.9445 7.9456 9.0772 11.994
1.5842 1.9827 1.4764 1.4702 0.95792 1.9921
4260 16
3 8 3 2 8 5
5.9546 9.0125 9.0148 11.107 11.968 11.993
1.513 0.98561 1.555 1.5482 1.5367 2.0164
4261 16
3 8 3 2 8 5
6.0499 9.0856 8.9639 10.986 12.042 12.03
1.4683 0.9933 1.5856 1.4667 1.5054 1.9868
4262 16
3 8 3 2 8 5
6.0521 8.9018 9.0033 11.028 12.081 11.932
1.4206 0.90856 1.5007 1.5031 1.5244 1.9995
4263 16
3 8 3 2 8 5
5.9321 8.951 9.0386 11.082 12.011 12.041
1.5044 0.95307 1.4766 1.472 1.4679 2.0529
4264 16
4 8 1 2 3 8
4.0631 4.9142 6.1101 7.9602 9.0731 12.018
2.4835 2.0669 2.0043 1.568 1.4215 1.4856
4265 16
4 8 1 2 3 8
4.0271 5.0093 5.9309 8.0396 8.9282 11.977
2.5053 1.9473 1.9968 1.4488 1.4805 1.4656
4266 16
4 8 1 2 3 8
3.987 5.0247 6.0181 8.0162 9.0545 11.978
2.5136 2.018 1.9849 1.4849 1.4057 1.5764
4267 16
4 8 1 2 3 8
4.0212 4.9431 5.9531 8.0578 9.0686 11.9
2.5172 2.1151 1.9405 1.5356 1.4789 1.5615
4268 16
5 4 3 8 3 5
2.9957 3.9972 5.9793 9.0473 8.9791 12.044
1.5583 2.513 1.4709 1.0601 1.4641 2.1073
4269 16
5 4 3 8 3 5
3.0023 4.0288 6.0716 9.0191 9.0032 12.008
1.4922 2.5947 1.4682 1.0399 1.5088 2.088
4270 16
5 4 3 8 3 5
3.0378 3.9073 6.0905 9.0557 8.9465 11.915
1.5251 2.459 1.5556 1.0396 1.5789 1.9486
4271 16
5 4 3 8 3 5
2.9136 4.0442 5.975 8.9998 9.0438 12.026
1.5349 2.6062 1.4799 1.0787 1.5001 2.0153
4272 16
7 5 2 6 8 8
1.9844 3.0513 3.9174 7.5509 9.0439 12.043
1.9514 1.5595 1.9613 1.4908 0.97495 1.416
4273 16
7 5 2 6 8 8
1.9132 2.9687 3.9261 7.553 8.9913 12.006
2.0016 1.6097 1.9036 1.5394 0.95183 1.4977
4274 16
7 5 2 6 8 8
1.9584 2.8911 4.0492 7.5071 9.0099 11.969
1.9988 1.4621 1.9767 1.4834 1.0173 1.537
4275 16
7 5 2 6 8 8
2.0659 2.9516 3.9481 7.5403 9.066 12.07
2.1286 1.3927 1.9731 1.4364 1.0194 1.5468
4276 16
3 4 8 7 5 2
2.0174 4.0279 4.9708 5.939 8.0185 11.086
1.4454 2.5572 2.0831 1.4776 2.0461 1.5022
4277 16
3 4 8 7 5 2
2.031 3.9805 4.9945 6.0541 7.9446 10.943
1.524 2.4208 1.981 1.515 1.8968 1.4426
4278 16
3 4 8 7 5 2
2.0461 4.1141 5.0767 6.0274 7.9748 10.959
1.6036 2.4362 1.9257 1.4766 1.9808 1.4853
4279 16
3 7 5 8 7 8 2 5
1.9278 1.9748 3.0422 5.0456 5.9653 9.0317 11.047 11.933
1.5584 2.028 1.5204 2.0102 1.4687 1.1015 1.4532 2.0622
4280 16
3 7 5 8 7 8 2 5
1.949 1.9593 2.9524 5.0469 5.955 9.0319 10.966 11.998
1.4953 1.9207 1.5472 1.9173 1.4845 0.98619 1.5175 1.945
4281 16
3 7 5 8 7 8 2 5
1.997 2.0338 2.9812 4.9953 5.9244 9.003 10.973 12.029
1.4227 1.9091 1.4215 2.0845 1.3955 1.0234 1.4478 2.0433
4282 16
7 2 3 6 5 8 2 8
1.9932 3.8685 6.0267 7.4591 7.9899 8.9982 11.008 11.946
2.0028 1.9134 1.6187 1.487 1.8837 1.0485 1.4958 1.5223
4283 16
7 2 3 6 5 8 2 8
2.0186 4.0206 5.9854 7.5645 8.0081 8.9675 11.001 11.949
1.9557 1.9719 1.4701 1.4243 2.0162 1.0114 1.5442 1.5273
4284 16
7 2 3 6 5 8 2 8
1.9656 3.9631 5.8981 7.5591 7.957 8.9951 10.972 12.066
2.0926 2.0196 1.5769 1.4933 1.9916 0.98825 1.571 1.5441
