42
6217 16
2 1 5 1 1 7 5
0.79233 2.019 2.2625 3.5185 9.7872 11.13 13.371
1.3796 1.3583 2.5614 2.6694 1.409 2.1396 1.3198
6218 16
1 7 6 1 7 8 6 1
0.38821 1.7862 3.0064 4.575 5.8956 6.2518 6.3118 8.2773
1.9732 1.9885 2.7211 2.227 1.0228 2.0517 1.3576 2.6052
6219 16
7 7 6 5 8 4
2.7331 4.7982 6.8488 10.772 11.058 13.226
1.9478 1.2571 1.1133 1.7592 1.6855 1.979
6220 16
6 5 4 3 7 8
4.6706 7.9138 11.625 11.663 11.962 12.491
2.2381 2.72 1.0986 2.3278 2.5399 1.6502
6221 16
1 6 7 8 5 6
3.45 8.269 8.366 9.1333 12.045 13.403
2.7815 2.2317 1.6271 2.7099 2.1661 1.0525
6222 16
1 4 3 7
1.9777 4.0558 6.0363 6.0411
1.523 2.4389 1.4877 1.5221
6223 16
1 4 3 7
1.9418 3.9555 6.0489 6.0249
1.3961 2.5014 1.4919 1.5238
6224 16
1 4 3 7
1.8934 4.0235 5.9572 5.9968
1.6008 2.5038 1.4805 1.4571
6225 16
1 4 3 7
1.9882 4.0033 5.9688 5.9891
1.5998 2.5685 1.4904 1.5643
6226 16
2 6 2 8
3.9609 7.5282 7.9916 9.029
2.0265 1.4999 1.4905 1.0366
6227 16
2 6 2 8
3.9566 7.5349 8.0307 8.9605
2.0725 1.5111 1.46 0.93377
6228 16
2 6 2 8
4.015 7.494 8.0289 9.0894
2.035 1.5175 1.4989 1.0016
6229 16
2 6 2 8
4.0692 7.5383 8.0457 8.9281
2.0969 1.4793 1.447 0.97242
6230 16
3 8 3 2 8 5
1.9325 5.0911 5.9757 7.9448 9.0184 11.878
1.3942 2.0432 1.4342 1.5705 0.96192 2.0075
6231 16
3 8 3 2 8 5
2.0175 4.942 5.905 7.9219 8.9341 11.908
1.4716 2.034 1.4198 1.4594 1.0166 1.9506
6232 16
3 8 3 2 8 5
1.8854 4.955 5.8858 8.029 8.9577 12.047
1.5495 2.0257 1.457 1.501 0.99683 1.9572
6233 16
3 8 3 2 8 5
1.9553 4.9693 6.0482 7.9747 8.8691 11.94
1.455 1.9345 1.4667 1.5146 0.95897 2.0706
6234 16
3 8 3 2 8 5
5.9994 9.0127 9.0338 11 12.048 11.911
1.5223 0.88877 1.5878 1.542 1.5833 1.9881
6235 16
3 8 3 2 8 5
5.969 9.0233 8.9751 10.939 11.931 12.015
1.4878 0.91735 1.5495 1.4448 1.5063 1.9971
6236 16
3 8 3 2 8 5
5.99 9.0222 8.9667 11.031 12.026 12.079
1.5437 1.0186 1.541 1.46 1.4397 1.9591
6237 16
3 8 3 2 8 5
5.9583 9.0241 8.983 11.059 12.039 11.9
1.5794 0.95643 1.6007 1.4062 1.5252 1.966
6238 16
4 8 1 2 3 8
3.9614 5.037 5.9379 8.0218 9.0695 12.042
2.4793 2.0378 1.9187 1.528 1.5274 1.4319
6239 16
4 8 1 2 3 8
4.0849 5.0273 6.0228 7.9534 8.962 11.943
2.4784 1.9022 2.042 1.478 1.5585 1.4311
6240 16
4 8 1 2 3 8
4.0858 4.9478 5.9152 7.9422 8.9565 12.021
2.4241 2.0019 2.0326 1.571 1.4676 1.5439
6241 16
4 8 1 2 3 8
4.0435 4.9993 5.9578 7.9707 8.9509 12.027
2.501 2.0886 1.9802 1.5005 1.4157 1.4933
6242 16
5 4 3 8 3 5
2.9746 4.1246 5.9905 8.9737 9.0363 12.029
1.584 2.5528 1.4503 1.0106 1.4646 1.9687
6243 16
5 4 3 8 3 5
3.0049 3.9914 5.9865 8.952 8.9928 12.042
1.5817 2.5415 1.5927 0.96094 1.4453 1.9733
6244 16
5 4 3 8 3 5
3.0054 4.0345 5.9922 9.034 9.0026 11.979
1.4987 2.414 1.4082 0.97713 1.606 2.0045
6245 16
5 4 3 8 3 5
3.0039 4.026 5.9861 9.0002 9.0359 12.036
1.5129 2.5136 1.5371 1.0356 1.5813 1.9998
6246 16
7 5 2 6 8 8
1.9544 3.0551 3.9963 7.557 9.0528 11.992
1.9632 1.4424 2.031 1.5091 0.89553 1.4396
6247 16
7 5 2 6 8 8
2.0105 2.9226 3.9588 7.5699 9 11.936
1.9928 1.5498 2.0266 1.5769 0.95309 1.5149
6248 16
7 5 2 6 8 8
1.9634 3.0082 3.9841 7.4759 9.0714 12.016
2.0671 1.4632 2.0857 1.4818 0.96461 1.449
6249 16
7 5 2 6 8 8
1.9487 3.0026 4.1758 7.5863 8.9904 11.981
2.0584 1.505 1.9823 1.4886 0.998 1.4782
6250 16
3 4 8 7 5 2
2.0273 3.9732 5.0449 6.0042 7.9613 10.956
1.566 2.5442 2.0303 1.4538 2.0048 1.5316
6251 16
3 4 8 7 5 2
2.0156 4.0819 5.0193 5.9772 7.9588 11.03
1.601 2.5972 2.0078 1.3728 2.0764 1.5097
6252 16
3 4 8 7 5 2
2.0153 3.9402 4.9679 5.952 8.0528 11.022
1.4691 2.5089 1.9789 1.5321 1.8952 1.522
6253 16
3 7 5 8 7 8 2 5
2.029 1.9551 2.9738 4.9904 6.0707 8.9375 11.026 12.016
1.4986 2.1051 1.5272 2.0016 1.5597 0.98538 1.5568 2.0227
6254 16
3 7 5 8 7 8 2 5
2.0478 1.9773 2.9266 5.0819 5.9448 8.9418 11.017 11.91
1.5316 2.0158 1.4915 1.9804 1.4386 1.0212 1.4716 1.9186
6255 16
3 7 5 8 7 8 2 5
2.0199 1.9613 2.9484 5.0945 6.0304 9.0268 11.033 12.041
1.436 1.9903 1.4867 1.9956 1.4584 1.0538 1.4933 1.9664
6256 16
7 2 3 6 5 8 2 8
1.9882 3.9641 5.9804 7.5916 7.9229 9.0092 10.992 11.93
1.9651 2.0839 1.5454 1.5175 1.9912 1.0823 1.4592 1.5991
6257 16
7 2 3 6 5 8 2 8
1.9885 3.9615 6.0021 7.4575 8.0076 8.9629 11.012 12.096
2.0424 1.9944 1.4757 1.568 1.9513 1.1105 1.4677 1.5784
6258 16
7 2 3 6 5 8 2 8
2.0611 4.0361 5.9603 7.564 8.0596 8.9965 10.93 12.046
2.0429 1.9522 1.4976 1.4369 1.9158 1.0386 1.4588 1.5274
