42
5755 16
8 8 2 5
4.9827 8.6705 9.1643 10.192
2.112 1.3733 1.8622 2.4839
5756 16
8 6 2 8 6
2.5238 4.739 7.4216 7.6313 14.727
2.2412 1.5049 1.4014 2.0423 1.1751
5757 16
7 1 1 7 4 4 6 4
1.648 5.511 7.2538 7.2721 8.4589 10.895 11.456 12.124
1.0042 1.6163 2.9155 1.5101 1.87 1.0327 1.8308 1.843
5758 16
1 5 4 2 8
0.38242 9.5976 12.23 12.72 14.038
2.2307 2.4137 2.8656 2.1719 1.4744
5759 16
6 1 3 4 2 8
2.4044 2.8756 5.7188 12.759 13.529 14.534
1.674 1.3993 1.4334 2.6366 2.1586 1.163
5760 16
1 4 3 7
2.0214 3.8915 6.0224 5.9652
1.4469 2.5146 1.5523 1.4776
5761 16
1 4 3 7
2.0345 3.9749 6.0494 5.9499
1.4527 2.4925 1.5039 1.4641
5762 16
1 4 3 7
1.9643 3.9622 5.9679 6.0191
1.4797 2.4762 1.5855 1.5983
5763 16
1 4 3 7
1.9587 4.0978 6.0359 6.0143
1.537 2.5227 1.5792 1.4585
5764 16
2 6 2 8
3.9721 7.4018 8.0817 9.0054
2.0088 1.4545 1.5884 0.96178
5765 16
2 6 2 8
4.0536 7.5159 8.1027 9.0602
1.8843 1.5222 1.4656 0.99461
5766 16
2 6 2 8
3.9106 7.4479 8.0123 8.9065
1.9964 1.5704 1.5019 1.0812
5767 16
2 6 2 8
3.9724 7.4853 8.0349 9.0757
2.0701 1.444 1.4937 0.94148
5768 16
3 8 3 2 8 5
2.0091 4.9532 6.0595 7.9994 8.9813 12.042
1.5169 2.0025 1.454 1.4996 0.98445 1.9251
5769 16
3 8 3 2 8 5
2.0735 4.953 5.9827 8.0006 8.928 11.939
1.5282 1.9567 1.5342 1.5311 0.90126 2.0079
5770 16
3 8 3 2 8 5
1.9237 4.9384 5.9788 8.0208 8.9742 12.004
1.4944 2.0521 1.5251 1.4795 0.97235 2.0267
5771 16
3 8 3 2 8 5
1.9529 5.0305 6.0338 8.0737 9.0494 11.999
1.5945 2.0501 1.5359 1.4605 1.0263 2.1256
5772 16
3 8 3 2 8 5
5.9563 8.9763 8.9527 11.123 12.096 11.992
1.3381 1.0339 1.4986 1.492 1.5662 2.0226
5773 16
3 8 3 2 8 5
6.04 9.0064 8.9891 11.016 12.028 12.002
1.535 1.0022 1.5169 1.5844 1.5131 2.0193
5774 16
3 8 3 2 8 5
5.9484 8.9254 9.0103 10.972 11.947 11.996
1.5212 0.99981 1.4428 1.5071 1.5282 2.0761
5775 16
3 8 3 2 8 5
5.9606 8.983 8.8716 11.015 11.975 12.057
1.4912 0.95269 1.5106 1.5736 1.5552 2.0651
5776 16
4 8 1 2 3 8
3.9031 5.0271 6.0581 8.0318 8.912 11.93
2.5422 2.0499 2.02 1.4817 1.5115 1.4669
5777 16
4 8 1 2 3 8
4.0357 4.9659 5.9419 7.9629 9.0014 11.889
2.4368 2.0049 1.9397 1.5343 1.4983 1.5067
5778 16
4 8 1 2 3 8
3.9505 5.0175 6.014 7.9495 8.9859 11.969
2.5485 2.0056 1.947 1.4604 1.4976 1.4586
5779 16
4 8 1 2 3 8
4.0205 4.9777 5.9561 7.9667 8.9799 12.042
2.4476 2.034 2.0783 1.5373 1.557 1.5222
5780 16
5 4 3 8 3 5
3.0003 4.0199 6.0664 9.0141 8.9725 11.988
1.4647 2.5447 1.5498 1.0493 1.4852 1.9917
5781 16
5 4 3 8 3 5
2.9596 4.0181 6.0626 8.947 8.9519 11.985
1.4828 2.569 1.5267 1.0623 1.5959 2.016
5782 16
5 4 3 8 3 5
3.0485 3.9081 6.0539 8.9837 8.9609 11.948
1.5453 2.4882 1.4777 1.0409 1.4513 1.9006
5783 16
5 4 3 8 3 5
2.982 4.0002 6.0454 9.0243 9.064 11.963
1.5467 2.4552 1.5004 0.95392 1.4076 1.9327
5784 16
7 5 2 6 8 8
1.9678 2.9379 3.8894 7.4908 9.0151 11.924
2.0173 1.491 2.0183 1.5247 1.0388 1.5543
5785 16
7 5 2 6 8 8
2.0512 2.9807 3.9014 7.4986 9.0146 11.905
1.9518 1.5577 1.9466 1.4728 1.0287 1.5047
5786 16
7 5 2 6 8 8
2.028 3.0068 4.0159 7.5095 8.9469 11.967
2.0239 1.4099 1.9796 1.5117 1.0045 1.5267
5787 16
7 5 2 6 8 8
1.9604 2.9074 3.9842 7.432 8.9591 11.993
2.0052 1.5286 1.9799 1.4925 1.047 1.4248
5788 16
3 4 8 7 5 2
1.9463 3.9467 5.0105 5.9609 8.0031 11.033
1.4697 2.4341 1.975 1.4879 1.9671 1.5557
5789 16
3 4 8 7 5 2
2.0474 3.984 4.922 6.0266 8.0291 11.02
1.5667 2.4597 2.0906 1.4921 2.0019 1.4824
5790 16
3 4 8 7 5 2
1.9711 3.934 4.9685 6.0689 8.0102 11.003
1.4086 2.5255 1.9579 1.5301 1.9633 1.4172
5791 16
3 7 5 8 7 8 2 5
2.1025 1.9803 3.0139 5.0327 5.9877 8.9644 10.95 12.115
1.5493 1.9816 1.4706 1.9578 1.4327 1.0629 1.5518 2.0211
5792 16
3 7 5 8 7 8 2 5
1.9714 1.9787 2.9661 5.0394 5.9853 9.0129 10.902 12.001
1.5234 1.9564 1.5777 1.9556 1.5125 0.99778 1.5311 1.9584
5793 16
3 7 5 8 7 8 2 5
2.004 2.0393 3.0234 4.9882 6.0637 9.0462 10.953 11.945
1.4127 1.9611 1.4794 1.9608 1.5421 1.0007 1.451 1.9573
5794 16
7 2 3 6 5 8 2 8
1.9419 3.9871 6.0102 7.4165 8.0811 9.0471 10.994 11.985
1.9271 2.028 1.5262 1.4755 1.9931 1.0301 1.5233 1.4798
5795 16
7 2 3 6 5 8 2 8
2.0148 3.9843 6.0913 7.4846 7.9634 9.0344 10.979 11.916
2.1165 2.1624 1.4668 1.4796 1.9404 1.0049 1.5003 1.4856
5796 16
7 2 3 6 5 8 2 8
2.0584 4.0581 6.0113 7.5602 8.0068 8.9979 10.941 11.983
1.9573 2.0877 1.5709 1.4492 1.9998 1.0197 1.5733 1.5165
