41
7049 16
3 7 2 8 4 3 5 2
7.4534 8.7595 9.7576 10.045 10.217 10.239 12.569 13.447
2.775 1.6092 1.8364 2.9395 1.769 2.3428 2.1447 2.4489
7050 16
2 8 5 4 8
4.5202 5.1413 6.0482 8.2436 8.7058
1.9619 2.128 1.2579 2.131 1.0858
7051 16
2 7 3 8
7.5022 7.8556 8.9022 10.493
2.0365 2.6691 1.1582 2.4907
7052 16
7 4 6 3 2 5 7
2.7408 3.0325 4.5847 9.8499 11.354 12.322 13.383
2.9753 1.7173 1.9816 1.5151 1.1273 1.8846 1.9349
7053 16
2 7 5 6 3 1 1
0.34091 0.4417 3.2755 3.426 5.1881 10.847 12.222
2.5224 1.848 2.9376 1.0714 2.4141 1.3483 2.1986
7054 16
1 4 3 7
1.9485 4.0385 5.9767 5.992
1.4591 2.5441 1.5018 1.4915
7055 16
1 4 3 7
2.0775 4.0207 6.0086 6.0485
1.5528 2.4147 1.5916 1.3494
7056 16
1 4 3 7
1.9131 4.0023 6.1171 6.0239
1.5045 2.4081 1.4199 1.4399
7057 16
1 4 3 7
1.9467 4.0607 5.985 6.033
1.4942 2.5162 1.6092 1.5149
7058 16
2 6 2 8
4.0325 7.4434 8.0481 8.9773
2.0402 1.6038 1.4886 0.9919
7059 16
2 6 2 8
3.8579 7.4703 8.0167 8.9793
2.0292 1.5235 1.621 1.0756
7060 16
2 6 2 8
4.0322 7.4831 8.0711 8.9515
2.0596 1.4291 1.4577 0.98345
7061 16
2 6 2 8
4.0597 7.4892 8.077 8.9346
1.984 1.435 1.4298 0.96185
7062 16
3 8 3 2 8 5
2.0209 5.118 6.0618 8.0362 8.9013 12.056
1.573 1.994 1.56 1.538 0.88861 1.997
7063 16
3 8 3 2 8 5
1.9395 4.9662 5.931 7.9742 8.9928 12.033
1.5211 2.0413 1.5054 1.5487 1.0247 1.9141
7064 16
3 8 3 2 8 5
1.9792 4.9249 6.0545 8.0292 8.9435 11.999
1.5368 1.905 1.4801 1.5189 0.94073 2.0418
7065 16
3 8 3 2 8 5
1.9972 4.9255 6.0005 8.0204 8.969 12.027
1.4683 1.9304 1.457 1.5003 0.99652 1.9939
7066 16
3 8 3 2 8 5
6.0082 8.9343 9.0189 10.913 11.942 12.079
1.5054 0.9271 1.5864 1.487 1.4334 2.0041
7067 16
3 8 3 2 8 5
5.945 9.0018 9.028 11.02 11.982 12.045
1.5281 1.1011 1.5072 1.4659 1.4454 2.0604
7068 16
3 8 3 2 8 5
6.0002 8.9345 8.9318 11.013 12.032 11.813
1.4748 1.0545 1.482 1.4804 1.4972 2.0805
7069 16
3 8 3 2 8 5
6.0072 9.064 9.0047 11.033 12.039 12.086
1.5842 0.97069 1.5217 1.5139 1.5177 1.999
7070 16
4 8 1 2 3 8
4.0502 4.9631 5.9255 7.9516 8.981 11.956
2.3934 1.907 2.0019 1.55 1.5499 1.5079
7071 16
4 8 1 2 3 8
3.9541 5.1044 5.9349 7.9973 9.0191 12.022
2.4901 1.9962 2.0948 1.6079 1.5282 1.5175
7072 16
4 8 1 2 3 8
3.9519 5.0473 5.9858 7.9545 9.0632 11.934
2.4993 2.1154 2.0524 1.548 1.4999 1.4282
7073 16
4 8 1 2 3 8
4.0402 4.998 5.9697 7.977 9.1018 12.005
2.5463 1.8625 2.0246 1.439 1.5725 1.4826
7074 16
5 4 3 8 3 5
2.9995 4.0279 5.9653 9.0217 8.9731 11.987
1.446 2.5106 1.4628 1.0841 1.5481 1.9621
7075 16
5 4 3 8 3 5
2.9366 4.0293 6.0281 8.9998 9.0059 12.014
1.5489 2.5781 1.5516 1.0181 1.5336 2.038
7076 16
5 4 3 8 3 5
2.931 4.0074 6.0083 9.0128 8.9699 12.037
1.6286 2.409 1.4029 0.96379 1.4423 1.9887
7077 16
5 4 3 8 3 5
2.9677 4.0287 6.0542 8.9792 9.0175 12.02
1.4762 2.4613 1.5189 1.049 1.5751 2.0612
7078 16
7 5 2 6 8 8
1.977 2.9794 4.0268 7.4585 9.0852 12.096
1.9455 1.4775 2.039 1.5022 1.0024 1.5061
7079 16
7 5 2 6 8 8
1.9847 2.999 4.0653 7.5829 9.03 11.98
2.0326 1.4691 1.9079 1.5968 0.9683 1.4949
7080 16
7 5 2 6 8 8
2.0599 2.9431 4.0306 7.5427 9.0057 12.015
2.0169 1.5294 2.0202 1.4385 1.0031 1.4612
7081 16
3 4 8 7 5 2
1.9731 4.0158 5.124 5.9318 8.0234 10.986
1.5239 2.4608 1.9835 1.5078 1.9456 1.4864
7082 16
3 4 8 7 5 2
1.935 3.9445 5.0008 5.9144 8.0223 10.928
1.5928 2.5713 2.0273 1.5357 1.998 1.4325
7083 16
3 4 8 7 5 2
1.9299 4.0018 4.9335 5.9466 8.0067 10.965
1.4399 2.4828 2.0103 1.5545 1.9456 1.4714
7084 16
3 7 5 8 7 8 2 5
2.032 2.0508 3.0803 4.9916 5.9884 8.9448 11.094 12.006
1.4472 1.9862 1.445 1.9965 1.4804 1.0616 1.5296 2.024
7085 16
3 7 5 8 7 8 2 5
1.9913 2.0124 2.9993 5.0211 6.0071 9.0219 10.933 12.029
1.5172 1.9529 1.5407 2.0457 1.5646 1.0074 1.4862 1.9786
7086 16
3 7 5 8 7 8 2 5
2.0202 2.0468 2.95 4.9753 5.9569 8.9634 11.039 12.053
1.4658 2.0135 1.4705 2.0001 1.5207 1.0573 1.4623 1.9575
7087 16
7 2 3 6 5 8 2 8
2.0682 3.9825 5.9387 7.4908 7.9967 9.042 11.011 11.922
1.9833 1.9293 1.53 1.455 2.006 0.9587 1.5065 1.4907
7088 16
7 2 3 6 5 8 2 8
1.9969 4.0444 5.9537 7.5087 8.0117 9.0691 11.027 11.959
1.9397 1.9816 1.4383 1.5244 2.0127 0.97946 1.5067 1.4637
7089 16
7 2 3 6 5 8 2 8
2.005 3.9816 6.0039 7.4186 7.9885 9.0291 11.042 11.985
1.9803 2.0366 1.482 1.4582 2.0537 0.96122 1.4523 1.5043
