42
2353 16
1 5 2 4 7
0.1324 2.4567 2.606 6.4086 10.906
2.2614 1.2652 1.7325 1.8525 1.6032
2354 16
2 5 3 3 5 2
2.9305 3.9328 4.0073 9.6274 13.438 14.27
2.6651 2.8968 2.3245 2.5272 2.166 1.4502
2355 16
8 1 4 8 4 1 7
1.1673 1.7284 3.0986 6.0381 6.2988 7.1104 10.462
2.0376 2.5547 2.7452 2.8329 2.7136 2.5957 2.9453
2356 16
4 5 8 5 8 7
1.4831 2.0638 7.709 9.0044 11.746 13.288
1.3447 2.5923 2.9476 1.0015 1.9219 1.6759
2357 16
4 7 2 3
0.19055 1.3557 3.0109 12.362
2.3152 2.4714 2.6878 1.1972
2358 16
1 4 3 7
2.0613 3.9253 5.9599 6.0352
1.4866 2.52 1.5925 1.5648
2359 16
1 4 3 7
1.9651 3.9551 6.0056 6.0318
1.541 2.4496 1.5364 1.4553
2360 16
1 4 3 7
1.9671 3.9892 5.9487 5.9714
1.5912 2.5121 1.4526 1.4373
2361 16
1 4 3 7
1.9888 3.9537 6.0543 6.052
1.583 2.5001 1.5314 1.6161
2362 16
2 6 2 8
4.0116 7.5088 8.0402 9.0237
2.021 1.5069 1.5319 0.96023
2363 16
2 6 2 8
3.9818 7.5125 8.0223 9.0539
1.9693 1.4829 1.5575 0.99566
2364 16
2 6 2 8
4.0159 7.5039 8.0246 9.1088
2.1276 1.4318 1.4394 0.88925
2365 16
2 6 2 8
4.1422 7.4524 8.103 9.0106
1.9888 1.5104 1.4671 0.96017
2366 16
3 8 3 2 8 5
2.0385 4.9403 6.0712 7.9814 8.9565 11.926
1.5542 1.9128 1.4439 1.522 0.96792 1.9558
2367 16
3 8 3 2 8 5
1.9982 4.9762 5.9705 8.013 9.1115 11.971
1.5189 1.9805 1.5379 1.5932 1.0888 1.9701
2368 16
3 8 3 2 8 5
2.059 5.0869 5.9354 8.0174 8.9379 11.954
1.431 1.9646 1.4815 1.5582 0.92757 1.9684
2369 16
3 8 3 2 8 5
1.9919 5.113 5.9629 7.9909 9.0072 11.936
1.5486 1.8852 1.5192 1.4197 0.92642 2.0475
2370 16
3 8 3 2 8 5
5.9438 8.9262 8.911 10.93 11.974 12.022
1.5267 0.99095 1.5351 1.4742 1.5638 2.0319
2371 16
3 8 3 2 8 5
6.0046 8.9643 9.0011 10.932 12.025 12.131
1.483 0.97574 1.5317 1.5509 1.5339 2.0131
2372 16
3 8 3 2 8 5
6.0128 8.9853 8.9709 10.877 11.989 12.04
1.5765 0.99422 1.4558 1.46 1.5183 1.9869
2373 16
3 8 3 2 8 5
5.9966 8.9627 8.9893 11.086 12.062 12.005
1.5917 1.0394 1.4768 1.4616 1.5282 1.9941
2374 16
4 8 1 2 3 8
3.9882 5.0601 6.0434 8.0203 9.016 12.015
2.5192 1.9967 2.0428 1.5082 1.5331 1.4962
2375 16
4 8 1 2 3 8
4.0995 4.9534 5.9185 7.9588 8.947 12.02
2.5264 2.0398 2.0294 1.5723 1.5692 1.6162
2376 16
4 8 1 2 3 8
4.0142 4.9977 5.9994 7.9583 9.0146 11.974
2.4648 1.9744 1.9541 1.4791 1.451 1.5553
2377 16
4 8 1 2 3 8
3.9725 5.0009 5.9995 8.0057 9.0233 12.002
2.5536 2.0566 2.0458 1.4361 1.4582 1.3318
2378 16
5 4 3 8 3 5
2.9423 3.9413 5.9731 9.0145 9.009 12.018
1.5123 2.5322 1.4553 1.1174 1.575 2.0273
2379 16
5 4 3 8 3 5
3.0397 3.9916 6.0314 9.1023 9.048 12.139
1.4893 2.4661 1.5077 1.0497 1.4802 2.0423
2380 16
5 4 3 8 3 5
3.0157 4.0007 6.1401 9.0154 9.0487 12.005
1.498 2.5155 1.4186 1.1065 1.4693 2.017
2381 16
5 4 3 8 3 5
2.95 3.9403 6.0358 9.0654 9.1185 12.022
1.4319 2.5528 1.5123 0.92991 1.4673 2.0634
2382 16
7 5 2 6 8 8
1.991 2.931 3.9682 7.4936 9.0606 11.972
2.0156 1.5905 2.0254 1.457 1.0187 1.508
2383 16
7 5 2 6 8 8
1.9267 3.024 3.9125 7.502 8.9061 12.078
2.004 1.5416 2.0058 1.5494 1.0667 1.5093
2384 16
7 5 2 6 8 8
2.0303 3.0498 4.0048 7.4257 8.8941 12.008
1.9509 1.4497 1.971 1.5515 1.0521 1.488
2385 16
7 5 2 6 8 8
2.0726 2.8898 3.9221 7.4436 9.0034 12.035
2.0583 1.4546 2.0612 1.5185 0.96969 1.4236
2386 16
3 4 8 7 5 2
1.9786 4.0645 4.9827 6.0201 7.9483 11.022
1.4423 2.5127 1.946 1.513 1.9845 1.5479
2387 16
3 4 8 7 5 2
1.9584 3.9366 5.0196 6.0483 7.9726 11.017
1.491 2.4729 2.0763 1.4823 2.0133 1.5236
2388 16
3 4 8 7 5 2
1.9883 4.0383 4.9384 6.0033 8.012 10.948
1.4168 2.4597 2.0577 1.5078 2.0647 1.4428
2389 16
3 7 5 8 7 8 2 5
1.8975 1.9879 3.0042 4.9607 6.0097 9.0959 11.019 12.085
1.4903 1.9575 1.5344 2.0503 1.6094 0.96453 1.4432 1.9991
2390 16
3 7 5 8 7 8 2 5
2.0313 2.0519 2.9932 5.0443 6.0222 8.988 10.922 11.969
1.5163 1.969 1.5395 1.9671 1.4524 1.0146 1.4664 2.0032
2391 16
3 7 5 8 7 8 2 5
1.9262 2.0248 2.9587 5.009 5.9592 9.0215 10.943 12.025
1.5202 1.9183 1.4891 2.0339 1.5294 0.90556 1.4459 1.9737
2392 16
7 2 3 6 5 8 2 8
1.9737 4.0107 5.9576 7.3904 7.9573 8.9652 10.955 11.992
2.0254 2.0732 1.4327 1.4574 1.9555 1.0104 1.5434 1.4845
2393 16
7 2 3 6 5 8 2 8
2.0147 4.099 5.9599 7.58 7.9341 9.0444 11.091 11.995
1.9963 1.9863 1.5019 1.4611 2.0209 1.047 1.4991 1.4206
2394 16
7 2 3 6 5 8 2 8
2.0267 3.9673 6.0168 7.5469 7.9865 8.9887 10.89 12.035
1.9666 2.0007 1.5383 1.4062 1.9881 1.0152 1.4276 1.4952
