42
2605 16
2 3 8 3 7 2 3 4
4.2798 5.0528 5.3109 8.4935 8.5146 10.188 13.319 14.344
2.6052 2.0496 1.3064 1.0905 2.9384 2.3356 1.5446 1.4852
2606 16
6 8 3 5 6
1.2214 5.7567 6.485 9.9408 12.335
1.3851 2.3691 1.6349 1.9002 1.4512
2607 16
2 6 7 5
2.3202 6.9345 11.059 12.486
1.6325 2.6055 2.2691 2.0807
2608 16
6 2 1 8 4
0.94125 1.9173 3.4379 5.8439 12.065
1.4267 2.2963 2.2293 2.032 1.059
2609 16
7 6 3 1 3 6 7
0.18152 2.837 8.5693 10.081 10.954 12.116 12.715
1.5636 1.48 2.0984 2.3222 2.7696 1.0397 2.8037
2610 16
1 4 3 7
2.0108 4.0458 6.0236 6.0632
1.4588 2.4183 1.4673 1.5474
2611 16
1 4 3 7
1.9611 4.0626 6.0529 5.9907
1.49 2.4524 1.5813 1.4224
2612 16
1 4 3 7
2.0828 4.0428 6.0171 5.9431
1.5111 2.5442 1.4287 1.4257
2613 16
1 4 3 7
1.9933 3.9981 6.0072 5.9693
1.4751 2.4992 1.5634 1.4761
2614 16
2 6 2 8
4.0791 7.5241 8.0482 9.0105
1.9844 1.5498 1.4033 0.99177
2615 16
2 6 2 8
3.9511 7.4444 8.0601 9.0935
2.0933 1.5456 1.5279 0.99705
2616 16
2 6 2 8
4.026 7.5022 7.9271 8.9818
1.973 1.3918 1.5004 0.99913
2617 16
2 6 2 8
4.0098 7.4676 7.9816 8.8902
2.0391 1.4665 1.4732 0.90167
2618 16
3 8 3 2 8 5
2.0106 4.9898 6.0745 8.0394 8.999 11.979
1.4449 2.0395 1.4303 1.521 1.006 1.9366
2619 16
3 8 3 2 8 5
2.0627 5.0946 6.075 8.0014 9.043 12.009
1.503 1.9858 1.4705 1.5832 0.92553 1.9778
2620 16
3 8 3 2 8 5
2.08 4.959 6.0095 7.9864 9.0418 11.977
1.5651 2.055 1.5918 1.5973 1.0116 2.0102
2621 16
3 8 3 2 8 5
1.9428 5.0137 6.0754 8.0351 8.9523 12.069
1.4794 2.0196 1.463 1.4625 0.87054 1.9976
2622 16
3 8 3 2 8 5
5.9529 9.1012 9.1345 11.029 12.046 11.981
1.5209 1.0068 1.5393 1.5993 1.5194 1.9509
2623 16
3 8 3 2 8 5
6.0306 8.956 9.0351 10.94 11.994 11.967
1.4875 1.0488 1.514 1.4635 1.5724 1.9467
2624 16
3 8 3 2 8 5
6.0509 9.0526 8.9553 11.01 12.046 12.013
1.4304 0.95755 1.4132 1.4294 1.5749 1.9366
2625 16
3 8 3 2 8 5
6.0451 9.0272 8.9703 10.986 12.072 11.954
1.5577 1.0525 1.4494 1.5505 1.4963 2.0711
2626 16
4 8 1 2 3 8
3.9999 5.0169 6.0149 7.9357 8.9813 11.955
2.451 2.0217 1.9714 1.4495 1.5303 1.4036
2627 16
4 8 1 2 3 8
3.9992 5.0992 5.939 8.0187 9.0353 11.969
2.5225 2.0078 1.9534 1.5735 1.5635 1.4903
2628 16
4 8 1 2 3 8
4.0265 4.9071 5.9764 8.002 8.9503 11.992
2.5276 2.0611 1.9991 1.5946 1.5183 1.4574
2629 16
4 8 1 2 3 8
4.0232 5.0986 5.9942 7.9383 9.0086 12.048
2.4483 1.9884 2.0045 1.4761 1.5745 1.417
2630 16
5 4 3 8 3 5
3.0216 4.0849 5.9835 9.0133 9.0177 12.069
1.5013 2.4381 1.4316 1.0006 1.5013 2.0146
2631 16
5 4 3 8 3 5
2.9863 3.9908 5.9445 8.9547 9.0034 11.915
1.4923 2.5894 1.5411 0.97956 1.4785 2.0318
2632 16
5 4 3 8 3 5
3.0541 3.9636 5.969 9.0402 8.9736 12.006
1.5507 2.5015 1.4404 1.0522 1.5199 1.9699
2633 16
5 4 3 8 3 5
2.9675 4.023 6.0995 9.0277 9.0635 11.978
1.6197 2.5154 1.4953 0.90071 1.4787 2.0852
2634 16
7 5 2 6 8 8
2.0454 3.0504 3.9519 7.4654 9.0604 12.001
2.041 1.4863 2.0591 1.5735 0.98904 1.46
2635 16
7 5 2 6 8 8
2.0239 2.9525 4.0751 7.4947 9.0279 11.977
1.9841 1.5292 2.0219 1.5089 0.96997 1.5398
2636 16
7 5 2 6 8 8
1.9895 3.0693 4.0681 7.5109 8.9649 11.997
1.916 1.4374 1.995 1.5521 1.0276 1.491
2637 16
7 5 2 6 8 8
2.0139 3.083 3.9535 7.49 9.0579 12.01
1.9291 1.5476 1.9059 1.4976 0.98628 1.4452
2638 16
3 4 8 7 5 2
1.9934 3.9149 4.9902 6.0484 8.0122 10.948
1.5864 2.4954 1.9003 1.4963 1.9455 1.4655
2639 16
3 4 8 7 5 2
1.9857 4.0046 5.0769 5.9868 7.9737 11.065
1.4155 2.5456 1.9561 1.579 1.9918 1.4701
2640 16
3 4 8 7 5 2
2.0161 4.0513 5.0089 6.0051 7.9973 11.02
1.5075 2.553 1.9434 1.5307 2.0886 1.505
2641 16
3 7 5 8 7 8 2 5
1.9887 1.9463 2.9886 4.9837 5.9695 9.0663 11.02 12.007
1.5886 2.0019 1.54 1.9222 1.5258 0.97746 1.4985 1.9797
2642 16
3 7 5 8 7 8 2 5
1.9575 1.9922 2.9467 4.9132 6.1142 9.0587 10.957 11.999
1.4477 1.9892 1.4955 1.9808 1.5868 0.96339 1.5597 1.9296
2643 16
3 7 5 8 7 8 2 5
2.0134 2.0521 3.0386 4.8973 6.0267 8.9806 10.995 11.957
1.481 1.9522 1.5435 2.0296 1.4287 0.94224 1.5405 1.9404
2644 16
7 2 3 6 5 8 2 8
1.9775 3.9458 6.0466 7.5219 7.9871 9.0692 10.91 11.899
1.9788 1.9481 1.5096 1.5486 1.9913 1.0391 1.3813 1.5603
2645 16
7 2 3 6 5 8 2 8
2.1064 3.9987 6.0126 7.5021 7.9547 9.0212 10.993 12.04
1.981 1.8784 1.3556 1.4842 1.9754 0.95014 1.4775 1.5642
2646 16
7 2 3 6 5 8 2 8
1.9816 3.9987 5.9612 7.5033 8.0623 8.9961 10.898 11.94
1.9854 2.1226 1.4632 1.6 1.9856 0.99822 1.5689 1.5274
