41
7951 16
2 5 1 2 4
0.090833 1.9863 2.0254 11.896 14.299
1.3073 2.9513 1.98 2.2725 1.1141
7952 16
5 3 6 7 5 2 2
0.19055 2.1218 2.5058 7.8802 8.7848 11.432 13.339
1.5514 2.2456 1.4786 2.8975 2.9368 1.6362 1.8123
7953 16
8 7 4 6
0.97582 1.8134 2.4366 13.325
1.1116 2.5498 2.5952 1.5525
7954 16
2 1 8 3 7 4
0.23351 3.7524 5.8068 7.2359 9.767 11.828
2.7877 1.1977 2.3875 1.7927 1.1582 1.1507
7955 16
4 1 5 7 3
2.6127 6.868 7.541 8.7611 11.187
2.4545 1.9177 2.454 1.6168 1.5866
7956 16
1 4 3 7
2.0566 4.0447 6.0287 6.0137
1.5178 2.4902 1.6132 1.5345
7957 16
1 4 3 7
2.0373 4.0063 5.9144 6.0168
1.5161 2.5117 1.5335 1.4755
7958 16
1 4 3 7
2.1079 4.0008 5.9532 5.9944
1.4967 2.4891 1.4969 1.4587
7959 16
1 4 3 7
1.994 4.008 5.9704 6.0475
1.4874 2.5089 1.4993 1.4163
7960 16
2 6 2 8
3.9718 7.452 7.9789 9.0318
1.9992 1.517 1.5241 0.95306
7961 16
2 6 2 8
4.0206 7.5506 8.104 9.0143
1.9638 1.5165 1.4674 0.91821
7962 16
2 6 2 8
3.9542 7.5477 7.9931 9.0549
1.9045 1.4453 1.4703 1.0018
7963 16
2 6 2 8
4.0147 7.5762 7.9612 9.0375
1.9963 1.3871 1.5292 0.96427
7964 16
3 8 3 2 8 5
2.0268 5.0257 6.0077 8.0383 9.0905 12.023
1.48 2.0331 1.5509 1.5244 1.0406 1.9771
7965 16
3 8 3 2 8 5
2.0506 4.9426 5.9931 7.9954 8.8689 11.97
1.5407 1.9437 1.5353 1.5343 1.0345 2.0384
7966 16
3 8 3 2 8 5
2.0398 4.8985 6.0229 7.9169 9.0186 11.986
1.4798 2.0717 1.476 1.4752 1.0552 1.9469
7967 16
3 8 3 2 8 5
2.0637 5.0145 5.9582 7.9735 8.8787 12.005
1.4827 2.029 1.4418 1.5065 0.88795 1.9649
7968 16
3 8 3 2 8 5
5.9903 9.0286 9.0565 10.834 11.994 11.929
1.3508 1.0269 1.5159 1.4352 1.5877 2.035
7969 16
3 8 3 2 8 5
6.0349 8.9905 8.9616 11.039 12 11.933
1.5014 1.0374 1.4788 1.5559 1.4318 2.0522
7970 16
3 8 3 2 8 5
5.9671 8.9443 8.9818 11.025 11.959 12.064
1.5038 1.013 1.4525 1.4803 1.5401 1.9528
7971 16
3 8 3 2 8 5
6.0495 8.9767 9.0009 10.971 11.919 12.007
1.4219 0.9517 1.5192 1.4773 1.5054 1.9559
7972 16
4 8 1 2 3 8
4.0102 4.9853 5.9728 8.0367 8.968 11.96
2.5021 2.0589 1.9442 1.5621 1.5651 1.4893
7973 16
4 8 1 2 3 8
4.078 4.9572 5.9407 7.9319 9.0011 11.948
2.4544 1.9505 1.9589 1.415 1.5146 1.4565
7974 16
4 8 1 2 3 8
4.0204 5.0366 6.0667 7.974 8.9382 12.009
2.4839 2.0359 2.1031 1.5427 1.4095 1.5244
7975 16
4 8 1 2 3 8
4.0379 5.0049 5.939 8.0005 9.0263 12.006
2.5422 2.0327 2.0076 1.5649 1.4792 1.3973
7976 16
5 4 3 8 3 5
2.9545 4.0944 5.9338 8.9585 9.0168 11.95
1.4989 2.5483 1.5011 0.96613 1.5404 2.0186
7977 16
5 4 3 8 3 5
3.0313 3.9751 5.9382 8.9658 9.0015 11.902
1.5264 2.552 1.5221 0.97968 1.4597 2.0247
7978 16
5 4 3 8 3 5
3.0315 4.0123 5.933 8.9882 8.8956 12.007
1.5715 2.5014 1.5102 1.0417 1.568 1.9893
7979 16
5 4 3 8 3 5
3.0316 3.9437 5.9736 9.0212 9.0935 11.921
1.5794 2.6155 1.4966 0.94241 1.484 1.9429
7980 16
7 5 2 6 8 8
1.9978 3.0854 4.0496 7.4532 8.9953 11.95
2.0604 1.4657 1.9567 1.4939 1.0111 1.5198
7981 16
7 5 2 6 8 8
1.935 3.0254 3.9597 7.4712 8.9804 11.949
1.9311 1.499 2.0281 1.4931 1.0215 1.4678
7982 16
7 5 2 6 8 8
2.0009 3.0577 3.9159 7.5129 9.0138 12.001
2.0241 1.5205 2.0169 1.4315 0.98122 1.5478
7983 16
3 4 8 7 5 2
2.0083 4.0451 5.0461 6.0229 7.9516 10.965
1.4696 2.4946 1.9327 1.5994 1.9739 1.5599
7984 16
3 4 8 7 5 2
2.036 3.9903 5.0572 6.1006 7.998 11.034
1.5408 2.5194 2.013 1.5174 1.9631 1.587
7985 16
3 4 8 7 5 2
2.0457 4.0676 5.0087 5.9397 8.0234 11.055
1.4605 2.4647 2.0201 1.4546 2.0526 1.5135
7986 16
3 7 5 8 7 8 2 5
2.0142 1.9351 3.0619 4.9994 6.0334 8.9737 10.983 12.016
1.4769 1.9908 1.4167 2.0263 1.4728 0.99096 1.4885 1.9735
7987 16
3 7 5 8 7 8 2 5
1.9506 1.9531 3.0027 4.9474 6.0398 9.0617 11.099 11.994
1.4601 2.0395 1.5271 2.0095 1.4888 0.96047 1.5369 1.9921
7988 16
3 7 5 8 7 8 2 5
1.9938 2.0486 3.0396 5.0286 6.0327 9.0652 10.938 12.022
1.5184 2.0005 1.4982 1.9367 1.5242 0.89821 1.4971 2.0877
7989 16
7 2 3 6 5 8 2 8
2.001 4.0228 5.9883 7.5094 8.0422 8.9753 10.982 12.023
2.0539 2.0014 1.4818 1.3769 2.0447 0.99576 1.5266 1.6011
7990 16
7 2 3 6 5 8 2 8
1.9782 3.9846 6.0196 7.4969 7.9871 9.0586 11.038 11.974
1.9682 1.9777 1.5535 1.4698 2.0215 0.98726 1.4664 1.496
7991 16
7 2 3 6 5 8 2 8
2.0279 4.0532 5.9062 7.508 8.0683 8.9547 11.013 12.057
2.0453 1.9979 1.4854 1.5345 1.985 0.94505 1.494 1.4522
