42
295 16
4 1 1 2 2 6
0.91029 3.2213 9.1289 10.755 13.871 14.313
1.3595 1.5186 1.4228 1.4497 1.515 1.1391
296 16
5 2 6 8 4 8 3 7
0.36202 1.9826 7.3206 8.2226 9.2644 11.468 11.912 12.306
2.7297 2.8259 2.0605 1.6663 2.2316 1.1051 2.3095 1.9269
297 16
2 8 5 1
5.2616 6.8904 10.429 12.882
2.6767 1.4273 1.3923 1.8844
298 16
3 1 2 3 7 2 7 8
0.35516 1.8886 7.7094 7.893 8.585 11.292 12.114 12.693
2.7953 2.7585 1.4833 2.5068 1.6644 2.8696 2.0801 2.3724
299 16
5 8 7 7 5
2.8096 3.4348 4.6203 11.158 12.84
2.8421 2.1336 1.2828 1.6631 2.9909
300 16
1 4 3 7
2.0605 3.9322 5.9735 6.0032
1.5715 2.5318 1.476 1.4994
301 16
1 4 3 7
1.9847 3.8622 5.9375 6.0551
1.5009 2.537 1.4769 1.5769
302 16
1 4 3 7
2.0413 4.0025 6.0424 5.9755
1.4489 2.4157 1.4976 1.4581
303 16
1 4 3 7
2.0899 3.9791 6.0849 6.0385
1.5606 2.4776 1.4877 1.573
304 16
2 6 2 8
4.0656 7.4935 7.9083 8.9853
1.9649 1.5438 1.4798 1.0065
305 16
2 6 2 8
4.0364 7.5049 8.0088 9.0301
2.0425 1.5087 1.5042 0.92479
306 16
2 6 2 8
4.0004 7.5209 8.0406 8.9526
1.9429 1.5488 1.5283 0.92695
307 16
2 6 2 8
3.9961 7.4779 8.0446 9.1238
1.9433 1.4774 1.5125 1.0005
308 16
3 8 3 2 8 5
2.0666 4.9716 5.9632 7.9264 9.0224 11.97
1.4936 1.9586 1.4453 1.479 0.99011 2.0186
309 16
3 8 3 2 8 5
2.0345 4.9238 6.0212 7.9574 8.9556 11.972
1.4941 2.0548 1.4602 1.5336 1.0488 1.9477
310 16
3 8 3 2 8 5
2.0291 4.997 5.996 8.033 8.9952 11.92
1.5067 1.95 1.4414 1.4827 1.0095 1.9597
311 16
3 8 3 2 8 5
2.023 4.9846 5.9941 7.9146 9.0607 12.037
1.5629 1.9337 1.4726 1.4683 1.0558 2.094
312 16
3 8 3 2 8 5
6.0406 8.9491 8.9444 10.982 12.003 11.972
1.402 0.9294 1.485 1.4312 1.4173 1.9765
313 16
3 8 3 2 8 5
6.0646 9.0717 8.9848 10.981 12.004 11.963
1.4875 0.95188 1.5834 1.6053 1.4708 1.9769
314 16
3 8 3 2 8 5
6.0633 8.9303 8.9877 10.96 11.95 12.059
1.4642 1.0135 1.4461 1.4648 1.517 1.9734
315 16
3 8 3 2 8 5
5.9351 9.0268 9.0501 11.057 12.023 11.968
1.4811 0.95556 1.4476 1.3743 1.5491 2.0029
316 16
4 8 1 2 3 8
4.1521 4.9536 6.0531 7.9352 8.9745 12.034
2.5213 1.9839 1.9926 1.5166 1.4837 1.494
317 16
4 8 1 2 3 8
4.0264 5.035 5.997 7.9808 9.0133 12.028
2.502 1.9317 1.8457 1.5677 1.4753 1.4978
318 16
4 8 1 2 3 8
4.0236 4.997 5.9976 8.0176 9.05 12.003
2.4631 1.9689 1.882 1.4842 1.4946 1.4907
319 16
4 8 1 2 3 8
4.0106 5.0718 5.9919 8.028 9.0336 12.084
2.4984 1.9809 2.0383 1.4819 1.4917 1.4435
320 16
5 4 3 8 3 5
3.0315 4.0352 5.9402 9.0415 8.9874 11.935
1.348 2.5004 1.5291 1.0069 1.4715 2.0117
321 16
5 4 3 8 3 5
2.9608 4.0672 5.8714 9.0101 9.0325 12.047
1.4979 2.5029 1.4325 1.0924 1.4392 2.0222
322 16
5 4 3 8 3 5
3.0031 4.0628 6.01 9.0436 9.065 11.998
1.5694 2.4836 1.4668 0.94493 1.4825 1.9721
323 16
5 4 3 8 3 5
2.9551 4.0077 6.037 8.995 8.9625 11.951
1.4998 2.5561 1.4034 1.0824 1.5514 1.9934
324 16
7 5 2 6 8 8
2.0339 2.9766 4.0697 7.4709 9.0498 12.013
2.0612 1.5193 2.0091 1.4456 0.83171 1.4929
325 16
7 5 2 6 8 8
1.9292 3.1062 4.087 7.4851 9.0575 11.888
1.9024 1.4925 1.9499 1.6461 0.99536 1.4684
326 16
7 5 2 6 8 8
1.924 3.0276 3.9663 7.5558 8.9092 11.94
2.1199 1.5684 1.942 1.5235 1.0325 1.4629
327 16
7 5 2 6 8 8
1.9759 3.0044 3.9487 7.4841 9.0618 11.997
1.9843 1.4903 2.1401 1.4984 1.0642 1.4632
328 16
3 4 8 7 5 2
2 3.9799 4.9359 5.9449 7.9739 10.953
1.4838 2.5442 1.9634 1.5146 2.0515 1.5191
329 16
3 4 8 7 5 2
1.8946 3.9696 4.9443 5.9286 8.0383 11.02
1.4483 2.4232 2.03 1.5385 1.9781 1.5322
330 16
3 4 8 7 5 2
1.9509 4.1087 5.0444 6.0595 7.8919 11.032
1.491 2.446 2.029 1.4784 2.0373 1.4441
331 16
3 7 5 8 7 8 2 5
2.0602 2.0276 3.0379 4.9792 5.9013 8.9495 11.087 12.04
1.4536 2.0471 1.4795 2.0215 1.5477 0.92672 1.5334 1.9621
332 16
3 7 5 8 7 8 2 5
1.9496 2.0654 2.9753 5.0341 6.0341 8.9159 10.954 11.939
1.4797 2.0504 1.5459 2.0703 1.512 1.0323 1.5188 2.0096
333 16
3 7 5 8 7 8 2 5
1.9229 2.1063 2.9928 5.0317 6.0386 8.958 10.981 11.997
1.4572 2.0235 1.4383 1.995 1.5029 1.0947 1.4562 2.119
334 16
7 2 3 6 5 8 2 8
1.8987 4.1092 6.0952 7.4884 8.0143 8.9804 10.948 11.974
1.9744 1.979 1.5082 1.5027 1.9977 1.0883 1.4619 1.5391
335 16
7 2 3 6 5 8 2 8
2.019 4.0207 5.9571 7.4959 7.9817 9.003 11.017 12.004
2.1257 1.9789 1.5803 1.4454 2.1037 1.0984 1.4753 1.4884
336 16
7 2 3 6 5 8 2 8
1.9942 3.981 5.9093 7.5331 8.0037 8.9934 11.035 11.995
1.9965 2.0662 1.3948 1.4685 1.952 1.0421 1.4978 1.4139
