41
9632 16
4 6 3 6 1 6 7 4
0.099388 1.5496 8.5943 9.9121 12.007 12.892 13.044 13.845
1.6043 2.0923 1.8534 2.8408 1.05 2.7403 1.5992 1.5737
9633 16
2 7 4 7 3 5 1 7
1.4965 2.795 5.907 7.1857 8.65 8.7053 12.603 14.235
2.7121 2.7637 2.7382 1.4064 2.0327 2.6757 2.3276 1.6176
9634 16
7 8 2 1
1.2414 3.5126 6.5607 6.9688
2.4422 2.5138 2.756 2.6995
9635 16
4 3 5 8 1 6
1.1015 5.5888 6.4459 8.1903 8.988 12.321
2.4545 2.3829 2.9338 1.6778 1.7079 2.2499
9636 16
7 8 4 8
3.9032 4.8758 5.9626 9.313
2.1607 1.9324 2.7841 1.4333
9637 16
1 4 3 7
1.909 4.0537 6.0299 6.0193
1.5141 2.4176 1.4647 1.458
9638 16
1 4 3 7
2.0163 3.9841 6.0603 5.9926
1.4315 2.438 1.373 1.4441
9639 16
1 4 3 7
1.9705 3.9848 5.9809 6.0075
1.5354 2.4296 1.5668 1.6157
9640 16
1 4 3 7
2.0354 3.9769 6.0913 6.1106
1.485 2.436 1.5382 1.5183
9641 16
2 6 2 8
3.9814 7.4797 8.0082 8.9699
1.9135 1.5493 1.5769 1.0563
9642 16
2 6 2 8
3.9518 7.446 8.0365 9.0299
1.9141 1.5636 1.4948 1.0389
9643 16
2 6 2 8
4.0871 7.4917 7.9782 9.0002
1.9222 1.4879 1.5396 0.99875
9644 16
2 6 2 8
4.0304 7.5076 8.0085 9.0729
2.0878 1.5448 1.446 0.91512
9645 16
3 8 3 2 8 5
2.0164 4.9443 5.9753 7.9528 8.9821 12.015
1.5415 2.1265 1.5073 1.4979 0.92694 1.9896
9646 16
3 8 3 2 8 5
2.0719 5.0061 5.9538 8.034 9.031 11.948
1.5243 1.8672 1.5427 1.5053 1.0188 2.012
9647 16
3 8 3 2 8 5
1.9785 5.0329 5.9233 7.9802 9.0638 11.996
1.5315 2.0903 1.5312 1.4299 0.94264 1.9877
9648 16
3 8 3 2 8 5
1.8895 5.0958 6.0399 8.0027 9.0183 12.019
1.5658 2.0907 1.6417 1.5287 1.0861 2.027
9649 16
3 8 3 2 8 5
5.9361 9.0374 8.9371 11.025 11.941 11.949
1.4327 0.97984 1.4969 1.4529 1.498 2.039
9650 16
3 8 3 2 8 5
5.9987 8.9917 9.0148 10.885 12.072 11.984
1.489 0.93184 1.4672 1.4989 1.5335 2.0094
9651 16
3 8 3 2 8 5
6.0401 8.9879 8.9252 10.976 11.986 11.963
1.485 1.0422 1.5045 1.5073 1.5357 1.9796
9652 16
3 8 3 2 8 5
5.9263 9.1495 8.9577 11.033 12.028 12.049
1.5219 1.0292 1.3976 1.4712 1.4823 1.9586
9653 16
4 8 1 2 3 8
4.0112 5.0633 6.0827 8.0055 8.9625 11.985
2.4385 2.0076 2.0314 1.4452 1.5037 1.5741
9654 16
4 8 1 2 3 8
4.0548 5.0269 6.0004 7.946 8.9765 11.939
2.5394 2.03 1.9762 1.4989 1.5183 1.4839
9655 16
4 8 1 2 3 8
4.0053 5.0088 6.023 7.9347 8.9641 11.987
2.5149 1.9931 2.0154 1.4755 1.507 1.4193
9656 16
4 8 1 2 3 8
4.0541 4.9897 6.019 7.9086 8.9977 11.915
2.5463 2.0816 1.9056 1.4943 1.542 1.4964
9657 16
5 4 3 8 3 5
2.9334 3.9999 6.0034 8.9415 8.9611 11.99
1.4886 2.4617 1.4712 0.97264 1.5256 2.0084
9658 16
5 4 3 8 3 5
3.0574 4.0283 5.9671 9.0532 8.9461 12.003
1.569 2.5359 1.5519 0.98983 1.4796 1.9548
9659 16
5 4 3 8 3 5
3.042 3.9937 6.011 9.1002 8.9514 12.004
1.4595 2.5574 1.4739 0.99365 1.4746 2.0164
9660 16
5 4 3 8 3 5
2.9494 4.023 5.9931 8.9554 9.0703 12.013
1.482 2.4539 1.4201 1.0357 1.4836 2.0307
9661 16
7 5 2 6 8 8
2.0013 2.9202 4.071 7.4901 8.9392 11.975
2.125 1.4869 2.017 1.4036 1.0275 1.5089
9662 16
7 5 2 6 8 8
2.0214 2.9466 3.9266 7.5933 8.9439 12.01
1.9218 1.5771 2.0424 1.5326 1.0029 1.6034
9663 16
7 5 2 6 8 8
2.0175 2.9387 4.0298 7.5375 9.0424 11.973
1.9706 1.434 2.0279 1.4826 0.99917 1.4648
9664 16
3 4 8 7 5 2
1.9872 4.0316 5.0286 6.0524 7.9996 10.985
1.4547 2.5249 2.0279 1.4211 1.9856 1.4837
9665 16
3 4 8 7 5 2
1.9654 3.9936 4.978 5.9958 7.9965 11.047
1.4598 2.5421 2.0496 1.5355 2.0041 1.4091
9666 16
3 4 8 7 5 2
1.9661 3.953 5.0613 5.9583 8.0572 11.07
1.4061 2.4329 2.0274 1.5601 2.0539 1.4858
9667 16
3 7 5 8 7 8 2 5
2.0727 2.1263 3.072 5.0133 6.0658 8.9397 10.966 12.035
1.4712 2.0103 1.5039 1.9114 1.5921 1.0227 1.425 2.0401
9668 16
3 7 5 8 7 8 2 5
2.0524 2.0058 2.9886 4.9595 6.0823 9.0173 11.027 11.917
1.5263 2.0587 1.4908 1.942 1.434 0.95468 1.5551 1.9166
9669 16
3 7 5 8 7 8 2 5
1.9971 2.0497 2.8771 5.014 6.0513 8.991 11.055 12.013
1.4939 1.9656 1.5223 1.9618 1.4765 1.0049 1.3385 1.9813
9670 16
7 2 3 6 5 8 2 8
2.0541 3.9364 5.9607 7.5972 7.9665 8.9927 10.836 11.974
1.9459 1.9519 1.5335 1.4987 2.013 1.0124 1.536 1.4399
9671 16
7 2 3 6 5 8 2 8
2.0396 4.0022 6.0663 7.5367 8.1012 9.0642 11.052 11.957
1.9943 2.0079 1.5195 1.5727 2.0186 0.98277 1.5056 1.5244
9672 16
7 2 3 6 5 8 2 8
1.9405 4.0669 5.9831 7.4473 8.1075 8.9366 11.022 12.118
1.9907 2.0142 1.4895 1.4449 2.0034 0.96918 1.4785 1.5082
