41
7295 16
7 2 3 8
2.6597 2.8677 6.5402 11.682
2.4074 2.5218 1.7735 1.2869
7296 16
2 7 1 7
5.2985 8.2749 9.8184 11.07
2.145 1.3158 1.9654 2.8205
7297 16
7 5 3 6 1 3 7
4.6671 5.8326 8.8348 9.7565 10.338 10.464 14.387
2.5029 2.9768 1.2005 1.7545 2.7195 1.1918 1.3335
7298 16
6 8 2 3 2
5.6033 6.6715 8.5175 8.663 11.588
2.1786 1.8439 2.886 2.4577 1.8848
7299 16
3 1 4 8
1.5712 2.3503 10.307 13.605
2.3652 1.6137 1.5889 1.902
7300 16
1 4 3 7
1.9662 3.9864 6.0488 5.9669
1.507 2.5107 1.4858 1.3994
7301 16
1 4 3 7
2.0519 3.9969 5.9778 5.9951
1.4532 2.4699 1.4769 1.4746
7302 16
1 4 3 7
2.0702 3.981 6.0759 6.0193
1.4771 2.382 1.4234 1.5231
7303 16
1 4 3 7
1.9948 3.9203 5.9804 5.9608
1.5787 2.5255 1.5256 1.5884
7304 16
2 6 2 8
3.9618 7.4913 7.9824 8.9688
1.9548 1.4282 1.5585 0.96879
7305 16
2 6 2 8
4.0091 7.4341 8.0375 9.068
1.9753 1.4008 1.5011 1.0583
7306 16
2 6 2 8
3.9634 7.549 7.9918 8.9657
2.0349 1.4227 1.4786 1.0561
7307 16
2 6 2 8
4.023 7.5222 7.9956 8.9901
2.04 1.509 1.4946 1.0794
7308 16
3 8 3 2 8 5
2.0482 5.0417 6.0798 8.0755 9.0594 11.99
1.5791 2.0042 1.555 1.5209 0.96431 2
7309 16
3 8 3 2 8 5
1.9752 4.9098 6.0265 7.9525 8.9975 12.023
1.4935 1.9569 1.5127 1.4643 0.90019 1.9374
7310 16
3 8 3 2 8 5
1.9573 4.9608 6.0669 8.0382 8.9913 12.073
1.5569 1.9701 1.4474 1.6157 0.95206 2.0057
7311 16
3 8 3 2 8 5
2.0081 5.0368 6.0244 7.9174 9.0465 12.084
1.468 2.0295 1.5766 1.5394 0.98733 2.0106
7312 16
3 8 3 2 8 5
6.0165 8.9809 8.9833 10.992 12.029 12.04
1.5442 1.0428 1.4863 1.464 1.5743 1.9907
7313 16
3 8 3 2 8 5
6.0955 9.1051 9.1035 10.963 11.931 11.967
1.502 0.99759 1.4827 1.521 1.4399 1.9862
7314 16
3 8 3 2 8 5
5.9445 9.0032 9.0666 11.075 12.002 11.961
1.4978 0.95594 1.475 1.5019 1.573 2.0592
7315 16
3 8 3 2 8 5
6.0891 8.9496 8.9126 11.049 12.005 11.946
1.4328 1.0793 1.576 1.6018 1.4957 1.9599
7316 16
4 8 1 2 3 8
3.9455 5.0289 5.9582 8.0065 9.0638 12.036
2.5263 2.0462 2.0577 1.5047 1.4982 1.563
7317 16
4 8 1 2 3 8
3.9788 5.0659 5.946 8.0515 8.9969 11.962
2.5595 2.0484 2.0316 1.5248 1.4764 1.4859
7318 16
4 8 1 2 3 8
3.9734 5.0063 6.0297 8.0572 8.961 11.946
2.48 2.0639 2.0636 1.5386 1.5044 1.5138
7319 16
4 8 1 2 3 8
4.0237 4.9442 5.9429 7.9553 8.9873 12.08
2.4845 1.9891 1.9542 1.478 1.4907 1.481
7320 16
5 4 3 8 3 5
2.9696 4.1445 6.0265 9.1077 8.9657 12.003
1.4884 2.421 1.5333 0.97041 1.4834 2.0088
7321 16
5 4 3 8 3 5
2.9914 3.9548 5.9812 8.9605 9.0439 11.972
1.5454 2.4655 1.5171 0.88625 1.5351 1.9011
7322 16
5 4 3 8 3 5
3.0182 4.072 5.9877 9.0292 9.0089 11.898
1.5126 2.5435 1.5158 0.98926 1.4986 1.9866
7323 16
5 4 3 8 3 5
2.9443 3.9752 5.9665 8.938 9.0787 12.024
1.6016 2.4594 1.5289 0.9086 1.4731 1.9538
7324 16
7 5 2 6 8 8
1.95 3.0649 3.9168 7.4896 8.9131 11.997
1.9818 1.4637 1.9805 1.5106 0.94848 1.5292
7325 16
7 5 2 6 8 8
1.971 2.9122 4.0235 7.4852 9.015 12.095
1.9823 1.5559 1.909 1.5316 1.0268 1.4803
7326 16
7 5 2 6 8 8
1.9669 3.0209 3.8484 7.521 9.0346 11.987
1.8775 1.4561 1.9659 1.3772 0.99344 1.4991
7327 16
3 4 8 7 5 2
1.9668 4.0332 4.9993 6.0703 7.991 11.06
1.543 2.4757 2.0966 1.4985 1.9891 1.5786
7328 16
3 4 8 7 5 2
2.0008 4.0122 5.0055 5.9735 8.0439 10.98
1.5376 2.4757 2.0331 1.4804 1.9969 1.5419
7329 16
3 4 8 7 5 2
2.0124 4.0097 4.9419 6.0719 8.0007 10.998
1.4969 2.4198 2.0973 1.4597 2.0496 1.5414
7330 16
3 7 5 8 7 8 2 5
2.0075 2.0258 3.107 5.0108 6.0845 8.9696 11.002 11.949
1.3903 1.9068 1.5539 1.9909 1.5024 0.98772 1.5366 1.9615
7331 16
3 7 5 8 7 8 2 5
2.0234 2.014 3.055 5.0429 5.9926 8.9724 11.001 12.019
1.4606 2.0206 1.4881 2.0169 1.467 1.0471 1.5467 1.9898
7332 16
3 7 5 8 7 8 2 5
2.0113 1.972 2.9414 4.9742 6.0421 9.0672 10.963 12.063
1.514 1.9471 1.4716 1.999 1.5012 0.89246 1.5623 2.099
7333 16
7 2 3 6 5 8 2 8
1.9406 4.0549 6.0475 7.504 8.0427 9.0479 10.969 12.019
1.9673 2.0598 1.5559 1.5386 1.9653 0.93811 1.5259 1.4908
7334 16
7 2 3 6 5 8 2 8
2.0442 4.0712 5.9514 7.5032 7.9859 9.0158 11 12.032
2.061 1.9683 1.5868 1.5876 2.0809 1.0979 1.4601 1.5503
7335 16
7 2 3 6 5 8 2 8
2.0029 3.967 5.9461 7.5708 7.9731 8.9863 10.981 11.969
1.9675 1.9767 1.4538 1.5276 1.9608 1.0148 1.5388 1.4462
