41
8197 16
8 7 1 1 7
0.44689 4.3698 4.7879 10.704 13.245
1.1865 1.3586 1.2813 2.3034 2.0764
8198 16
7 1 7 2 5 6 2
0.91521 1.8008 5.5648 8.2414 8.4111 9.2583 11.094
1.5655 2.6737 2.4582 1.2483 1.3028 2.8776 1.6592
8199 16
5 8 7 3
1.5165 1.8253 9.7977 10.881
2.5051 1.0379 1.1373 2.9678
8200 16
3 5 1 2 8 8 6
0.5872 1.8117 3.3578 5.6818 9.3274 11.295 13.028
2.5007 1.401 2.3749 1.7905 1.5485 2.9959 2.0593
8201 16
8 8 6 1
3.4016 8.1129 10.946 11.867
2.4188 1.6165 1.5289 2.7467
8202 16
1 4 3 7
2.0018 3.9992 6.0873 6.0174
1.5694 2.4307 1.5325 1.475
8203 16
1 4 3 7
2.033 3.9891 5.9709 6.051
1.4759 2.4975 1.3935 1.448
8204 16
1 4 3 7
1.9281 4.0783 6.0466 6.0068
1.5205 2.5135 1.5544 1.4658
8205 16
1 4 3 7
1.9649 3.8911 5.9709 6.0948
1.5085 2.5057 1.4627 1.5216
8206 16
2 6 2 8
3.9961 7.4605 8.0086 8.9345
2.0259 1.4459 1.4758 1.0495
8207 16
2 6 2 8
3.908 7.5456 8.0579 9.056
2.0069 1.5856 1.5077 0.99471
8208 16
2 6 2 8
3.9975 7.5387 7.9777 9.0354
2.0269 1.5587 1.4594 1.0745
8209 16
2 6 2 8
3.9841 7.4792 7.9821 8.931
1.9744 1.5094 1.4777 1.0416
8210 16
3 8 3 2 8 5
1.9346 5.0049 6.0759 7.9426 8.9925 12.082
1.5404 2.0883 1.4892 1.5066 0.90385 1.9719
8211 16
3 8 3 2 8 5
2.0578 4.9763 5.9215 7.9361 9.0786 11.899
1.3971 1.9952 1.4327 1.533 0.89982 2.0323
8212 16
3 8 3 2 8 5
1.9474 5.0316 5.996 7.9836 9.0169 12.008
1.5485 2.0334 1.4296 1.5223 0.88338 1.9947
8213 16
3 8 3 2 8 5
2.0278 5.0201 6.0211 7.9275 9.0328 12.021
1.4606 1.9878 1.5515 1.5208 1.0428 2.0365
8214 16
3 8 3 2 8 5
6.0074 8.9657 8.9601 10.967 12.033 12.034
1.4318 0.87193 1.5321 1.4848 1.5035 2.0121
8215 16
3 8 3 2 8 5
5.9379 9.0179 9.0102 11.083 11.903 11.956
1.4854 1.0151 1.4272 1.408 1.519 2.0851
8216 16
3 8 3 2 8 5
6.0652 9.0338 9.0217 10.974 12.059 11.909
1.5104 0.98727 1.3982 1.4575 1.5452 1.8906
8217 16
3 8 3 2 8 5
6.0231 8.9327 8.9701 11.04 12.009 12.068
1.4863 1.1671 1.4558 1.4856 1.4594 2.0252
8218 16
4 8 1 2 3 8
4.0581 4.9663 5.9706 8.1101 8.9792 11.947
2.5992 1.9992 2.0509 1.4706 1.5627 1.4828
8219 16
4 8 1 2 3 8
4.0173 4.9958 6.0736 8.0412 8.9814 12.08
2.438 1.9122 2.046 1.6246 1.5343 1.4141
8220 16
4 8 1 2 3 8
3.9299 5.0043 6.0504 7.8825 9.0209 12.031
2.5772 1.9748 1.9816 1.5155 1.4578 1.5209
8221 16
4 8 1 2 3 8
4.1705 5.0258 6.0188 7.9894 8.9658 11.949
2.4656 1.9611 1.9821 1.555 1.5055 1.5266
8222 16
5 4 3 8 3 5
3.0222 3.9863 6.0162 8.9473 8.9864 11.981
1.4477 2.4649 1.4471 1.0157 1.4527 2.0645
8223 16
5 4 3 8 3 5
2.9485 4 5.9407 9.1199 9.0367 12.023
1.4065 2.4608 1.5067 0.93527 1.4734 2.0176
8224 16
5 4 3 8 3 5
3.0371 3.9319 6.0196 9.0356 8.9964 11.994
1.4603 2.5805 1.511 1.0451 1.5258 1.9481
8225 16
5 4 3 8 3 5
3.0379 4.0753 5.9748 9.0555 9.005 12.022
1.598 2.5334 1.516 1.06 1.5417 2.0482
8226 16
7 5 2 6 8 8
1.9863 3.0247 4.0152 7.5026 9.0508 12.014
1.9969 1.6044 2.0991 1.4512 0.9942 1.4762
8227 16
7 5 2 6 8 8
2.0016 3.0164 3.9479 7.562 8.9984 11.975
1.9194 1.6013 2.0624 1.523 1.0276 1.5395
8228 16
7 5 2 6 8 8
1.9884 2.8926 3.9134 7.5182 9.0752 12.018
1.9507 1.4219 2.0065 1.653 1.0549 1.4495
8229 16
3 4 8 7 5 2
2.0778 4.0604 5.0584 5.9642 7.9635 11.016
1.495 2.5665 2.1073 1.5581 1.9779 1.5431
8230 16
3 4 8 7 5 2
1.9366 3.9849 5.0122 5.9849 8.0391 11.071
1.4967 2.4958 2.0103 1.4695 2.0005 1.4903
8231 16
3 4 8 7 5 2
2.0512 4.0851 4.9746 5.96 8.0375 11.004
1.5354 2.4995 2.0279 1.4839 2.0062 1.4623
8232 16
3 7 5 8 7 8 2 5
2.0962 2.091 2.9996 5.1471 5.9352 8.9592 11.026 11.973
1.4256 1.9706 1.4743 2.0116 1.4258 0.99972 1.5447 2.0718
8233 16
3 7 5 8 7 8 2 5
2.0146 1.9959 2.9015 4.9559 5.9636 8.995 10.974 12
1.4484 1.9923 1.5047 1.9994 1.4569 1.0576 1.5019 2.0506
8234 16
3 7 5 8 7 8 2 5
2.0221 2.0412 3.0405 4.9981 6.0983 9.0431 10.96 11.965
1.4916 2.0466 1.5128 1.9447 1.5852 1.0611 1.4849 1.9688
8235 16
7 2 3 6 5 8 2 8
2.0645 3.9738 5.9463 7.5265 8.0833 9.0281 10.993 11.973
1.9939 2.0113 1.3995 1.4799 1.9876 0.91507 1.508 1.5171
8236 16
7 2 3 6 5 8 2 8
2.0351 4.0048 5.9544 7.4395 7.9822 9.0148 10.969 12.064
2.0081 1.9777 1.4356 1.4248 1.9455 0.90258 1.4727 1.4789
8237 16
7 2 3 6 5 8 2 8
1.9547 4.0671 6.0906 7.5292 8.001 8.9788 11.01 11.923
1.9836 2.013 1.4383 1.5144 2.0185 0.97366 1.5384 1.5503
