41
9960 16
5 6 4 6 4
2.33 6.8665 8.6924 9.9138 11.256
1.2208 1.0405 1.1953 1.6284 2.0409
9961 16
8 1 1 2
2.21 8.0149 11.423 14.204
2.9251 1.4944 2.1554 1.1749
9962 16
3 2 3 4 1 2
2.6408 3.1896 4.5558 5.7872 6.7735 8.848
1.6132 2.5153 2.8704 2.7897 1.2769 2.6492
9963 16
2 8 6 3 8
7.4797 7.9114 9.7784 11.412 12.686
2.2547 1.4744 1.6128 2.9946 2.1345
9964 16
5 3 5 8
0.76711 9.5649 11.305 13.828
1.203 2.8985 2.8664 1.7636
9965 16
1 4 3 7
1.9403 4.0352 5.9768 5.9456
1.4868 2.4567 1.4905 1.4641
9966 16
1 4 3 7
2.0012 4.049 5.9583 5.8935
1.4493 2.5099 1.4621 1.6466
9967 16
1 4 3 7
1.9567 4.0051 6.0647 5.9742
1.4969 2.4431 1.4634 1.4537
9968 16
1 4 3 7
2.0124 3.9632 5.9931 5.9396
1.4147 2.5401 1.4715 1.5194
9969 16
2 6 2 8
3.8899 7.5544 7.9912 9.0334
2.0139 1.5135 1.5057 0.94863
9970 16
2 6 2 8
3.9933 7.4842 8.0075 9.0202
2.0181 1.4023 1.5265 1.0702
9971 16
2 6 2 8
3.9972 7.4426 7.97 8.9503
1.9624 1.4553 1.5274 0.98578
9972 16
2 6 2 8
4.0059 7.4772 8.0759 8.9554
2.0579 1.5079 1.5102 1.0477
9973 16
3 8 3 2 8 5
1.9936 4.9161 5.9881 7.9383 9.0625 11.933
1.5474 2.021 1.5799 1.5301 0.98856 2.0001
9974 16
3 8 3 2 8 5
2.0258 4.912 5.9016 7.9785 8.956 12.021
1.5531 1.9683 1.4782 1.5278 0.95796 1.9295
9975 16
3 8 3 2 8 5
2.0423 4.9985 6.0617 8.0751 9.0147 11.937
1.5158 2.0585 1.5155 1.4762 1.1417 2.0092
9976 16
3 8 3 2 8 5
2.0945 4.985 5.938 7.9067 8.9712 11.946
1.4372 1.984 1.5072 1.3665 0.88927 1.9021
9977 16
3 8 3 2 8 5
5.9989 9.0121 9.116 11.026 12.07 12.061
1.4789 1.0341 1.5429 1.4576 1.4124 2.0157
9978 16
3 8 3 2 8 5
6.0675 9.0166 8.939 10.948 11.978 12.035
1.4399 0.94392 1.5415 1.4666 1.4903 2.0456
9979 16
3 8 3 2 8 5
5.9327 9.0025 9.0752 10.999 11.91 12.068
1.5973 1.0268 1.5173 1.4183 1.4632 2.0162
9980 16
3 8 3 2 8 5
6.0005 9.0276 8.9836 11.006 12.038 12.033
1.5525 0.93977 1.4634 1.4706 1.4915 2.062
9981 16
4 8 1 2 3 8
4.035 5.0768 5.9777 7.9568 8.9492 11.951
2.4919 1.847 1.9179 1.5826 1.4815 1.5706
9982 16
4 8 1 2 3 8
3.9407 5.0499 6.1449 8.0143 8.985 12.045
2.5354 1.9386 1.9737 1.4328 1.515 1.5057
9983 16
4 8 1 2 3 8
4.0383 4.9947 6.0015 8.059 9.0001 12.018
2.501 2.0975 1.9507 1.6099 1.4987 1.4711
9984 16
4 8 1 2 3 8
3.9584 4.9879 5.9307 7.9683 9.0688 12.061
2.5168 1.9369 2.0118 1.5314 1.4656 1.5768
9985 16
5 4 3 8 3 5
2.9747 4.0273 5.9606 9.0118 9.0901 11.995
1.3809 2.4955 1.5438 1.0591 1.4834 2.0263
9986 16
5 4 3 8 3 5
2.9599 4.0122 5.9769 8.9826 8.8811 11.916
1.5257 2.4454 1.4792 1.0197 1.5708 1.9749
9987 16
5 4 3 8 3 5
2.9692 3.998 6.0418 9.0724 9.0397 11.939
1.4897 2.6028 1.4607 0.91903 1.4698 1.986
9988 16
5 4 3 8 3 5
2.9632 3.989 6.0036 8.9014 8.986 12.017
1.4468 2.4844 1.6026 1.0793 1.5192 1.9837
9989 16
7 5 2 6 8 8
1.9407 2.9964 3.8931 7.5139 8.9348 12.09
1.9346 1.549 1.9609 1.5343 0.93935 1.4542
9990 16
7 5 2 6 8 8
2.0023 2.9508 3.9751 7.4586 9.0377 12.028
2.0423 1.559 1.9774 1.4512 0.95832 1.5401
9991 16
7 5 2 6 8 8
1.9159 2.9197 3.8856 7.5142 8.9808 12.009
1.9378 1.5865 2.0462 1.52 1.0071 1.4432
9992 16
3 4 8 7 5 2
1.9756 4.0676 4.975 5.9107 7.9891 10.924
1.5233 2.517 2.0013 1.552 2.0561 1.5325
9993 16
3 4 8 7 5 2
2.0475 3.9976 5.0485 5.9196 7.9568 10.922
1.5152 2.4978 1.984 1.5069 2.0317 1.6007
9994 16
3 4 8 7 5 2
2.0533 4.0082 5.1122 5.959 8.0033 11.029
1.5124 2.5105 1.9418 1.4881 2.0425 1.4753
9995 16
3 7 5 8 7 8 2 5
1.9689 2.0224 2.9327 5.009 5.9444 8.9621 11.014 11.927
1.4582 2.0301 1.3621 1.9089 1.3974 0.95747 1.453 1.9825
9996 16
3 7 5 8 7 8 2 5
1.9647 2.0072 2.9357 4.9667 6.0305 8.9441 11.039 11.99
1.5241 1.9865 1.5553 2.0129 1.4483 0.99168 1.5233 2.0091
9997 16
3 7 5 8 7 8 2 5
1.9851 1.9984 3.0643 5.0246 6.0289 9.025 11.001 11.972
1.5482 2.0095 1.4734 2.02 1.4255 0.97183 1.5418 1.9997
9998 16
7 2 3 6 5 8 2 8
2.1612 3.9106 5.9474 7.4759 8.0171 9.1065 10.988 12.031
2.053 1.9969 1.5548 1.454 1.9053 1.0151 1.5692 1.4852
9999 16
7 2 3 6 5 8 2 8
1.999 4.0439 5.9932 7.5248 8 8.958 11.001 12.079
1.9751 1.9612 1.4223 1.4835 1.9687 1.0553 1.4247 1.5419
10000 16
7 2 3 6 5 8 2 8
1.9972 3.9454 6.147 7.4517 8.0006 8.9583 11.087 11.922
1.9434 1.9086 1.4869 1.4309 2.0046 0.96998 1.605 1.4767
