42
4495 16
7 5 2 1 3 4 8
0.56851 9.7104 9.9835 10.191 11.945 12.789 13.333
1.0372 2.7694 2.9919 1.3748 1.5421 2.8762 2.2883
4496 16
1 4 3 8 5
0.6085 3.2007 9.0976 12.185 13.831
1.9419 1.5159 1.7303 1.2654 2.0853
4497 16
6 5 7 7 2 5 7
0.54674 2.332 2.5226 6.1899 9.8478 11.974 12.489
2.9058 2.3493 1.8885 1.907 2.9498 2.3185 1.5814
4498 16
3 5 1 4 3 5 7 2
4.3969 5.4852 6.147 9.256 10.752 10.975 12.212 12.316
1.8026 2.063 1.5577 2.3625 2.3516 1.8575 2.5672 2.8437
4499 16
4 7 1 4 4
0.83843 3.6009 4.744 6.0057 9.6655
2.9761 1.068 1.2327 1.724 1.8583
4500 16
1 4 3 7
1.9536 4.0636 6.0208 6.0203
1.4848 2.4688 1.5244 1.4041
4501 16
1 4 3 7
2.0126 3.9651 6.0788 5.951
1.3991 2.5008 1.551 1.4443
4502 16
1 4 3 7
1.9688 4.0733 6.0317 6.0181
1.4583 2.4745 1.45 1.5192
4503 16
1 4 3 7
2.011 3.9722 5.9546 5.9914
1.5318 2.499 1.4213 1.4433
4504 16
2 6 2 8
4.0252 7.5273 7.9823 8.979
2.0311 1.5405 1.5924 1.0966
4505 16
2 6 2 8
3.9718 7.4905 7.8864 9.0404
1.9628 1.402 1.5559 1.0523
4506 16
2 6 2 8
4.0051 7.4715 8.04 8.9716
2.0215 1.4221 1.5014 1.0189
4507 16
2 6 2 8
3.9597 7.5817 7.9059 8.9516
1.8636 1.4535 1.4766 1.0601
4508 16
3 8 3 2 8 5
1.958 4.9245 6.052 8.0543 8.9678 11.982
1.4154 1.9715 1.5424 1.509 0.9692 1.9701
4509 16
3 8 3 2 8 5
1.9994 5.0278 5.9676 8.057 8.9703 11.98
1.5039 2.0179 1.5095 1.4598 1.0107 2.1099
4510 16
3 8 3 2 8 5
1.9909 5.0179 6.0993 7.9802 9.0675 11.973
1.4564 1.9808 1.4785 1.4905 0.96417 1.9969
4511 16
3 8 3 2 8 5
2.0234 5.0098 6.0817 8.0065 9.0152 12.019
1.4862 1.9797 1.4467 1.4916 0.96838 1.9921
4512 16
3 8 3 2 8 5
5.8921 8.9732 9.0026 11.042 12.005 11.979
1.5338 1.0023 1.5539 1.4959 1.4675 2.0382
4513 16
3 8 3 2 8 5
6.0319 9.0699 8.9962 10.877 11.954 11.965
1.4585 1.0165 1.4885 1.4718 1.5269 1.9318
4514 16
3 8 3 2 8 5
6.013 8.959 8.9954 10.916 11.978 11.956
1.5695 0.97851 1.5702 1.4097 1.5623 1.9768
4515 16
3 8 3 2 8 5
5.9632 8.936 9.0417 10.942 11.973 11.98
1.499 0.95378 1.5761 1.4924 1.5399 2.0082
4516 16
4 8 1 2 3 8
4.0182 5.0377 5.9216 8.0248 9.0233 12.015
2.4897 2.0249 2.0611 1.5116 1.454 1.4355
4517 16
4 8 1 2 3 8
4.0191 4.9374 5.9947 7.9415 8.8852 12.03
2.5062 2.0318 2.0232 1.5165 1.5048 1.4575
4518 16
4 8 1 2 3 8
4.1571 4.9927 5.995 8.0749 9.0259 11.951
2.3858 2.0202 2.061 1.5178 1.4118 1.5643
4519 16
4 8 1 2 3 8
3.9676 5.0496 5.991 8.0231 8.9723 12.038
2.4303 1.9603 2.0308 1.5258 1.4916 1.5286
4520 16
5 4 3 8 3 5
3.0705 3.9023 6.0946 8.9889 8.9736 12.032
1.4903 2.4031 1.553 0.96858 1.6011 1.9817
4521 16
5 4 3 8 3 5
2.9585 4.0494 5.9715 8.984 8.9414 12.048
1.4764 2.5005 1.4977 1.0054 1.4831 1.9757
4522 16
5 4 3 8 3 5
2.9815 4.0225 6.0113 9.0692 8.9134 12.036
1.4274 2.5022 1.4289 0.98854 1.4889 1.9344
4523 16
5 4 3 8 3 5
3.0415 4.0101 6.0022 9.108 8.9751 11.968
1.4374 2.4509 1.4889 0.94524 1.441 2.0384
4524 16
7 5 2 6 8 8
2.0144 3.0417 4.0272 7.4867 8.9887 11.972
1.9568 1.4302 2.0258 1.5049 0.98355 1.4986
4525 16
7 5 2 6 8 8
2.0297 2.9167 4.0448 7.5963 9.1222 11.91
2.0845 1.3792 2.032 1.4603 0.94751 1.5284
4526 16
7 5 2 6 8 8
1.9645 3.0475 3.9955 7.4589 8.9402 11.993
2.0873 1.504 1.9764 1.5773 0.97851 1.5325
4527 16
7 5 2 6 8 8
1.9805 2.9824 4.0929 7.5849 9.0206 12.05
2.0471 1.5679 2.0196 1.4965 0.99711 1.4978
4528 16
3 4 8 7 5 2
1.9206 3.9279 5.0678 6.0309 7.8877 11.072
1.4392 2.4685 2.0114 1.5239 2.0183 1.4806
4529 16
3 4 8 7 5 2
2.0102 3.9936 4.9922 5.929 8.0304 11.025
1.565 2.5024 1.9752 1.5125 1.9095 1.5255
4530 16
3 4 8 7 5 2
2.0385 3.9438 5.0907 5.9063 8.034 10.955
1.5653 2.5112 2.0737 1.4933 1.9788 1.5332
4531 16
3 7 5 8 7 8 2 5
1.9908 2.012 3.0245 5.0249 5.9614 9.0228 11.114 12.006
1.4812 1.9521 1.5343 2.014 1.5248 0.9593 1.4866 2.0256
4532 16
3 7 5 8 7 8 2 5
2.0547 1.9786 3.0532 5.0297 6.0132 8.935 11.015 12.025
1.5039 2.0835 1.555 1.9688 1.4696 0.92065 1.5138 1.9882
4533 16
3 7 5 8 7 8 2 5
2.0401 2.0401 3.055 4.983 5.9932 9.0174 10.996 12.08
1.526 1.953 1.4528 1.9184 1.4874 1.0283 1.4954 1.9454
4534 16
7 2 3 6 5 8 2 8
1.9937 3.9689 5.9688 7.5239 8.0039 9.0099 11.041 12.053
2.1124 1.9572 1.5341 1.4852 1.9954 1.1214 1.5429 1.5293
4535 16
7 2 3 6 5 8 2 8
2.0052 4.0193 6.0488 7.5296 7.8673 9.0092 10.952 12.067
1.9797 2.0778 1.4574 1.4394 2.0663 0.91447 1.517 1.4853
4536 16
7 2 3 6 5 8 2 8
1.9641 3.9585 5.9135 7.5196 7.9268 9.0119 11 11.999
1.8943 2.0008 1.5189 1.5452 2.0332 1.0109 1.5306 1.5169
