42
1555 16
4 5 6 2 7
1.6241 2.8439 3.0302 3.148 4.8933
1.635 2.5438 2.4941 2.4526 2.2783
1556 16
6 4 5 8 8
1.1555 1.2623 6.8708 7.9699 10.36
1.8427 1.0007 1.5792 2.1574 2.666
1557 16
4 6 4 3 7 2 4 5
2.5906 4.0969 5.6386 7.3112 11.129 11.62 13.969 14.058
2.3245 2.5047 1.874 1.9726 1.5884 1.9265 1.8267 1.6989
1558 16
2 5 1 3
3.7734 8.7293 11.174 11.869
2.14 2.9456 1.6667 2.9699
1559 16
5 4 7 6 2 8
5.5159 8.1387 9.2399 9.6396 10.805 11.051
2.0469 1.6393 2.7226 2.5769 2.2011 1.8345
1560 16
1 4 3 7
1.9842 4.0714 5.9772 6.0712
1.5378 2.5272 1.5628 1.5567
1561 16
1 4 3 7
1.9978 3.9848 5.9523 5.9633
1.5136 2.5408 1.5118 1.4227
1562 16
1 4 3 7
1.9574 4.0498 6.0324 5.9918
1.4668 2.5576 1.5472 1.5312
1563 16
1 4 3 7
1.9484 3.8505 6.023 5.992
1.4901 2.5154 1.4785 1.5183
1564 16
2 6 2 8
4.001 7.3831 8.0102 8.9459
1.8881 1.4436 1.4984 0.99121
1565 16
2 6 2 8
3.954 7.5261 8.0074 8.9872
2.0018 1.4947 1.4803 1.0273
1566 16
2 6 2 8
3.955 7.5032 7.9473 9.0543
2.0564 1.5185 1.5248 1.0627
1567 16
2 6 2 8
4.0562 7.5393 7.9835 8.9613
2.0383 1.5304 1.4663 0.95653
1568 16
3 8 3 2 8 5
2.0097 4.9682 5.9291 8.0396 8.9891 11.982
1.4815 2.0696 1.5226 1.5741 1.0414 2.0173
1569 16
3 8 3 2 8 5
1.9553 4.9293 6.0573 7.9792 9.03 12.035
1.4753 2.0158 1.4151 1.5024 1.0942 2.0119
1570 16
3 8 3 2 8 5
2.0371 5.0476 6.0646 8.057 9.1164 11.987
1.4373 2.0571 1.4829 1.4656 1.0116 1.9161
1571 16
3 8 3 2 8 5
1.9715 4.9761 6.0331 8.0785 8.9495 12.093
1.4616 2.0967 1.4527 1.5461 0.96211 2.0476
1572 16
3 8 3 2 8 5
6.0206 9.0677 9.0099 11.014 12.047 12.042
1.5056 1.0061 1.4362 1.4453 1.4915 2.0074
1573 16
3 8 3 2 8 5
5.9363 8.9791 9.0052 11.017 12.129 11.943
1.4812 0.93664 1.4483 1.5277 1.5132 1.9659
1574 16
3 8 3 2 8 5
5.9505 8.9096 9.0613 11.098 11.958 12.024
1.4745 1.0228 1.4935 1.5038 1.5717 1.9944
1575 16
3 8 3 2 8 5
6.0791 9.0516 9.0433 11.044 12.021 12.055
1.5283 0.92462 1.4763 1.5897 1.5193 2.0012
1576 16
4 8 1 2 3 8
3.9753 4.949 6.0395 7.9473 8.9443 11.968
2.4397 1.9945 2.0961 1.497 1.5191 1.4285
1577 16
4 8 1 2 3 8
3.968 5.1234 5.9423 7.9791 8.9382 12.033
2.4499 2.0577 1.9617 1.5276 1.5116 1.4896
1578 16
4 8 1 2 3 8
4.0632 5.0458 6.016 8.0466 8.8931 12.035
2.5141 1.9357 1.9548 1.5607 1.4592 1.4824
1579 16
4 8 1 2 3 8
3.9232 5.0018 5.9777 8.0577 8.9834 11.952
2.507 2.043 2.1109 1.4749 1.4869 1.5287
1580 16
5 4 3 8 3 5
2.9851 4.0285 6.0213 8.9707 9.0492 11.956
1.5203 2.5106 1.497 0.9625 1.5195 1.9297
1581 16
5 4 3 8 3 5
3.0171 4.0494 6.0328 9.0253 9.0394 11.99
1.4518 2.5327 1.51 1.0057 1.5039 2.0175
1582 16
5 4 3 8 3 5
2.9607 3.9766 6.0166 8.9433 8.9441 12.018
1.5392 2.3903 1.4679 1.115 1.5747 1.9596
1583 16
5 4 3 8 3 5
3.0338 4.0252 6.101 9.0704 8.9625 12.048
1.4963 2.5393 1.4781 1.0171 1.4739 2.0414
1584 16
7 5 2 6 8 8
1.9947 3.0184 3.9978 7.5251 8.9319 11.946
2.018 1.4023 2.0494 1.486 0.95086 1.5309
1585 16
7 5 2 6 8 8
1.9672 3.0163 3.935 7.3947 9.0278 11.964
2.0741 1.4596 2.0081 1.5109 0.94335 1.5062
1586 16
7 5 2 6 8 8
2.0131 2.9968 4.0438 7.5058 8.955 11.993
2.0525 1.5172 1.9988 1.4547 1.007 1.4853
1587 16
7 5 2 6 8 8
1.992 2.9617 4.0325 7.5279 9.0541 12.063
2.0413 1.5824 1.895 1.529 0.92878 1.5979
1588 16
3 4 8 7 5 2
2.0331 4.0033 4.9811 6.0866 8.0019 10.969
1.5243 2.5109 1.9786 1.4741 2.0129 1.4909
1589 16
3 4 8 7 5 2
2.0054 4.0911 5.0964 5.9297 8.1525 11.018
1.4469 2.5205 1.9067 1.5506 2.0215 1.5379
1590 16
3 4 8 7 5 2
1.9294 4.0122 5.0325 6.1038 8.0743 11.058
1.4746 2.565 1.9439 1.5787 1.9907 1.4634
1591 16
3 7 5 8 7 8 2 5
2.0054 1.9827 3.0432 5.1103 5.9691 9.0018 10.964 12.071
1.5078 1.9366 1.4995 2.0019 1.4812 0.93776 1.5563 2.0097
1592 16
3 7 5 8 7 8 2 5
2.0148 1.9571 3.0308 5.04 6.0238 9.006 11.016 12.019
1.5114 1.9475 1.5695 2.0481 1.5 0.88629 1.4949 2.0168
1593 16
3 7 5 8 7 8 2 5
1.9519 2.0291 2.9461 4.878 5.9793 8.9915 11.067 11.993
1.488 1.963 1.4433 2.0092 1.4587 1.0088 1.4692 1.9754
1594 16
7 2 3 6 5 8 2 8
1.9654 3.9704 6.0872 7.5573 7.966 9.0158 10.922 12.009
1.9751 2.0477 1.5574 1.5576 2.0656 1.088 1.3964 1.4927
1595 16
7 2 3 6 5 8 2 8
1.9562 4.0176 5.9872 7.4625 7.9288 8.9475 11.122 12.073
1.9606 2.0968 1.3736 1.4157 1.988 0.94441 1.5106 1.582
1596 16
7 2 3 6 5 8 2 8
1.9651 3.9559 6.0688 7.4552 7.9835 9.0144 11.037 11.912
1.9959 2.1 1.4636 1.4764 1.9328 0.94679 1.4416 1.4752
