42
2689 16
2 3 7 4 3 6
1.2467 7.9015 8.1288 9.5315 11.303 11.411
1.1233 2.9927 1.2724 2.0263 1.0496 1.6406
2690 16
2 7 5 3
3.4821 10.905 10.956 11.259
2.3083 1.6732 2.8804 2.7757
2691 16
4 3 2 6 5 5
0.057064 0.29483 0.92662 8.2099 8.3074 11.288
2.9722 1.1615 1.8522 1.3686 1.4891 1.5655
2692 16
2 2 7 3 6 5 2
1.5558 4.6372 5.128 8.1307 11.57 12.51 12.786
1.7518 1.2054 1.8017 1.1427 2.8585 2.3282 2.2384
2693 16
5 6 7 5 4
2.9585 4.18 4.9339 5.1918 9.7947
1.1259 1.7745 2.1538 1.0207 1.9357
2694 16
1 4 3 7
1.9885 4.0168 5.9174 5.9868
1.5921 2.5368 1.5409 1.5908
2695 16
1 4 3 7
1.9674 4.0839 6.0866 5.9217
1.5096 2.4881 1.4485 1.4784
2696 16
1 4 3 7
1.9949 3.9049 5.9543 5.9994
1.5011 2.466 1.4935 1.4723
2697 16
1 4 3 7
2.0867 4.0436 6.0012 6.0197
1.4778 2.5077 1.3863 1.5319
2698 16
2 6 2 8
4.0587 7.4731 8.0555 9.0558
2.0198 1.4059 1.5218 0.97473
2699 16
2 6 2 8
3.9927 7.5703 7.9701 8.959
2.0573 1.5536 1.5679 0.96467
2700 16
2 6 2 8
4.0424 7.4755 8.0204 8.9026
1.9472 1.5359 1.5487 0.88059
2701 16
2 6 2 8
4.0857 7.5364 8.0305 9.0008
2.0089 1.5354 1.481 1.015
2702 16
3 8 3 2 8 5
2.0098 4.9509 6.0215 8.0266 8.9313 11.977
1.5591 2.0187 1.4464 1.4783 1.0406 2.0132
2703 16
3 8 3 2 8 5
1.9394 5.0001 5.9675 7.9957 9.0185 11.944
1.568 2.0031 1.5167 1.5161 1.0352 1.9942
2704 16
3 8 3 2 8 5
2.0248 5.0029 6.0315 8.0773 8.9961 11.952
1.5234 2.0447 1.46 1.4671 0.9535 2.0538
2705 16
3 8 3 2 8 5
2.057 5.0593 6.0235 7.991 8.9674 12.067
1.5223 2.0251 1.4442 1.4688 0.94424 2.0658
2706 16
3 8 3 2 8 5
5.973 9.0201 8.994 10.998 11.836 11.943
1.5063 1.003 1.5155 1.5754 1.5024 1.9253
2707 16
3 8 3 2 8 5
6.0069 8.9753 9.0116 11.048 11.905 12.045
1.4649 1.0771 1.4619 1.535 1.4454 1.9562
2708 16
3 8 3 2 8 5
6.0765 9.079 9.0403 10.94 12.002 11.979
1.4212 0.9313 1.4975 1.4891 1.4858 1.9817
2709 16
3 8 3 2 8 5
6.0705 9.1089 8.9345 11.051 12.042 12.035
1.501 0.95718 1.4999 1.6293 1.4824 1.9959
2710 16
4 8 1 2 3 8
3.9488 5.0279 5.924 8.0116 9.0327 11.924
2.53 2.0058 1.9678 1.4589 1.5291 1.5443
2711 16
4 8 1 2 3 8
4.0126 4.9796 5.8892 8.0349 9.025 12.089
2.4472 2.0249 1.9959 1.5308 1.4658 1.5908
2712 16
4 8 1 2 3 8
4.1045 4.9309 5.9395 8.0471 9.0643 11.997
2.5317 2.0656 1.9295 1.5062 1.4981 1.5471
2713 16
4 8 1 2 3 8
4.0467 4.9521 6.0769 7.9844 8.9411 12.011
2.5077 2.019 1.9706 1.5854 1.591 1.4888
2714 16
5 4 3 8 3 5
2.9528 4.0421 6.0072 8.9188 9.0252 12.016
1.5317 2.4381 1.4929 1.0028 1.5556 2.0071
2715 16
5 4 3 8 3 5
2.9639 3.9637 6.0341 9.0504 9.0453 11.925
1.5052 2.4181 1.5012 1.0323 1.4385 1.9178
2716 16
5 4 3 8 3 5
3.0168 4.0355 5.9593 8.9168 8.9585 12.048
1.4033 2.4917 1.438 1.0546 1.4501 2.0285
2717 16
5 4 3 8 3 5
2.9129 4.011 5.9641 8.9947 8.9376 11.967
1.4775 2.4489 1.4868 1.0578 1.5033 1.9717
2718 16
7 5 2 6 8 8
2.0592 2.9987 4.0351 7.4762 8.9516 12.05
2.0352 1.5577 1.9895 1.4719 0.98205 1.5436
2719 16
7 5 2 6 8 8
2.0722 3.0115 4.0157 7.4543 8.9824 11.933
2.032 1.5639 1.9617 1.4424 0.92758 1.541
2720 16
7 5 2 6 8 8
2.0031 2.9154 4.0314 7.4331 8.9676 12.022
1.962 1.454 2.0051 1.5829 0.9087 1.4551
2721 16
7 5 2 6 8 8
2.0812 3.07 4.036 7.4544 8.9816 11.971
2.084 1.4626 1.9569 1.4567 0.942 1.6524
2722 16
3 4 8 7 5 2
1.9601 3.9589 4.9928 5.9247 7.9901 10.918
1.4873 2.4364 2.0577 1.4567 2.0179 1.5281
2723 16
3 4 8 7 5 2
1.9845 3.9923 5.0155 6.0657 7.9437 10.886
1.5014 2.4963 1.9898 1.4684 2.0421 1.4775
2724 16
3 4 8 7 5 2
2.0034 4.0657 4.9648 5.9652 7.9928 11.026
1.5146 2.4893 1.9427 1.5592 2.057 1.4801
2725 16
3 7 5 8 7 8 2 5
1.9917 1.9443 2.9508 4.9793 6.0317 8.9633 10.962 12.053
1.5175 2.0445 1.5624 1.9956 1.4964 1.0031 1.4271 1.9313
2726 16
3 7 5 8 7 8 2 5
1.9595 2.101 3.0925 5.0402 5.9576 9.0441 10.986 12.052
1.5498 2.0616 1.4253 1.9782 1.4767 0.99211 1.5251 2.1112
2727 16
3 7 5 8 7 8 2 5
2.0226 1.9628 2.949 4.965 5.898 9.0161 11.014 12.008
1.4771 2.0387 1.563 2.0406 1.4349 0.94784 1.4794 2.0292
2728 16
7 2 3 6 5 8 2 8
2.0629 3.9984 6.0135 7.5237 7.9067 8.9485 11.04 11.899
1.9641 1.9848 1.4794 1.4224 2.0436 1.0237 1.4948 1.5766
2729 16
7 2 3 6 5 8 2 8
2.0268 3.9986 5.9514 7.467 7.9852 8.9756 10.998 11.974
1.9155 1.9798 1.4701 1.541 1.9935 0.89778 1.5602 1.6401
2730 16
7 2 3 6 5 8 2 8
2.0215 3.9471 6.0011 7.466 7.994 9.0244 10.98 11.962
2.0417 2.0039 1.4768 1.5294 2.0241 0.95372 1.4196 1.5047
