42
6091 16
1 7 4 5 8 2 4
1.3712 3.8187 5.6303 8.0531 9.7305 10.695 10.937
2.7883 2.7096 2.5783 2.6138 2.364 1.0179 2.5527
6092 16
3 1 2 6
2.363 4.814 6.851 7.9776
1.7762 1.2307 1.1911 1.0591
6093 16
7 1 6 7
0.52498 2.2247 5.3427 7.222
2.8719 1.613 1.0418 2.8791
6094 16
5 4 2 7 3 8
10.873 11.345 11.84 12.798 13.153 13.523
1.9255 2.402 2.6288 1.0259 1.8024 1.4242
6095 16
6 7 6 8 7 6
0.12267 0.1815 1.5849 4.8037 5.3259 9.8584
1.0515 2.4066 1.1363 2.6452 2.7011 2.7193
6096 16
1 4 3 7
2.0391 4.0403 6.0149 5.998
1.4733 2.5242 1.4471 1.5708
6097 16
1 4 3 7
2.0726 4.0193 5.932 6.1559
1.5072 2.4933 1.5531 1.6018
6098 16
1 4 3 7
1.9874 4.0733 5.9215 5.9677
1.4146 2.5551 1.4972 1.4847
6099 16
1 4 3 7
1.9349 4.1002 5.9024 5.9875
1.5412 2.541 1.5073 1.4364
6100 16
2 6 2 8
4.0194 7.5255 7.9562 9.0232
1.9074 1.5618 1.5333 0.98331
6101 16
2 6 2 8
4.0803 7.5244 8.0087 9.0578
1.9974 1.4053 1.5477 1.0315
6102 16
2 6 2 8
3.968 7.5299 8.0745 8.9673
2.0073 1.4483 1.4938 1.006
6103 16
2 6 2 8
3.9926 7.5019 8.0344 8.9842
1.9687 1.4897 1.5358 0.94877
6104 16
3 8 3 2 8 5
2.0604 5.0046 5.98 7.9619 8.9789 11.993
1.5255 2.0423 1.4981 1.61 1.0254 2.107
6105 16
3 8 3 2 8 5
2.0236 4.9816 5.9969 7.9648 8.9745 12.077
1.5541 2.0476 1.3969 1.5504 1.0283 2.0648
6106 16
3 8 3 2 8 5
2.0309 5.0579 6.033 8.0803 8.967 12.05
1.4092 1.9973 1.5156 1.549 0.96214 1.9397
6107 16
3 8 3 2 8 5
2.1032 4.9881 6.0277 7.9408 9.094 12.063
1.3712 1.9427 1.5193 1.5065 0.96097 2.0835
6108 16
3 8 3 2 8 5
5.9609 9.0123 8.9942 11.001 11.898 12.011
1.5206 1.043 1.4226 1.5123 1.4855 1.9189
6109 16
3 8 3 2 8 5
5.9927 8.9583 8.9785 11.066 11.997 12.011
1.4723 0.96418 1.5288 1.5118 1.457 1.9753
6110 16
3 8 3 2 8 5
6.0417 8.9734 9.0575 10.928 11.911 12.011
1.4977 1.0584 1.5092 1.4775 1.453 2.0682
6111 16
3 8 3 2 8 5
5.9807 9.0536 8.9834 10.999 11.927 12.031
1.5164 1.0459 1.5971 1.5189 1.4388 1.9096
6112 16
4 8 1 2 3 8
3.9444 5.0254 6.0325 7.9206 8.943 12.063
2.4378 1.9427 1.9602 1.5818 1.516 1.4587
6113 16
4 8 1 2 3 8
3.8692 4.9939 5.9233 8.0229 8.9963 11.998
2.4514 1.9548 2.0213 1.5276 1.4776 1.5166
6114 16
4 8 1 2 3 8
3.9938 5.0834 5.9793 7.9771 9.0123 12.053
2.6573 1.9287 2.0065 1.5788 1.5107 1.5376
6115 16
4 8 1 2 3 8
3.919 4.9463 5.9767 8.0475 9.0373 11.956
2.5595 2.0876 2.0231 1.5214 1.5055 1.53
6116 16
5 4 3 8 3 5
2.9568 4.0318 5.9417 9.0227 8.9781 11.955
1.569 2.4553 1.4912 1.045 1.5036 1.9955
6117 16
5 4 3 8 3 5
2.9464 3.9287 6.0392 8.9056 9.0062 12.077
1.6034 2.5213 1.5104 1.0331 1.4687 1.9685
6118 16
5 4 3 8 3 5
3.0279 4.0488 6.0505 9.0812 8.9606 11.974
1.3824 2.5299 1.481 0.95582 1.5206 1.9942
6119 16
5 4 3 8 3 5
3.044 3.9485 5.9969 8.9185 8.9886 12.04
1.5023 2.5067 1.5724 1.0517 1.5763 1.951
6120 16
7 5 2 6 8 8
2.0337 3.0784 4.067 7.3968 8.9291 11.961
1.8858 1.6133 2.0308 1.5439 1.1114 1.5311
6121 16
7 5 2 6 8 8
2.0244 2.9184 3.9895 7.4444 8.9789 12.012
1.9765 1.5086 2.0981 1.4696 0.96368 1.4293
6122 16
7 5 2 6 8 8
1.9566 2.936 3.9733 7.4617 8.9754 11.988
1.9367 1.4915 2.0578 1.5232 0.98123 1.4518
6123 16
7 5 2 6 8 8
1.9185 3.0024 4.0432 7.4981 8.8748 11.985
1.9885 1.3971 2.0133 1.5026 1.0539 1.4737
6124 16
3 4 8 7 5 2
2.0168 3.964 5.026 6.0027 7.9807 10.991
1.5302 2.527 2.0008 1.5554 2.0241 1.3586
6125 16
3 4 8 7 5 2
1.9451 4.1092 4.9908 5.9055 8.0593 10.922
1.5143 2.5167 1.937 1.4452 2.0006 1.4716
6126 16
3 4 8 7 5 2
2.0361 3.967 5.013 5.9599 8.0243 11.01
1.4561 2.5039 1.9358 1.4238 2.078 1.4769
6127 16
3 7 5 8 7 8 2 5
2.0261 1.9512 3.0218 4.8858 6.0186 8.9819 11.009 11.938
1.4175 1.9728 1.554 1.9574 1.4508 1.0036 1.5152 1.9948
6128 16
3 7 5 8 7 8 2 5
2.0376 2.1039 3.0476 5.0105 5.9909 9.0131 10.943 12.018
1.5009 1.9147 1.504 2.0863 1.5128 1.0015 1.4687 2.0244
6129 16
3 7 5 8 7 8 2 5
1.9798 1.9593 2.9371 4.866 6.0516 9.0027 11.073 11.964
1.4737 2.0448 1.386 1.9624 1.5223 0.90822 1.4144 1.9831
6130 16
7 2 3 6 5 8 2 8
1.9248 3.9869 6.0295 7.476 7.9429 8.9713 11.061 12.042
1.9931 2.033 1.4491 1.5325 2.0723 0.96652 1.4809 1.3849
6131 16
7 2 3 6 5 8 2 8
1.9449 3.8845 6.0019 7.5637 7.915 9.0819 10.994 12.015
2.0308 2.0087 1.5106 1.5266 2.0244 0.97151 1.5144 1.4801
6132 16
7 2 3 6 5 8 2 8
2.048 4.0045 6.008 7.4635 8.0768 8.9886 10.933 11.932
2.082 1.9705 1.5152 1.4739 1.9689 1.1023 1.4875 1.5962
