42
3193 16
1 8 3 5 2 6 7
0.75099 4.8534 5.872 6.3788 9.8 13.501 13.57
2.788 2.51 2.2453 2.9135 1.5855 2.3263 1.5
3194 16
3 7 3 4 1 3
4.0785 5.412 6.501 9.2259 11.597 13.245
1.1223 1.7918 2.8009 2.3208 1.8763 1.4128
3195 16
5 3 5 2
0.20808 3.876 6.3346 13.185
2.224 2.4212 1.3111 2.6804
3196 16
5 8 3 6 4 7 5 8
0.5119 0.81995 2.3433 4.263 10.471 10.856 11.518 13.503
2.0381 1.4442 2.4934 2.0541 2.4618 2.0376 1.9594 2.0013
3197 16
6 4 3 7 1
1.6966 2.4574 2.9515 7.4121 8.4255
2.2916 2.6177 2.6164 1.5235 1.7531
3198 16
1 4 3 7
1.9891 4.0145 5.9965 6.0367
1.4853 2.5458 1.548 1.531
3199 16
1 4 3 7
2.0857 3.8871 5.9767 6.0008
1.4195 2.4268 1.4553 1.5316
3200 16
1 4 3 7
1.963 4.0913 6.047 5.9495
1.4768 2.4898 1.5349 1.5095
3201 16
1 4 3 7
1.9999 3.9023 6.015 5.9806
1.5161 2.5228 1.5389 1.5584
3202 16
2 6 2 8
4.0786 7.4945 7.9549 9.0883
2.0513 1.5443 1.4896 0.99156
3203 16
2 6 2 8
3.9794 7.5235 8.0138 9.0477
1.9767 1.6048 1.4373 0.99088
3204 16
2 6 2 8
4.0168 7.4474 8.0211 8.9835
1.972 1.5327 1.3813 1.0013
3205 16
2 6 2 8
4.0158 7.4179 8.0396 9.035
1.9799 1.5035 1.5353 1.0289
3206 16
3 8 3 2 8 5
2.0122 4.9713 6.009 8.0134 9.0047 11.968
1.3619 1.9718 1.5665 1.508 1.0029 1.9874
3207 16
3 8 3 2 8 5
1.9449 4.998 6.0451 8.0064 9.0218 12.094
1.4719 2.0454 1.5294 1.4989 1.0057 1.9816
3208 16
3 8 3 2 8 5
1.974 5.0053 6.0008 8.0307 8.9401 11.98
1.4772 1.9238 1.4522 1.5672 0.99946 2.0616
3209 16
3 8 3 2 8 5
1.9006 4.9705 5.9395 7.9538 8.9861 11.98
1.4999 2.0568 1.4655 1.5315 1.0898 1.9822
3210 16
3 8 3 2 8 5
5.9393 9.0297 9.0278 11.025 11.963 11.964
1.4628 1.0159 1.4577 1.5052 1.4667 2.0145
3211 16
3 8 3 2 8 5
6.0385 8.9927 8.8871 11.02 11.972 12.008
1.4577 0.96158 1.4775 1.4842 1.405 1.9023
3212 16
3 8 3 2 8 5
6.0248 9.0083 9.0745 10.967 12.009 12.095
1.5656 0.93876 1.446 1.5535 1.522 2.0382
3213 16
3 8 3 2 8 5
5.909 9.034 8.9518 11.012 12.035 11.93
1.471 0.91101 1.4448 1.4616 1.555 1.9611
3214 16
4 8 1 2 3 8
3.9295 4.9919 6.0002 7.934 8.9747 11.916
2.5205 1.9439 2.0552 1.4883 1.4966 1.4593
3215 16
4 8 1 2 3 8
3.9952 4.9578 5.9531 7.991 9.0317 11.967
2.4435 1.9604 2.0815 1.4793 1.475 1.458
3216 16
4 8 1 2 3 8
3.8919 5.0609 6.0232 8.055 8.9851 11.937
2.3817 1.9544 2.0028 1.4965 1.5027 1.5538
3217 16
4 8 1 2 3 8
4.0383 4.9607 5.9423 8.0385 8.9687 12.022
2.4463 1.967 2.0112 1.4733 1.5114 1.4853
3218 16
5 4 3 8 3 5
2.9248 3.9977 6.0366 8.9383 8.9428 11.983
1.6071 2.4631 1.4763 1.0729 1.4841 1.9503
3219 16
5 4 3 8 3 5
2.9888 4.012 5.9758 9.0158 8.9874 11.942
1.4701 2.5231 1.4738 0.99726 1.5614 2.0278
3220 16
5 4 3 8 3 5
2.9917 4.0039 6.0159 8.9676 9.0747 11.965
1.512 2.5156 1.5327 1.0229 1.5372 1.9872
3221 16
5 4 3 8 3 5
2.9363 4.0419 6.0272 9.0181 8.9915 11.956
1.5178 2.4281 1.4606 0.86994 1.5127 1.98
3222 16
7 5 2 6 8 8
1.9577 2.9928 4.0001 7.4726 9.0136 11.967
2.0548 1.4478 2.02 1.4719 1.0335 1.5056
3223 16
7 5 2 6 8 8
2.0397 2.9859 4.005 7.5107 9.0072 12.028
1.9827 1.5551 1.9764 1.5373 0.92817 1.4412
3224 16
7 5 2 6 8 8
1.9564 2.9334 3.9446 7.6216 9.074 11.981
2.0367 1.3752 2.061 1.5305 1.0224 1.4798
3225 16
7 5 2 6 8 8
1.9846 3.0062 4.0381 7.5458 8.9817 12.004
1.9426 1.495 2.0039 1.4355 0.99956 1.4937
3226 16
3 4 8 7 5 2
2.0392 3.925 4.9569 6.0102 8.0054 10.867
1.5035 2.579 2.0847 1.5595 1.9888 1.4938
3227 16
3 4 8 7 5 2
2.0098 3.9878 5.0138 6.0561 8.022 11.044
1.4905 2.4543 2.0086 1.5076 1.9673 1.4943
3228 16
3 4 8 7 5 2
2.0201 4.019 5.0377 6.0422 7.9777 10.978
1.6045 2.5588 1.9718 1.461 2.0244 1.4591
3229 16
3 7 5 8 7 8 2 5
1.9797 1.9558 3.0593 5.0204 5.9848 9.0183 11.003 11.96
1.4204 2.037 1.4765 1.9887 1.559 0.96515 1.4922 1.9164
3230 16
3 7 5 8 7 8 2 5
2.0384 2.0032 2.9736 5.0945 6.0688 8.9448 11.038 12.047
1.4884 2.0294 1.4753 2.077 1.4776 1.0155 1.5317 1.9751
3231 16
3 7 5 8 7 8 2 5
1.9979 2.0344 3.1458 4.9809 6.0963 8.9449 10.961 11.98
1.4587 2.072 1.4622 2.039 1.4311 0.9778 1.4479 2.0988
3232 16
7 2 3 6 5 8 2 8
2.0291 3.9376 5.9952 7.5044 8.0163 8.969 11.038 12.053
1.9947 1.9242 1.5163 1.5173 1.9398 0.99679 1.5645 1.4437
3233 16
7 2 3 6 5 8 2 8
2.0812 3.9846 6.09 7.4265 7.957 9.0573 10.977 11.941
2.016 1.9648 1.4062 1.432 2.0987 0.95192 1.447 1.4751
3234 16
7 2 3 6 5 8 2 8
1.8506 4.0063 6.0363 7.5121 7.9663 9.0124 10.977 12.025
2.0157 2.027 1.4124 1.4379 1.969 0.97908 1.5302 1.5542
