41
6803 16
3 4 7 4 8 6
1.0733 4.4665 6.7802 11.571 12.288 12.323
2.997 2.1375 1.56 1.801 2.8987 2.3869
6804 16
6 5 2 4 4 1 3 7
4.5874 6.2679 7.2857 8.8482 11.938 12.05 12.517 12.685
1.7558 1.1343 1.704 2.7403 1.6387 2.2872 1.7832 2.5066
6805 16
6 4 8 2 5 7 6 2
2.9599 3.1128 4.7579 5.163 7.0029 10.816 11.632 12.996
1.4275 2.6283 2.9896 2.4936 1.2447 2.1662 1.5991 2.0815
6806 16
7 5 1 3 7
4.0238 6.6118 9.9402 10.368 11.45
1.9745 2.9279 2.8079 2.1483 2.2342
6807 16
4 8 4 4 4 7 5
1.606 3.3153 3.4788 6.5995 11.643 12.558 13.268
1.5142 1.905 1.6862 1.2112 2.0261 2.8798 1.8813
6808 16
1 4 3 7
2.0485 4.0366 5.9849 5.9975
1.5188 2.4891 1.5298 1.4945
6809 16
1 4 3 7
1.965 4.0192 5.906 6.0127
1.5446 2.4054 1.4312 1.5133
6810 16
1 4 3 7
2.0126 4.0027 6.0247 5.9904
1.4732 2.4511 1.4408 1.4533
6811 16
1 4 3 7
2.0625 3.996 6.0292 5.987
1.5134 2.5687 1.5778 1.4939
6812 16
2 6 2 8
4.0045 7.4623 8.0305 8.9912
2.0926 1.4416 1.4847 1.0229
6813 16
2 6 2 8
3.9933 7.5093 8.0961 9.0068
2.0448 1.448 1.5034 1.0356
6814 16
2 6 2 8
4.015 7.5597 8.0186 8.9215
2.0143 1.5534 1.6028 0.97659
6815 16
2 6 2 8
3.9372 7.4442 8.0589 9.0082
2.1083 1.434 1.4457 1.0027
6816 16
3 8 3 2 8 5
2.0295 5.0224 6.0494 8.0323 8.977 12.015
1.5117 1.9163 1.5764 1.4893 0.98921 2.083
6817 16
3 8 3 2 8 5
2.0633 5.0142 5.989 7.9385 8.9731 12.023
1.5226 1.9553 1.4731 1.5243 1.0375 1.997
6818 16
3 8 3 2 8 5
1.9724 4.9908 5.976 8.0041 8.9846 12.013
1.5369 2.0124 1.4805 1.5297 0.97541 1.9692
6819 16
3 8 3 2 8 5
2.0789 5.0086 6.0477 8.0685 9.0123 12.047
1.4782 1.9568 1.473 1.5349 0.94253 2.0466
6820 16
3 8 3 2 8 5
5.949 9.0317 8.9707 11.076 11.995 12.055
1.4888 0.98968 1.4279 1.5354 1.5426 1.9566
6821 16
3 8 3 2 8 5
5.9325 8.9744 9.1169 10.893 11.955 11.999
1.5866 0.99521 1.5362 1.4376 1.473 2.1151
6822 16
3 8 3 2 8 5
6.0147 8.9954 9.0286 11.033 12.087 11.918
1.5641 0.89025 1.4466 1.4564 1.4941 2.0649
6823 16
3 8 3 2 8 5
6.0101 8.9102 8.9409 10.962 12.006 12.081
1.4807 1.0266 1.5168 1.4734 1.5186 1.9912
6824 16
4 8 1 2 3 8
4.0628 5.0795 6.0112 8.0066 8.9522 12.052
2.5477 2.0719 2.0053 1.5404 1.4447 1.5173
6825 16
4 8 1 2 3 8
3.9105 5.0111 6.0597 7.9637 8.9615 12.029
2.5618 1.9778 2.0411 1.4636 1.5368 1.5273
6826 16
4 8 1 2 3 8
3.9887 4.9757 5.9208 7.954 9.0129 11.907
2.5759 1.997 2.0438 1.5224 1.5044 1.4917
6827 16
4 8 1 2 3 8
3.98 4.8956 5.9787 8.018 9.0077 11.962
2.4545 2.0362 1.9949 1.5555 1.4891 1.4697
6828 16
5 4 3 8 3 5
3.0148 4.0485 6.0493 8.8798 9.0167 12.038
1.5167 2.5303 1.508 1.0018 1.4529 2.0021
6829 16
5 4 3 8 3 5
3.0287 3.9877 6.0225 9.0114 9.1239 11.935
1.3675 2.4276 1.4593 0.95793 1.4933 1.9274
6830 16
5 4 3 8 3 5
3.0803 4.0641 6.0163 8.9572 8.9539 12.12
1.5146 2.5017 1.4644 1.052 1.5637 2.0244
6831 16
5 4 3 8 3 5
2.9883 3.9933 6.0212 9.0435 9.0794 12.052
1.5066 2.4522 1.5131 1.04 1.4276 1.9459
6832 16
7 5 2 6 8 8
2.0153 3.0439 4.0245 7.5622 9.0034 11.983
2.067 1.4517 1.9855 1.453 0.96584 1.4159
6833 16
7 5 2 6 8 8
1.9928 2.9356 4.0394 7.4961 9.0352 12.004
1.9429 1.4337 2.018 1.5877 0.99602 1.4626
6834 16
7 5 2 6 8 8
2.0718 3.0258 4.0169 7.622 8.9377 12.17
1.9337 1.4994 1.9779 1.377 1.0062 1.5024
6835 16
3 4 8 7 5 2
2.0018 3.998 4.9507 6.0338 8.0183 10.987
1.4943 2.5108 1.9448 1.4784 1.9762 1.5433
6836 16
3 4 8 7 5 2
2.0116 3.9047 4.9353 5.9903 8.0373 10.974
1.4949 2.5157 1.9612 1.5217 2.0075 1.5051
6837 16
3 4 8 7 5 2
1.9671 4.0155 5.0178 6.0183 8.0849 10.912
1.4916 2.4239 2.0128 1.5103 2.0951 1.4874
6838 16
3 7 5 8 7 8 2 5
1.972 2.002 3.0296 5.0549 5.9614 9.0321 10.957 11.918
1.4779 2.1424 1.4695 1.9989 1.5291 0.97381 1.4496 1.9387
6839 16
3 7 5 8 7 8 2 5
2.0285 1.9465 3.0692 5.0543 6.0417 8.9812 11.043 11.993
1.5135 2.0135 1.4128 2.0061 1.5679 1.0013 1.4358 1.9542
6840 16
3 7 5 8 7 8 2 5
2.0407 2.0358 3.0169 5.0202 6.0126 9.0106 11.04 12.053
1.4839 1.9527 1.4823 1.9499 1.4487 0.98066 1.4358 2.0483
6841 16
7 2 3 6 5 8 2 8
1.9685 3.9727 6.0581 7.5256 7.9196 9.0621 10.967 11.964
2.0514 1.9825 1.5006 1.5095 2.0926 1.037 1.5791 1.4797
6842 16
7 2 3 6 5 8 2 8
2.0786 4.0682 5.9698 7.5537 7.9767 8.9736 10.999 12.02
2.0538 1.9965 1.469 1.5321 1.9734 0.98238 1.463 1.5574
6843 16
7 2 3 6 5 8 2 8
1.9804 4.0844 5.953 7.4822 7.954 8.9606 11.04 11.983
2.0057 2.0109 1.4334 1.3674 2.0328 0.94058 1.5463 1.5591
