42
6343 16
6 3 7 5 2 5 4
2.321 3.9255 4.1742 6.388 6.5481 9.5595 12.96
2.2601 1.9085 2.336 2.6549 2.6025 2.8286 1.784
6344 16
4 5 1 4
1.8903 3.8888 5.6498 11.803
1.2323 2.7052 2.6123 2.5118
6345 16
2 6 2 8 7 6
3.6036 5.6528 5.7828 7.5447 8.1965 9.0438
2.0718 1.8103 2.5086 1.5509 2.2005 1.7663
6346 16
7 2 1 3 2 8 1
2.1994 2.8703 4.8354 5.839 7.5847 9.5864 10.472
2.7187 1.598 2.5982 1.9838 2.0377 1.3388 1.9315
6347 16
6 1 4 6 5 3 7
0.45862 3.1775 3.3334 4.3096 5.1278 12.038 12.165
2.6975 2.2037 1.488 2.9156 2.0591 2.7137 1.9439
6348 16
1 4 3 7
1.9612 4.0581 5.9606 5.8939
1.5589 2.4206 1.5209 1.4842
6349 16
1 4 3 7
2.0064 3.9547 6.0048 6.0289
1.5434 2.5301 1.4327 1.5903
6350 16
1 4 3 7
2.0241 4.0484 5.9931 5.9288
1.5766 2.5243 1.4938 1.4154
6351 16
1 4 3 7
1.9885 3.9495 5.9702 5.9535
1.5512 2.4543 1.5159 1.4861
6352 16
2 6 2 8
4.0362 7.5201 7.9646 8.8942
1.9248 1.5128 1.4698 0.99308
6353 16
2 6 2 8
3.9854 7.5121 8.0244 8.9601
2.0821 1.4915 1.5321 1.1091
6354 16
2 6 2 8
3.9889 7.4838 7.9868 8.9684
1.9896 1.4851 1.598 0.99182
6355 16
2 6 2 8
4.0412 7.4588 7.9775 9.0493
2.0464 1.565 1.4662 1.0028
6356 16
3 8 3 2 8 5
1.9904 4.9778 6.0228 8.0082 9.0328 12.004
1.513 1.9964 1.4738 1.5928 1.0228 2.046
6357 16
3 8 3 2 8 5
1.9286 4.9868 5.9103 7.9408 8.9904 11.993
1.5822 1.9605 1.4664 1.4934 0.98216 2.0357
6358 16
3 8 3 2 8 5
2.0774 5.0052 5.9855 7.9834 9.1332 11.894
1.5204 2.0893 1.4609 1.5099 0.97601 1.9441
6359 16
3 8 3 2 8 5
1.969 5.0018 6.0183 8.0334 9.042 12.067
1.5404 2.0272 1.5069 1.5378 1.1145 1.9292
6360 16
3 8 3 2 8 5
6.0334 8.9639 9.0176 11.032 11.937 12.044
1.4176 1.103 1.4861 1.4418 1.5709 2.0974
6361 16
3 8 3 2 8 5
6.1196 8.9982 8.993 11.053 12.095 11.995
1.5656 1.0942 1.5029 1.5296 1.3448 2.0278
6362 16
3 8 3 2 8 5
5.954 9.033 8.9608 10.978 12.02 12.057
1.5423 1.0554 1.4975 1.4651 1.5284 1.9967
6363 16
3 8 3 2 8 5
6.0269 9.0382 9.0099 10.915 12.004 11.972
1.4683 0.9144 1.4672 1.5567 1.4777 1.9221
6364 16
4 8 1 2 3 8
4.0845 4.9808 6.1057 7.9522 8.8855 11.982
2.5088 2.0689 1.9834 1.5453 1.483 1.4237
6365 16
4 8 1 2 3 8
3.9312 4.987 5.9932 8.031 8.9578 11.943
2.5117 2.0467 2.0728 1.4464 1.5029 1.4907
6366 16
4 8 1 2 3 8
3.9869 5.0138 6.0055 8.0566 9.0021 11.973
2.5475 1.9901 1.9888 1.5068 1.399 1.4367
6367 16
4 8 1 2 3 8
4.0106 4.9638 5.9473 8.0128 8.9653 11.973
2.5435 1.9275 1.9986 1.5593 1.4602 1.4804
6368 16
5 4 3 8 3 5
2.9738 3.9407 6.0518 8.9818 9.0567 12.141
1.4948 2.4857 1.4908 1.0166 1.4554 1.9877
6369 16
5 4 3 8 3 5
3.0324 4.0555 6.0023 9.0315 8.9591 12.02
1.5027 2.4923 1.4269 1.0148 1.5312 1.9991
6370 16
5 4 3 8 3 5
3.0161 3.9933 6.0677 8.9336 9.0496 12.026
1.4877 2.5254 1.4794 0.95259 1.4908 2.0185
6371 16
5 4 3 8 3 5
2.9742 4.072 6.0081 8.9944 9.0468 12.02
1.4671 2.4097 1.3526 0.97727 1.4588 1.9393
6372 16
7 5 2 6 8 8
2.0003 3.1066 3.9903 7.4981 8.9169 11.924
1.9543 1.4207 1.9626 1.4794 1.045 1.4901
6373 16
7 5 2 6 8 8
2.0104 3.0522 4.0326 7.4651 9.0428 12.051
1.9321 1.5664 1.9626 1.5426 0.97814 1.5054
6374 16
7 5 2 6 8 8
2.0229 2.9236 4.0007 7.4953 9.0516 12.038
2.0097 1.5531 1.9512 1.5339 0.98907 1.4968
6375 16
7 5 2 6 8 8
2.0189 3.0074 4.0301 7.5121 8.9293 12.015
1.9061 1.456 2.0664 1.5165 0.99855 1.535
6376 16
3 4 8 7 5 2
2.0368 3.9957 5.0545 6.0647 8.0368 11.076
1.5401 2.591 2.0565 1.4596 1.9794 1.5575
6377 16
3 4 8 7 5 2
2.0212 4.073 5.0781 6.0478 7.9173 10.974
1.4869 2.5886 2.0021 1.563 2.0298 1.4767
6378 16
3 4 8 7 5 2
2.0046 3.9721 4.9726 6.0488 8.0178 10.966
1.52 2.4965 1.8385 1.4558 2.0011 1.4659
6379 16
3 7 5 8 7 8 2 5
2.0193 1.9956 2.9353 4.9693 5.9588 8.9568 10.978 12.042
1.4746 2.041 1.4971 1.9902 1.4528 1.0331 1.4045 2.1182
6380 16
3 7 5 8 7 8 2 5
1.9967 2.026 3.0707 4.9832 5.9671 9.0361 11.034 12.009
1.5333 1.9893 1.5473 1.9657 1.5061 0.988 1.4458 1.9946
6381 16
3 7 5 8 7 8 2 5
1.9109 1.9358 2.9698 5.1116 5.9375 8.943 10.908 12.029
1.4867 2.0009 1.5818 2.0381 1.4793 0.97196 1.506 1.9429
6382 16
7 2 3 6 5 8 2 8
1.9062 3.9948 5.963 7.4183 8.1062 8.9844 10.992 12.11
1.9962 2.0173 1.519 1.5255 2.09 1.0352 1.4736 1.4693
6383 16
7 2 3 6 5 8 2 8
2.0043 3.981 6.0742 7.513 8.1013 8.9794 10.828 11.973
2.0042 1.9578 1.4875 1.5677 1.9815 0.93068 1.4209 1.4682
6384 16
7 2 3 6 5 8 2 8
1.98 3.9496 6.0311 7.4616 7.9903 9.0288 11.049 11.97
1.9623 2.0557 1.4863 1.4323 1.9911 0.92991 1.4684 1.4791
