42
5041 16
2 6 7 6 2 7
0.5619 1.2797 3.2644 3.8967 6.5679 11.257
2.1354 1.7738 1.8053 2.4877 2.0426 2.7501
5042 16
6 4 5 4 5 3
0.99671 6.11 7.4458 10.644 11.614 14.011
1.8156 2.607 2.2505 1.1689 1.8879 1.0846
5043 16
2 6 7 4 5 7 5
1.4832 2.244 2.6666 7.6211 8.3962 10.041 13.272
1.8968 1.8486 2.4388 2.3396 2.3781 1.4705 1.3959
5044 16
4 5 7 4
2.5284 3.6884 4.4989 8.0903
1.9368 1.7689 1.4087 1.0878
5045 16
2 8 7 6 6 1 2 7
2.3255 2.3505 4.2203 8.8447 11.731 11.987 11.991 12.687
1.5344 1.4422 2.4293 2.5761 2.3584 1.7865 2.1145 2.6987
5046 16
1 4 3 7
1.8978 4.0316 6.0588 6.0605
1.3705 2.522 1.5736 1.4461
5047 16
1 4 3 7
2.0054 4.0803 6.0695 5.9705
1.5531 2.4508 1.5291 1.5084
5048 16
1 4 3 7
2.0301 4.1026 5.9201 5.963
1.4818 2.5187 1.5848 1.5347
5049 16
1 4 3 7
2.1206 3.9027 6.0269 6.0873
1.4592 2.5073 1.6031 1.4556
5050 16
2 6 2 8
4.0474 7.4853 7.963 9.0254
1.9529 1.4555 1.4624 1.0467
5051 16
2 6 2 8
4.0129 7.4425 7.8813 9.0516
2.0449 1.5387 1.4622 1.0341
5052 16
2 6 2 8
3.975 7.6226 8.0276 8.994
1.9326 1.4196 1.5151 0.97146
5053 16
2 6 2 8
3.908 7.5232 8.0372 9.0471
2.0238 1.5446 1.4421 1.0681
5054 16
3 8 3 2 8 5
2.0116 5.0261 6.0524 8.0121 9.0498 11.963
1.4809 2.0528 1.4675 1.4113 0.97012 1.9961
5055 16
3 8 3 2 8 5
2.0028 4.9798 5.9137 7.9763 8.9384 12.008
1.4814 1.9587 1.4505 1.5339 0.95699 1.9976
5056 16
3 8 3 2 8 5
1.9575 4.9897 5.9616 7.9447 9.0007 11.982
1.5486 2.0128 1.5507 1.4887 1.0103 1.996
5057 16
3 8 3 2 8 5
1.9796 4.9778 5.9944 8.0251 9.0171 12.02
1.5268 2.0189 1.4734 1.5941 0.89333 1.907
5058 16
3 8 3 2 8 5
6.0189 9.0002 8.9712 11.09 11.984 12.045
1.4737 1.0155 1.5987 1.4736 1.5265 1.9461
5059 16
3 8 3 2 8 5
5.981 8.9526 9.0482 10.922 12.018 11.921
1.5427 0.96433 1.4136 1.4477 1.5266 2.0325
5060 16
3 8 3 2 8 5
5.9793 9.0272 8.9452 10.998 11.957 11.967
1.4724 1.0076 1.3601 1.5075 1.4475 2.028
5061 16
3 8 3 2 8 5
6.0311 9.0307 9.013 11.024 11.967 11.996
1.5362 1.0379 1.6346 1.5469 1.4718 2.0294
5062 16
4 8 1 2 3 8
4.0939 5.031 6.0085 7.9589 9.0005 12.036
2.5993 1.9781 2.0743 1.5391 1.4743 1.5167
5063 16
4 8 1 2 3 8
3.9813 5.0126 5.9156 7.922 9.0485 12.029
2.5388 1.9368 2.006 1.502 1.5234 1.5304
5064 16
4 8 1 2 3 8
4.0124 4.972 6.0286 7.9391 8.988 11.976
2.445 2.0116 1.9601 1.4357 1.4773 1.4755
5065 16
4 8 1 2 3 8
3.9489 5.0327 6.0905 7.9955 8.9708 12.023
2.4801 1.9684 1.9813 1.5174 1.4762 1.4083
5066 16
5 4 3 8 3 5
2.9567 3.9713 5.9909 9.0084 9.1014 11.994
1.5237 2.5053 1.5451 1.0065 1.5746 2.0533
5067 16
5 4 3 8 3 5
3.0167 3.8986 6.1253 9.0025 9.0057 12.032
1.5137 2.5265 1.5404 0.96587 1.4547 1.9939
5068 16
5 4 3 8 3 5
2.9912 3.9604 6.0411 8.9681 9.0421 12.062
1.5158 2.5438 1.4758 1.0358 1.6155 1.9489
5069 16
5 4 3 8 3 5
3.0124 4.0123 6.0448 8.9886 9.0327 11.964
1.6143 2.3903 1.4423 1.0397 1.5338 2.02
5070 16
7 5 2 6 8 8
2.0032 3.051 3.9675 7.5431 9.022 12.044
1.9994 1.5097 2.0903 1.4635 1.0466 1.5258
5071 16
7 5 2 6 8 8
2.0022 3.0146 4.0206 7.5135 8.9829 12.006
2.0508 1.5709 1.9107 1.4937 0.91023 1.4937
5072 16
7 5 2 6 8 8
2.027 2.9473 4.0055 7.5155 9.0148 12.024
1.8992 1.4791 2.008 1.472 0.98914 1.4462
5073 16
7 5 2 6 8 8
1.9934 2.9967 3.9417 7.5597 8.9588 11.969
2.0442 1.4587 1.9738 1.5041 1.0139 1.5465
5074 16
3 4 8 7 5 2
1.9371 3.9582 5.0087 6.0619 8.0402 10.986
1.4832 2.5273 2.0186 1.4353 2.0051 1.4983
5075 16
3 4 8 7 5 2
1.9709 3.9963 5.0331 5.9997 8.0538 10.993
1.5703 2.5467 1.9894 1.5431 2.043 1.5286
5076 16
3 4 8 7 5 2
2.0337 3.9705 5.006 5.9233 7.9099 10.992
1.4873 2.5334 1.9337 1.5596 2.0439 1.4047
5077 16
3 7 5 8 7 8 2 5
1.9731 1.933 3.0914 4.9392 5.9968 8.9965 11.036 12.07
1.5532 1.9562 1.4437 2.0483 1.5265 1.0466 1.4796 1.9894
5078 16
3 7 5 8 7 8 2 5
1.9689 1.9334 3.0459 4.9441 5.9725 8.9397 11.071 12.039
1.5123 1.995 1.4451 2.0555 1.4063 0.9912 1.508 1.9166
5079 16
3 7 5 8 7 8 2 5
2.0214 2.0701 3.0611 4.97 5.9297 9.024 11.001 11.99
1.4574 2.0523 1.5358 2.0229 1.5175 0.98661 1.5117 1.9753
5080 16
7 2 3 6 5 8 2 8
2.0052 4.0465 6.008 7.5354 8.0486 9.031 10.966 11.969
1.9495 2.0328 1.5556 1.5557 1.9395 0.93729 1.5566 1.4768
5081 16
7 2 3 6 5 8 2 8
2.0243 4.0029 5.9205 7.5643 7.9322 8.9701 10.953 11.987
1.8966 1.9995 1.466 1.5225 2.0144 1.0054 1.4957 1.4065
5082 16
7 2 3 6 5 8 2 8
1.8954 3.9974 6.0421 7.3876 7.9902 8.9882 11.051 11.925
2.0729 2.0042 1.3993 1.4658 1.8878 0.9697 1.4028 1.4683
