41
7623 16
3 3 4 6 4
2.1638 10.382 10.635 12.985 13.484
2.9469 2.9061 1.5145 1.6581 1.5179
7624 16
1 5 4 4
1.8076 3.3499 4.2218 7.9774
2.1491 2.3427 2.0942 2.6717
7625 16
3 7 6 1 4
0.21361 4.6286 6.8694 6.953 11.41
1.86 1.8955 2.9028 1.4125 1.3479
7626 16
1 7 4 1 3
2.5519 5.7591 7.0141 10.28 11.057
2.9257 2.5818 2.7417 1.9323 2.3661
7627 16
2 3 8 2 5 8
5.7099 8.4281 9.8551 11.11 11.62 12.785
2.7259 1.7915 2.0816 2.3663 1.0931 1.9753
7628 16
1 4 3 7
1.965 3.9781 6.0647 5.993
1.456 2.4946 1.5365 1.5314
7629 16
1 4 3 7
1.9912 3.9401 5.9441 6.0744
1.5194 2.5645 1.4066 1.4128
7630 16
1 4 3 7
1.9479 4.0037 5.9984 5.9574
1.5163 2.6143 1.5631 1.583
7631 16
1 4 3 7
2.043 3.8621 6.0498 5.9486
1.5349 2.6353 1.4923 1.5388
7632 16
2 6 2 8
4.0002 7.461 7.9894 9.0575
1.9811 1.5225 1.4926 0.99414
7633 16
2 6 2 8
4.1223 7.5202 8.0058 9.0251
1.9518 1.561 1.492 1.014
7634 16
2 6 2 8
3.9866 7.5265 7.9656 8.9824
1.8434 1.527 1.6292 0.9978
7635 16
2 6 2 8
4.097 7.489 8.0096 9.0799
1.9432 1.4848 1.6397 1.0609
7636 16
3 8 3 2 8 5
1.9757 5.002 5.9184 8.04 8.953 11.965
1.5189 1.9109 1.5166 1.4744 1.0221 1.9007
7637 16
3 8 3 2 8 5
2.0251 4.9747 6.0117 8.0353 8.9683 11.989
1.3777 1.9743 1.4799 1.5084 0.95901 1.9236
7638 16
3 8 3 2 8 5
1.9303 4.989 6.0863 7.968 9.0172 12.014
1.5357 1.9757 1.6349 1.4492 1.0121 1.9573
7639 16
3 8 3 2 8 5
1.9486 5.1153 6.0312 8.055 8.986 12.009
1.4453 2.0129 1.4591 1.5498 1.005 1.9219
7640 16
3 8 3 2 8 5
6.0459 9.0292 9.0106 10.993 12.051 11.985
1.5475 1.0052 1.4655 1.4889 1.4915 2.0197
7641 16
3 8 3 2 8 5
5.959 8.9565 8.9575 10.991 12.075 12.114
1.4841 1.035 1.4928 1.5504 1.4955 2.047
7642 16
3 8 3 2 8 5
5.9977 8.9752 8.9573 10.976 12.024 12.087
1.5249 0.96967 1.4175 1.5425 1.4096 1.9774
7643 16
3 8 3 2 8 5
5.9819 8.911 8.9997 10.961 11.921 12.038
1.4795 0.98561 1.4517 1.5078 1.3789 2.0487
7644 16
4 8 1 2 3 8
3.9463 4.9884 6.0544 7.9392 8.9769 12.031
2.4272 1.9909 2.0359 1.4871 1.4865 1.6201
7645 16
4 8 1 2 3 8
3.993 5.0652 5.8935 8.121 8.9164 11.918
2.4919 1.9692 2.0401 1.5041 1.5592 1.453
7646 16
4 8 1 2 3 8
4.0785 5.031 5.9915 8.0527 8.9765 12.02
2.5099 2.0204 1.9493 1.4975 1.5246 1.5257
7647 16
4 8 1 2 3 8
4.0961 4.9923 6.0465 7.986 8.9742 12.045
2.4833 1.9359 1.9252 1.5676 1.4515 1.4415
7648 16
5 4 3 8 3 5
2.9843 3.9728 5.9264 9.0026 8.9872 12.045
1.4986 2.5042 1.466 0.9783 1.4779 2.0506
7649 16
5 4 3 8 3 5
2.9876 3.933 6.0041 9.0343 9.0724 11.874
1.5166 2.4541 1.4864 0.96523 1.5074 2.0288
7650 16
5 4 3 8 3 5
2.8995 3.8829 6.0409 8.9127 9.0268 12.049
1.4735 2.4652 1.5172 1.0067 1.4071 2.0143
7651 16
5 4 3 8 3 5
3.0944 4.0496 6.0384 9.0487 9.0076 12.037
1.3887 2.5074 1.4422 0.97843 1.4783 2.0519
7652 16
7 5 2 6 8 8
1.9258 2.9938 4.0521 7.4963 8.8981 11.974
1.9514 1.471 2.0773 1.542 0.97404 1.5142
7653 16
7 5 2 6 8 8
2.003 2.9329 4.0809 7.4143 8.9423 11.98
2.013 1.5027 1.9882 1.5178 1.0287 1.5428
7654 16
7 5 2 6 8 8
2.0245 2.961 4.0142 7.6124 9.0451 12.027
2.0645 1.5092 1.9914 1.4705 1.0082 1.4984
7655 16
3 4 8 7 5 2
2.0077 4.0295 5.0106 5.9391 7.9527 10.984
1.4598 2.5472 1.9998 1.4882 1.9838 1.4248
7656 16
3 4 8 7 5 2
2.0633 3.9991 5.1146 5.9985 7.984 11.052
1.5044 2.5366 1.9786 1.5098 2.0175 1.488
7657 16
3 4 8 7 5 2
1.9768 4.0479 5.0515 5.9749 7.9376 11.028
1.5265 2.4685 1.9616 1.4689 1.9451 1.4904
7658 16
3 7 5 8 7 8 2 5
2.049 1.9569 3.0459 5.0892 6.0197 8.9393 11.073 12.001
1.5548 1.9449 1.5655 2.0387 1.4712 1.1166 1.4468 2.065
7659 16
3 7 5 8 7 8 2 5
1.9554 1.9386 3.0003 4.9991 6.0813 8.9822 11.011 11.923
1.4288 2.0827 1.5723 2.0392 1.5248 1.016 1.4779 1.9652
7660 16
3 7 5 8 7 8 2 5
1.9994 2.123 2.9428 4.9803 5.8912 8.9956 10.983 12.032
1.45 1.9789 1.5295 2.0168 1.5373 0.97581 1.5046 2.1038
7661 16
7 2 3 6 5 8 2 8
2.022 3.9547 6.0154 7.5149 7.9765 9.0975 10.966 11.969
2.0538 1.9814 1.5198 1.4384 1.94 1.0071 1.4482 1.4724
7662 16
7 2 3 6 5 8 2 8
1.9297 4.0056 5.936 7.3997 7.91 9.0182 10.983 12.091
1.9643 2.0279 1.4428 1.4701 2.0375 1.0453 1.5002 1.5807
7663 16
7 2 3 6 5 8 2 8
1.9856 3.9915 5.9722 7.4816 7.9354 9.0655 10.942 12.014
2.015 1.9886 1.4906 1.5707 1.9613 1.009 1.5095 1.5678
