41
7787 16
6 2 8 5 8 5 7 6
1.3206 5.1011 5.1756 5.3958 8.3403 8.7039 9.2135 10.499
1.8954 1.8744 1.4834 2.3639 1.7041 2.6292 2.4305 1.7121
7788 16
7 3 7 3
0.13953 6.5086 11.278 11.456
2.8414 1.5651 2.1974 1.2652
7789 16
8 6 4 1
2.7348 3.012 7.0477 9.4998
1.0611 2.7859 2.4932 1.6767
7790 16
1 3 2 4 6 2
2.9055 4.0959 4.1781 4.8538 7.9066 12.574
2.3391 2.6436 2.8126 2.9729 1.5275 1.6876
7791 16
2 1 1 5 5 6 7
1.0437 1.4308 4.9443 6.1817 9.9775 10.561 13.595
1.0511 1.065 1.245 1.6046 2.2046 2.9227 1.3398
7792 16
1 4 3 7
2.0496 3.9752 5.9889 5.9767
1.5099 2.5144 1.508 1.5114
7793 16
1 4 3 7
2.0254 3.9383 5.9453 6.0162
1.4896 2.4356 1.4771 1.4847
7794 16
1 4 3 7
1.9436 3.9625 6.0107 5.9226
1.4582 2.5076 1.5012 1.4866
7795 16
1 4 3 7
1.9704 3.9881 6.0864 6.0405
1.5212 2.5268 1.4551 1.5546
7796 16
2 6 2 8
3.9952 7.4643 7.9745 9.1254
2.0025 1.5719 1.3508 1.0156
7797 16
2 6 2 8
4.0454 7.5698 7.9675 8.9263
2.0358 1.4442 1.4918 0.89639
7798 16
2 6 2 8
4.0744 7.5077 7.9269 9.0122
2.0964 1.5545 1.5478 1.0291
7799 16
2 6 2 8
3.937 7.531 7.87 9.0366
1.9197 1.4413 1.5251 0.95584
7800 16
3 8 3 2 8 5
1.9739 5.0391 6.0955 7.8911 9.0226 12.053
1.4974 2.0146 1.609 1.4454 0.94625 1.9723
7801 16
3 8 3 2 8 5
2.0352 4.9959 6.0426 7.9873 9.0364 12.061
1.4615 2.007 1.4891 1.4956 1.0413 2.0041
7802 16
3 8 3 2 8 5
1.945 4.9916 5.9859 7.9955 9.0114 12.018
1.4231 2.0073 1.4999 1.4917 1.0058 1.9828
7803 16
3 8 3 2 8 5
1.9587 5.031 5.9517 8.0078 8.9723 11.996
1.4573 2.0328 1.4714 1.4599 0.99602 1.9517
7804 16
3 8 3 2 8 5
5.9146 9.083 8.9668 10.972 12.003 12.094
1.4943 0.98495 1.5303 1.5047 1.4739 1.8907
7805 16
3 8 3 2 8 5
6.0072 8.993 9.0502 11.11 12.074 11.984
1.5516 1.0206 1.5461 1.4736 1.4795 2.0733
7806 16
3 8 3 2 8 5
5.9902 9.0946 9.0299 11.031 12.004 11.981
1.5824 0.9853 1.4857 1.4902 1.5903 2.1354
7807 16
3 8 3 2 8 5
5.9553 8.9953 8.9548 11.02 12 12.054
1.4796 0.95125 1.4226 1.539 1.493 2.0084
7808 16
4 8 1 2 3 8
4.0055 5.0515 6.0668 7.9714 8.9485 12.051
2.5587 2.0453 1.9913 1.5466 1.4034 1.4702
7809 16
4 8 1 2 3 8
4.02 5.0097 5.9834 7.9352 8.9295 11.958
2.491 1.9561 2.0228 1.4969 1.5287 1.5747
7810 16
4 8 1 2 3 8
4.0541 4.9529 6.05 7.947 9.0346 12.063
2.521 1.9182 1.9447 1.453 1.5107 1.5127
7811 16
4 8 1 2 3 8
3.9249 4.9883 6.003 7.9555 8.958 11.962
2.4955 2.0465 1.9913 1.4616 1.5515 1.5102
7812 16
5 4 3 8 3 5
3.0438 3.9361 5.9524 9.065 8.9295 12.028
1.4917 2.4612 1.5874 0.95262 1.502 2.0133
7813 16
5 4 3 8 3 5
2.9442 3.9705 6.0694 9.0039 9.0352 11.98
1.5098 2.5114 1.5628 0.95153 1.4851 1.9814
7814 16
5 4 3 8 3 5
2.9828 3.9557 6.038 9.0369 9.0286 12.069
1.5322 2.4814 1.4656 1.1108 1.4886 2.0408
7815 16
5 4 3 8 3 5
2.9695 3.8867 6.0062 9.0103 9.0259 12.082
1.5023 2.4456 1.5226 0.9349 1.509 1.9554
7816 16
7 5 2 6 8 8
2.0077 3.0057 3.9607 7.4387 8.998 12.067
1.956 1.5246 1.9423 1.4177 1.0347 1.4053
7817 16
7 5 2 6 8 8
1.9614 2.9737 4.0846 7.5203 9.0008 11.883
2.0091 1.4536 2.0301 1.5362 0.98788 1.5824
7818 16
7 5 2 6 8 8
1.9593 2.9467 4.062 7.5056 8.924 11.994
1.9556 1.5545 1.9456 1.4731 0.94507 1.5244
7819 16
3 4 8 7 5 2
1.9511 3.9589 5.0842 6.0717 7.9467 11.028
1.5726 2.5259 2.0695 1.5264 2.0452 1.4774
7820 16
3 4 8 7 5 2
1.9554 3.9873 5.0572 5.9765 8.0395 10.915
1.4762 2.5288 2.0262 1.5525 1.9606 1.6265
7821 16
3 4 8 7 5 2
1.9821 3.9726 5.0456 5.8894 7.987 11.032
1.5213 2.5622 1.9325 1.5484 2.0632 1.6147
7822 16
3 7 5 8 7 8 2 5
1.9839 2.018 2.9531 5.0128 5.9676 9.0697 11.006 11.931
1.4268 1.9969 1.5138 2.0332 1.559 0.95612 1.5312 2.0599
7823 16
3 7 5 8 7 8 2 5
1.967 2.0248 2.9665 5.0273 5.9929 8.9494 11.006 12.016
1.4903 1.9941 1.5238 1.8894 1.4942 1.0336 1.5417 2.0541
7824 16
3 7 5 8 7 8 2 5
1.8985 1.9303 3.0508 4.9713 5.9587 9.0005 11.038 11.934
1.5299 2.0396 1.5512 1.9741 1.5177 1.0635 1.5108 2.0405
7825 16
7 2 3 6 5 8 2 8
1.9072 3.992 6.0543 7.5021 8.0257 9.0155 10.999 12.023
2.0695 1.9935 1.4724 1.4515 1.8766 0.99276 1.4726 1.5901
7826 16
7 2 3 6 5 8 2 8
1.9662 4.0015 5.9518 7.5771 7.9716 8.9134 11.021 11.957
2.1133 1.9467 1.4446 1.4591 2.0564 0.96953 1.5813 1.5591
7827 16
7 2 3 6 5 8 2 8
1.9645 3.9881 6.059 7.5564 7.9953 8.9756 10.973 11.969
1.9749 2.0116 1.5494 1.5706 1.988 1.0035 1.4502 1.5921
