41
9591 16
8 5 6 5 7 3 4
2.5355 5.0474 5.8496 9.0903 9.4154 10.942 13.692
2.9013 1.2334 2.2524 1.8559 1.7239 1.8745 1.5616
9592 16
5 6 8 1
0.1022 5.4534 8.9776 10.485
1.8738 1.5395 2.561 2.4715
9593 16
3 8 5 2
0.156 3.5118 7.2124 10.436
1.6527 2.4834 2.7355 1.9171
9594 16
3 4 5 2 7 1 1
2.3829 3.3762 9.0712 10.748 11.382 12.058 14.098
1.5146 2.8686 2.9797 1.8237 1.6878 1.6793 1.3702
9595 16
6 8 5 7
11.387 12.083 13.209 13.717
1.1442 2.2605 2.0011 1.0376
9596 16
1 4 3 7
1.929 4.0195 6.0437 6.0889
1.4323 2.4739 1.5011 1.5143
9597 16
1 4 3 7
2.0101 4.0719 6.0455 6.1299
1.4931 2.5125 1.4919 1.5886
9598 16
1 4 3 7
2.0553 3.9548 6.0445 6.0231
1.4519 2.5181 1.5513 1.4748
9599 16
1 4 3 7
2.0774 3.9731 5.9928 5.9514
1.5032 2.429 1.4749 1.5118
9600 16
2 6 2 8
4.0494 7.59 8.1051 9
1.9904 1.4309 1.4847 0.98276
9601 16
2 6 2 8
4.0622 7.4433 7.9736 8.983
2.0584 1.6042 1.382 1.0601
9602 16
2 6 2 8
4.0152 7.4684 8.0307 8.9614
2.0001 1.549 1.4975 0.97525
9603 16
2 6 2 8
4.0187 7.5515 8.0224 8.947
1.9419 1.5218 1.4338 0.97603
9604 16
3 8 3 2 8 5
2.0051 4.9835 6.1519 8.0659 9.1159 11.946
1.4392 2.0469 1.5122 1.4939 1.0528 2.0198
9605 16
3 8 3 2 8 5
2.0646 4.9486 5.9592 8.033 8.9684 12.016
1.5191 1.9691 1.3903 1.5136 0.95464 1.9957
9606 16
3 8 3 2 8 5
1.9576 4.9902 6.0012 8.0498 9.0062 12.034
1.5318 2.0104 1.4726 1.443 0.99364 1.9805
9607 16
3 8 3 2 8 5
1.9527 5.0393 6.0516 7.971 9.0089 12.05
1.4684 1.9609 1.5237 1.5365 1.0252 1.9275
9608 16
3 8 3 2 8 5
5.981 9.0072 9.0023 10.847 12.008 11.94
1.4576 0.95197 1.4869 1.4703 1.5026 2.0488
9609 16
3 8 3 2 8 5
5.9694 9.0403 9.0043 10.907 12.074 11.93
1.5282 0.99441 1.4456 1.5357 1.3144 2.0514
9610 16
3 8 3 2 8 5
5.9411 9.0201 9.0822 11.001 11.988 12.006
1.3926 1.0247 1.519 1.4995 1.4647 1.9487
9611 16
3 8 3 2 8 5
6.0162 8.9383 8.9839 11.005 12.027 11.874
1.5385 0.96834 1.438 1.5058 1.4863 2.1357
9612 16
4 8 1 2 3 8
3.9303 4.9924 5.9713 8.1092 9.0284 11.934
2.6073 1.8989 1.9909 1.4852 1.5318 1.4692
9613 16
4 8 1 2 3 8
4.0055 4.9986 5.9517 7.9416 8.9444 12.038
2.4943 2.0095 2.0109 1.5064 1.444 1.4834
9614 16
4 8 1 2 3 8
4.0939 5.0413 5.9897 7.9556 9.0669 11.992
2.5138 1.9949 1.9695 1.5006 1.4962 1.5292
9615 16
4 8 1 2 3 8
4.053 4.8865 5.9537 8.0006 8.9409 11.974
2.4257 1.9675 2.0349 1.506 1.5178 1.471
9616 16
5 4 3 8 3 5
3.0049 4.1055 5.9279 9.0205 9.005 11.958
1.5199 2.4502 1.5408 0.96629 1.5244 1.9395
9617 16
5 4 3 8 3 5
2.9375 3.9665 5.98 9.0679 9.0016 12.08
1.4706 2.5075 1.4789 1.0145 1.5165 1.9443
9618 16
5 4 3 8 3 5
2.9297 3.9731 6.0101 9.0491 8.9864 12.009
1.5398 2.478 1.4703 0.98987 1.5261 1.9121
9619 16
5 4 3 8 3 5
3.0038 3.9879 5.9545 9.0217 9.0247 11.976
1.4859 2.5306 1.5532 0.96663 1.5435 1.943
9620 16
7 5 2 6 8 8
1.9745 3.0624 4.0635 7.4531 9.0156 12.012
2.0205 1.4732 2.0622 1.4768 1.0372 1.522
9621 16
7 5 2 6 8 8
1.9413 3.0089 3.9381 7.5516 9.0271 12.001
2.0271 1.4602 2.0935 1.3886 1.0094 1.5014
9622 16
7 5 2 6 8 8
1.9992 3.0384 3.9533 7.5512 8.8929 12.048
2.0131 1.4899 2.005 1.5681 0.96198 1.5486
9623 16
3 4 8 7 5 2
1.9911 3.9249 5.0978 6.0203 7.9442 11.027
1.5763 2.4255 1.9015 1.5438 2.0583 1.5977
9624 16
3 4 8 7 5 2
2.116 3.9364 5.033 6.0375 7.9862 10.987
1.5307 2.4604 1.9725 1.503 2.0985 1.5907
9625 16
3 4 8 7 5 2
1.9608 3.9022 4.8832 5.9581 7.956 11.042
1.5004 2.4795 1.9711 1.5051 1.9277 1.5179
9626 16
3 7 5 8 7 8 2 5
2.0689 1.966 3.0148 4.9113 5.9524 8.9833 11.008 11.919
1.4883 1.9532 1.4292 2.0878 1.5156 1.0684 1.4576 1.9662
9627 16
3 7 5 8 7 8 2 5
2.0517 1.928 3.0217 4.9657 5.9801 9.022 10.946 11.945
1.4043 1.9773 1.6427 1.9485 1.5085 0.94722 1.5168 2.0174
9628 16
3 7 5 8 7 8 2 5
1.9577 2.0391 2.9966 5.0529 5.9981 9.0384 10.986 11.992
1.5753 2.1205 1.4724 2.0134 1.4813 1.0058 1.5251 2.0359
9629 16
7 2 3 6 5 8 2 8
2.0074 3.9604 5.9821 7.5159 7.9901 8.9832 11.038 11.983
1.9742 2.032 1.4921 1.5669 1.9411 0.94772 1.4901 1.5864
9630 16
7 2 3 6 5 8 2 8
1.8863 3.9578 5.9222 7.4582 7.8775 9.0399 10.976 11.903
1.9377 1.9721 1.457 1.4798 1.9827 0.95319 1.4629 1.5763
9631 16
7 2 3 6 5 8 2 8
1.9074 3.9975 5.9645 7.5014 7.9872 8.9381 10.988 11.953
2.0662 2.0054 1.5312 1.4456 1.9782 1.0126 1.4632 1.4061
