42
6469 16
5 8 2 7
3.6302 6.7498 7.9561 12.4
1.8675 2.2127 1.0634 1.0976
6470 16
2 8 3 4 5 1 7
0.50077 2.0924 5.7132 5.7149 6.7362 7.9419 12.39
2.7382 2.2397 1.2908 2.3085 1.7202 2.7181 2.9742
6471 16
5 4 3 8
0.018559 1.0666 1.7597 11.543
2.0068 2.6894 2.7526 2.7896
6472 16
5 1 2 1
1.6299 8.3194 9.3052 10.707
1.6339 1.7369 1.974 1.9072
6473 16
1 3 4 1 7 5
1.1566 1.3535 1.8681 5.4624 8.4629 9.7652
1.1848 1.6233 1.6358 2.1549 2.4449 1.2475
6474 16
1 4 3 7
1.9133 3.9973 5.9672 5.976
1.5205 2.5288 1.5305 1.4917
6475 16
1 4 3 7
2.0707 3.9707 5.9967 6.0123
1.507 2.4538 1.5196 1.5112
6476 16
1 4 3 7
2.0076 3.9675 6.0939 6.0351
1.4743 2.4716 1.447 1.5382
6477 16
1 4 3 7
2.0409 4.0374 5.9556 5.9712
1.4254 2.4277 1.4287 1.5879
6478 16
2 6 2 8
4.0194 7.4891 7.9384 9.0567
2.0237 1.4669 1.4599 1.0593
6479 16
2 6 2 8
3.946 7.5001 8.0451 8.9983
2.0763 1.5628 1.5087 1.0258
6480 16
2 6 2 8
4.0057 7.5255 7.9965 8.9696
1.929 1.4653 1.4863 0.88739
6481 16
2 6 2 8
4.0043 7.4615 7.9939 8.9311
2.0757 1.5763 1.5331 1.0892
6482 16
3 8 3 2 8 5
1.9721 5.0198 6.052 7.9651 9.031 12.029
1.528 1.9575 1.4896 1.4885 0.98343 2.0627
6483 16
3 8 3 2 8 5
2.0892 4.9887 5.9672 7.9555 9.0013 11.964
1.5728 2.0777 1.5201 1.4962 1.0246 2.0359
6484 16
3 8 3 2 8 5
1.9976 4.9454 5.969 8.0069 9.0283 11.992
1.4716 1.9416 1.4764 1.4145 1.0155 1.9408
6485 16
3 8 3 2 8 5
1.9343 4.9487 6.0558 8.0826 9.0312 11.938
1.5346 1.9925 1.5238 1.4208 0.95884 2.0076
6486 16
3 8 3 2 8 5
6.0257 9.0783 8.9584 10.962 11.965 12.09
1.4753 0.97237 1.5579 1.5165 1.4981 1.9786
6487 16
3 8 3 2 8 5
6.019 9.0384 9.0238 10.972 11.936 11.938
1.4724 1.0567 1.6351 1.4141 1.4637 2.0086
6488 16
3 8 3 2 8 5
5.9612 9.087 8.9814 11.044 12.064 12.092
1.356 0.98638 1.527 1.4771 1.5372 1.9717
6489 16
3 8 3 2 8 5
6.0387 9.0847 9.041 11.055 11.99 12.011
1.4818 1.0205 1.4832 1.5883 1.4947 1.9507
6490 16
4 8 1 2 3 8
4.0554 4.9583 5.9404 8.0802 9.0107 11.942
2.4138 2.0203 1.9986 1.4843 1.3815 1.4881
6491 16
4 8 1 2 3 8
4.018 5.0485 6.0283 7.9554 8.9767 11.956
2.4507 2.073 1.951 1.4859 1.4503 1.4825
6492 16
4 8 1 2 3 8
3.9978 4.9911 5.958 8.035 9.031 11.87
2.4508 2.0894 1.9788 1.4787 1.4665 1.4644
6493 16
4 8 1 2 3 8
3.9297 5.0447 6.0584 8.0236 9.0573 12.015
2.438 1.9855 1.9466 1.4727 1.403 1.5607
6494 16
5 4 3 8 3 5
3.0178 3.9434 6.0295 9.024 8.9989 11.911
1.5445 2.4123 1.5258 0.98511 1.4758 2.0081
6495 16
5 4 3 8 3 5
3.0626 3.9776 6.047 8.9385 9.0297 11.997
1.376 2.4512 1.6262 0.99596 1.5327 2.0176
6496 16
5 4 3 8 3 5
3.075 3.9488 5.9732 8.9922 8.9961 12.062
1.4958 2.5326 1.4926 0.99888 1.5232 1.9597
6497 16
5 4 3 8 3 5
2.9295 3.953 5.921 8.9748 8.9338 12.02
1.5233 2.413 1.5495 1.0341 1.5764 1.9876
6498 16
7 5 2 6 8 8
2.0055 3.0339 4.0093 7.54 9.0468 12.091
2.0522 1.5088 2.071 1.5116 0.98573 1.5096
6499 16
7 5 2 6 8 8
2.0627 3.0167 3.9972 7.5397 9.0235 12.001
2.0171 1.4561 1.9028 1.4924 0.96134 1.4831
6500 16
7 5 2 6 8 8
1.9331 3.0346 4.0378 7.5772 9.0467 11.955
2.0203 1.4498 2.0858 1.3912 0.92693 1.4473
6501 16
7 5 2 6 8 8
1.981 3.008 3.9845 7.4594 8.8969 11.979
2.0009 1.5294 2.0778 1.5061 0.97132 1.5208
6502 16
3 4 8 7 5 2
2.0372 3.9607 4.9795 5.9582 7.9717 10.924
1.5065 2.5171 1.9993 1.449 2.0658 1.4726
6503 16
3 4 8 7 5 2
2.0531 4.0423 4.9699 6.0386 7.9751 11.097
1.4236 2.5142 2.0442 1.5912 1.9594 1.5189
6504 16
3 4 8 7 5 2
2.035 4.0044 4.9975 5.9666 8.0492 11.124
1.451 2.4397 1.9213 1.4372 1.9044 1.4834
6505 16
3 7 5 8 7 8 2 5
1.968 1.9868 2.9921 5.0671 6.0359 9.0394 10.985 11.984
1.4895 2.0119 1.4874 2.0268 1.4849 1.008 1.4883 1.9507
6506 16
3 7 5 8 7 8 2 5
1.9982 2.0304 3.02 4.9687 5.9909 9.0157 10.985 11.876
1.4531 2.0514 1.5137 2.0007 1.4987 1.0422 1.552 2.0682
6507 16
3 7 5 8 7 8 2 5
2.1172 1.9383 2.918 4.9372 6.0234 8.9975 11.069 11.966
1.4652 1.9148 1.6562 2.048 1.4685 1.0403 1.4314 1.9415
6508 16
7 2 3 6 5 8 2 8
2.0577 3.9165 5.9195 7.4637 7.9188 8.9457 11.011 11.996
2.0088 2.0364 1.5439 1.4362 1.9327 1.0865 1.4469 1.5096
6509 16
7 2 3 6 5 8 2 8
1.9659 4.0631 6.0304 7.5003 7.9829 9.0294 11.013 11.922
2.006 1.9661 1.555 1.6062 2.0022 1.0404 1.4988 1.5428
6510 16
7 2 3 6 5 8 2 8
1.9829 3.9248 5.9976 7.5236 7.9666 8.9223 10.957 12.063
2.0214 1.9884 1.4904 1.4114 2.0401 1.0128 1.506 1.5616
