42
5377 16
5 7 7 5 4 4
0.072747 1.4106 4.5616 5.281 9.165 13.668
1.1651 1.4191 2.8446 2.9358 1.9403 1.6841
5378 16
1 5 2 5 3 1 8 5
1.2698 5.9822 7.0626 8.5324 8.9463 9.5083 9.9427 12.632
1.8688 1.7301 2.7028 2.3646 2.2455 2.2116 1.6084 1.0835
5379 16
7 3 4 5 7 3 1
0.75037 0.89656 1.1765 2.9737 5.4023 7.2309 7.8524
2.2889 1.4388 1.5198 2.3308 1.1662 2.563 2.0572
5380 16
8 5 3 6 8 2 4
0.17991 2.1408 3.3269 5.7049 9.3989 11.878 12.006
2.157 1.6338 2.2188 2.8935 2.3779 1.546 2.3651
5381 16
4 7 8 5 6 8
2.5831 4.109 8.3537 9.6531 10.615 13.083
2.1879 1.4743 2.9897 2.9994 1.9238 2.424
5382 16
1 4 3 7
1.9763 4.1149 6.0257 6.074
1.5117 2.5154 1.5571 1.5394
5383 16
1 4 3 7
2.0299 3.9883 6.0079 5.9416
1.5008 2.4692 1.5671 1.4862
5384 16
1 4 3 7
1.8951 3.9984 5.9586 5.9956
1.5669 2.6141 1.4967 1.4664
5385 16
1 4 3 7
2.0105 3.9683 6.0136 5.9453
1.4751 2.562 1.4225 1.5216
5386 16
2 6 2 8
3.9912 7.4688 8.0071 9.0466
2.0011 1.4668 1.5275 1.034
5387 16
2 6 2 8
4.0473 7.4962 8.0337 8.9869
1.9359 1.4644 1.4568 0.96551
5388 16
2 6 2 8
3.998 7.5341 7.9742 8.9922
2.0437 1.5041 1.536 1.0688
5389 16
2 6 2 8
3.967 7.4504 8.0116 9.072
2.0293 1.4544 1.4752 0.91909
5390 16
3 8 3 2 8 5
1.9445 4.9853 6.0203 7.8849 8.9982 12.016
1.5273 1.9477 1.5011 1.6114 1.0138 2.021
5391 16
3 8 3 2 8 5
1.9103 5.055 5.9036 7.9832 9.0202 12.036
1.4399 1.9547 1.5386 1.5564 1.0418 1.9305
5392 16
3 8 3 2 8 5
2.0102 4.9753 5.8859 8.1174 8.9535 12.029
1.4838 2.0779 1.4261 1.4059 0.98961 1.9555
5393 16
3 8 3 2 8 5
2.0559 4.9792 6.0925 7.9466 9.045 12.067
1.4527 2.0696 1.512 1.4628 1.0273 1.9883
5394 16
3 8 3 2 8 5
5.9773 9.0139 8.9864 11.063 11.949 11.93
1.4607 1.0034 1.4909 1.5131 1.4052 1.9512
5395 16
3 8 3 2 8 5
5.9941 8.9321 8.9706 11.089 12.017 12.006
1.5311 0.91951 1.503 1.4482 1.5309 2.1152
5396 16
3 8 3 2 8 5
6.0257 8.9541 8.9303 11.097 12.049 11.988
1.4847 1.0442 1.4234 1.4851 1.4504 2.0176
5397 16
3 8 3 2 8 5
5.9778 8.9975 8.9395 10.984 12.02 12.016
1.3896 1.0283 1.4643 1.5171 1.4351 2.0619
5398 16
4 8 1 2 3 8
3.977 5.0226 6.0236 8.0498 8.9749 12.005
2.4836 2.0761 1.9679 1.4625 1.4675 1.531
5399 16
4 8 1 2 3 8
3.9264 4.9937 5.9678 7.9961 8.9646 11.924
2.54 2.0462 2.0517 1.494 1.4789 1.5506
5400 16
4 8 1 2 3 8
4.0247 4.9663 6.0769 7.9695 8.944 11.975
2.3553 1.9746 2.09 1.5517 1.4306 1.5254
5401 16
4 8 1 2 3 8
3.9847 5.0036 5.9521 8.0184 8.9706 12.03
2.4898 1.9896 1.9746 1.5692 1.5517 1.3468
5402 16
5 4 3 8 3 5
2.9669 4.0935 6.0259 9.031 8.9639 11.969
1.6623 2.4741 1.5064 1.039 1.5535 1.9824
5403 16
5 4 3 8 3 5
2.927 3.908 6.0199 9.0853 9.0121 12.119
1.5145 2.5295 1.5143 0.9893 1.4796 2.0897
5404 16
5 4 3 8 3 5
3.0382 3.9798 6.0073 8.9822 9.0529 12.095
1.4819 2.5142 1.4293 0.99407 1.3997 1.9491
5405 16
5 4 3 8 3 5
2.9862 4.0191 6.0037 8.8678 9.0035 11.99
1.4503 2.3946 1.4753 1.0243 1.5246 1.9947
5406 16
7 5 2 6 8 8
1.9256 3.032 4.0194 7.4676 8.9387 11.941
2.0706 1.5046 1.9272 1.5387 1.04 1.5317
5407 16
7 5 2 6 8 8
2.0465 2.9781 4.0702 7.5481 8.9293 12.01
1.9598 1.5347 2.0299 1.4965 1.0086 1.5178
5408 16
7 5 2 6 8 8
2.0005 3.0019 3.9556 7.5255 8.9693 12.123
2.0075 1.5598 2.0204 1.5071 1.0211 1.407
5409 16
7 5 2 6 8 8
2.0251 2.8755 4.0401 7.4969 8.9619 12.015
2.0294 1.5233 2.0731 1.528 1.1159 1.4981
5410 16
3 4 8 7 5 2
2.1077 4.0401 5.0723 6.0231 8.024 10.964
1.5419 2.498 2.01 1.477 2.0782 1.5901
5411 16
3 4 8 7 5 2
2.0079 4.007 4.9558 6.0034 8.0052 11.012
1.4767 2.4986 1.9598 1.4946 2.0172 1.5591
5412 16
3 4 8 7 5 2
2.0185 3.9867 4.9999 5.9843 7.989 10.976
1.5067 2.5306 1.9336 1.6152 2.0145 1.5156
5413 16
3 7 5 8 7 8 2 5
2.0588 1.8936 3.0052 4.9799 5.9628 8.9725 11.017 12.073
1.485 1.9413 1.5909 1.961 1.4967 0.9888 1.4585 2.1287
5414 16
3 7 5 8 7 8 2 5
2.08 1.9044 2.9175 4.951 6.0504 8.9592 10.991 12.094
1.5834 1.9997 1.5351 1.9813 1.4612 0.97646 1.4301 2.0735
5415 16
3 7 5 8 7 8 2 5
2.0654 1.9799 3.0179 5.009 5.9085 9.0477 11.023 11.985
1.4673 2.0007 1.4821 1.9951 1.5686 0.99821 1.4701 2.0521
5416 16
7 2 3 6 5 8 2 8
2.0183 3.9687 5.9765 7.5368 7.9496 9.0205 10.995 12.043
1.9314 1.9564 1.5346 1.5463 2.0924 1.0035 1.5009 1.4917
5417 16
7 2 3 6 5 8 2 8
2.0147 4.0744 5.9343 7.5197 8.0228 9.0775 11.005 12.023
1.9308 2.009 1.5439 1.4689 2.0985 0.92809 1.4522 1.4916
5418 16
7 2 3 6 5 8 2 8
2.0044 4.032 5.9141 7.5021 7.9867 9.0262 10.923 11.937
1.9793 1.9758 1.4904 1.5 1.9464 1.0058 1.5396 1.5336
