42
2269 16
4 2 3 2 8 6 5 3
0.6913 1.1762 5.2716 6.2282 8.5849 8.8624 12.42 13.227
1.2282 1.0588 1.0922 1.8948 1.7563 1.1446 2.213 1.4786
2270 16
8 3 8 6 1 4
0.39066 4.7462 6.1053 6.1896 9.605 13.734
1.5985 2.7411 2.6742 1.8452 2.0095 1.712
2271 16
8 6 5 3 3
6.6778 9.6276 10.35 10.891 13.724
2.1557 2.5714 1.5286 1.3181 1.9806
2272 16
2 7 3 2 4 6 7 8
1.8874 2.7783 5.8768 5.8785 11.241 12.198 12.958 13.358
1.5755 1.1386 2.2399 1.3879 2.6842 1.7491 2.1403 2.232
2273 16
3 3 5 5 3
4.2092 7.5786 7.6273 10.184 12.836
1.8505 2.1405 1.0235 1.0392 2.3897
2274 16
1 4 3 7
2.0675 4.0693 5.9865 5.9722
1.5382 2.4842 1.5021 1.5592
2275 16
1 4 3 7
2.0656 3.9998 6.0837 5.999
1.4647 2.5019 1.448 1.4893
2276 16
1 4 3 7
2.1137 3.981 6.0311 6.0296
1.5414 2.4833 1.5196 1.4879
2277 16
1 4 3 7
1.9831 4.0005 6.0115 5.9753
1.476 2.4313 1.5309 1.5307
2278 16
2 6 2 8
4.0227 7.4944 8.0158 8.9803
1.9844 1.5537 1.4916 0.95167
2279 16
2 6 2 8
3.9452 7.5476 8.0293 8.9382
1.9801 1.5046 1.5004 1.0079
2280 16
2 6 2 8
3.997 7.4337 7.9593 8.8937
2.0624 1.4815 1.4662 1.0219
2281 16
2 6 2 8
4.0195 7.4618 7.9653 8.9667
2.0367 1.4889 1.5518 0.96907
2282 16
3 8 3 2 8 5
2.0014 4.9481 6.0111 7.9442 8.9602 12.021
1.5077 1.9995 1.4913 1.4213 0.98974 2.0254
2283 16
3 8 3 2 8 5
1.958 5.0885 5.9538 7.9823 9.0315 11.992
1.5045 1.9135 1.4507 1.4604 0.95454 1.999
2284 16
3 8 3 2 8 5
2.004 5.0773 6.0103 8.0156 8.9358 11.991
1.4797 1.9708 1.5039 1.5097 0.99185 1.945
2285 16
3 8 3 2 8 5
1.9744 4.9368 5.9764 7.9701 8.9554 11.995
1.5973 2.0507 1.5275 1.4582 0.99206 1.9256
2286 16
3 8 3 2 8 5
6.0418 9.059 9.0323 10.939 11.99 12.106
1.5636 1.0076 1.6028 1.5592 1.4913 2.0308
2287 16
3 8 3 2 8 5
6.0638 8.9431 9.0692 11.01 11.937 11.972
1.5082 1.0928 1.4301 1.5243 1.527 2.0416
2288 16
3 8 3 2 8 5
5.9977 9.0306 9.0118 11.049 12.007 11.963
1.4668 0.98462 1.5 1.4763 1.5305 1.9822
2289 16
3 8 3 2 8 5
5.9847 9.0643 8.9679 11.096 12.04 12.04
1.5153 1.0471 1.4551 1.5209 1.4593 1.9245
2290 16
4 8 1 2 3 8
3.9931 5.0459 6.1242 7.9779 8.9677 11.952
2.4583 2.0349 1.8667 1.5227 1.4926 1.4845
2291 16
4 8 1 2 3 8
3.9998 4.9942 5.9987 7.973 8.9872 12.032
2.4895 1.9998 1.9541 1.4801 1.4561 1.5996
2292 16
4 8 1 2 3 8
4.0038 5.0235 6.0403 8.0312 9.0141 12.06
2.5953 2.0157 1.9661 1.4718 1.5168 1.5132
2293 16
4 8 1 2 3 8
3.9909 5.0794 5.8719 8.0306 8.9884 12.017
2.4227 1.9589 1.9774 1.5577 1.5288 1.4787
2294 16
5 4 3 8 3 5
2.9356 4.0001 5.9808 9.0531 9.0262 12.043
1.5798 2.456 1.612 0.97346 1.5225 2.0172
2295 16
5 4 3 8 3 5
2.9559 4.0289 5.9922 8.9403 9.0658 11.983
1.6263 2.5644 1.4287 1.0884 1.4399 2.056
2296 16
5 4 3 8 3 5
3.0554 3.9888 5.933 8.9948 9.073 12.068
1.5595 2.5237 1.4914 1.0209 1.5518 1.9409
2297 16
5 4 3 8 3 5
2.9005 4.0451 5.9415 9.0717 8.9525 11.925
1.4084 2.4512 1.4983 0.98482 1.4311 1.9548
2298 16
7 5 2 6 8 8
2.0581 2.9787 3.9845 7.5036 8.9181 12.017
1.905 1.5637 2.1455 1.5291 1.0324 1.4904
2299 16
7 5 2 6 8 8
2.0575 3.0834 3.9375 7.5265 9.0098 12.04
2.0017 1.4193 1.9473 1.5145 1.0634 1.4777
2300 16
7 5 2 6 8 8
2.0208 3.028 4.0151 7.5099 9.0053 11.929
2.0755 1.5152 1.9734 1.4779 0.98588 1.5987
2301 16
7 5 2 6 8 8
1.9642 3.1222 4.0279 7.4492 8.9419 11.987
2.0025 1.48 1.9491 1.6015 1.0766 1.5979
2302 16
3 4 8 7 5 2
2.0437 4.0707 5.0666 6.0381 8.0092 10.973
1.5717 2.4578 2.0976 1.5649 1.9963 1.4406
2303 16
3 4 8 7 5 2
1.9945 3.9744 5.006 6.0372 7.9347 10.956
1.4945 2.4096 1.9987 1.5027 2.036 1.4129
2304 16
3 4 8 7 5 2
2.0498 3.9516 5.0384 5.9465 8.0203 11.068
1.4778 2.3713 1.896 1.513 1.9386 1.5418
2305 16
3 7 5 8 7 8 2 5
2.0678 2.0457 3.0722 5.0692 6.05 8.9889 11.037 11.984
1.5415 2.0773 1.5476 2.0869 1.5538 1.0246 1.4421 1.9784
2306 16
3 7 5 8 7 8 2 5
2.0174 2.0037 2.9946 5.0266 6.0166 8.9446 11.033 11.985
1.5612 1.9336 1.4674 2.0244 1.4036 1.0491 1.4258 2.047
2307 16
3 7 5 8 7 8 2 5
2.0533 2.009 3.0607 4.9686 6.0635 8.9771 10.963 12.006
1.4757 1.9931 1.4713 1.9762 1.454 0.94828 1.5491 1.983
2308 16
7 2 3 6 5 8 2 8
1.9293 3.876 5.9608 7.4516 8.006 8.979 11.01 12.004
1.8633 1.9864 1.5064 1.4724 1.9734 0.94558 1.4634 1.416
2309 16
7 2 3 6 5 8 2 8
1.9574 4.0506 5.9996 7.5062 7.9321 8.9889 11.042 11.996
1.9873 2.0792 1.5331 1.4524 1.9613 1.0181 1.551 1.4512
2310 16
7 2 3 6 5 8 2 8
2.014 3.9514 6.0509 7.5178 7.9378 9.0814 11.029 11.95
1.9607 1.9823 1.4887 1.4114 2.0001 1.0357 1.5447 1.3748
