41
7090 16
4 7 5 2 6 5 7 3
2.0718 2.3088 3.1163 3.2224 3.5838 5.5802 7.9457 12.143
2.2417 2.9566 1.0438 1.2892 1.1601 2.9944 1.4236 2.7954
7091 16
5 6 4 2 2 1
1.3129 6.8963 7.4717 7.629 10.628 11.603
2.8165 2.105 1.7649 1.6919 2.3581 1.6848
7092 16
1 2 6 2
2.8279 4.8064 7.6356 13.088
2.3004 2.8882 2.4226 1.3091
7093 16
1 1 6 2
2.1912 6.0295 9.8023 11.922
2.4344 1.3301 2.2134 1.2294
7094 16
2 1 4 5 8
3.5095 5.7916 5.8196 9.9673 11.322
2.758 2.6409 1.2398 2.7763 1.5739
7095 16
1 4 3 7
1.959 4.0275 6.1214 5.986
1.5035 2.5478 1.4302 1.6053
7096 16
1 4 3 7
2.0556 4.0319 6.0542 5.9758
1.5162 2.5549 1.4832 1.4797
7097 16
1 4 3 7
2.0323 4.0273 5.9878 5.9132
1.5894 2.5373 1.5482 1.4902
7098 16
1 4 3 7
1.9885 3.9999 5.9766 6.0183
1.5603 2.4238 1.5106 1.4277
7099 16
2 6 2 8
4.0315 7.5667 7.9348 9.0432
2.0276 1.5088 1.4795 1.0117
7100 16
2 6 2 8
4.0493 7.4006 7.9716 9.0075
2.0911 1.4282 1.4032 1.0507
7101 16
2 6 2 8
4.0312 7.4746 7.901 9.0238
1.9217 1.556 1.5163 1.0248
7102 16
2 6 2 8
3.9326 7.5192 8.1136 8.9759
1.9771 1.5487 1.5683 0.96373
7103 16
3 8 3 2 8 5
2.0159 5.0066 5.9216 8.0755 9.0724 12.027
1.4559 1.9825 1.5102 1.4805 0.9379 1.8839
7104 16
3 8 3 2 8 5
2.0622 5.0868 6.0942 8.0229 9.0477 11.959
1.5394 2.0064 1.5279 1.5271 0.95308 2.0875
7105 16
3 8 3 2 8 5
1.9844 4.8775 6.027 7.9971 9.0614 11.951
1.4906 2.0214 1.4995 1.4849 0.96858 1.9828
7106 16
3 8 3 2 8 5
2.0827 5.0044 6.048 8.0118 9.0142 11.959
1.4674 1.9496 1.3957 1.5044 1.0269 2.0058
7107 16
3 8 3 2 8 5
5.992 9.0189 8.9602 10.984 11.938 12.01
1.4955 0.98552 1.5398 1.364 1.4565 1.9878
7108 16
3 8 3 2 8 5
5.9758 9.0392 8.975 10.983 12.038 12.103
1.4661 1.0449 1.4397 1.5677 1.5735 1.9903
7109 16
3 8 3 2 8 5
6.0557 9.0369 8.977 10.94 12.067 11.938
1.4831 0.98966 1.563 1.4522 1.5423 2.0026
7110 16
3 8 3 2 8 5
5.9063 9.0192 8.9894 11.003 12.044 11.951
1.4775 0.94517 1.5362 1.426 1.4365 1.9557
7111 16
4 8 1 2 3 8
3.9695 5.0044 6.0011 8.0419 8.9629 12.024
2.4494 2.0075 2.0063 1.5366 1.4394 1.522
7112 16
4 8 1 2 3 8
3.9666 4.948 6.0732 7.9543 8.9392 11.909
2.5724 2.0105 2.0973 1.4395 1.5276 1.4998
7113 16
4 8 1 2 3 8
3.9541 4.8804 5.9333 7.9749 8.9812 12.001
2.5286 2.0775 1.9576 1.5142 1.4283 1.5341
7114 16
4 8 1 2 3 8
3.9746 5.0037 6.0277 7.9366 9.0418 11.997
2.56 1.9735 1.9641 1.4948 1.4714 1.5255
7115 16
5 4 3 8 3 5
3.0753 4.0432 5.9574 8.924 9.0769 12.048
1.5251 2.4586 1.4749 1.0091 1.5768 2.0842
7116 16
5 4 3 8 3 5
3.0063 4.0181 5.9003 8.9361 8.9907 12.035
1.48 2.4717 1.4269 0.89076 1.5244 1.9307
7117 16
5 4 3 8 3 5
3.0056 4.0847 5.9667 9.0279 8.9707 11.995
1.5041 2.4506 1.521 1.0375 1.4865 1.9952
7118 16
5 4 3 8 3 5
3.046 4.0212 5.9956 8.9918 9.0879 12.058
1.4584 2.3926 1.4742 1.0025 1.5076 2.0132
7119 16
7 5 2 6 8 8
1.9938 2.9754 4.0218 7.4227 8.9997 11.989
2.1223 1.4087 2.0103 1.6146 0.99478 1.5001
7120 16
7 5 2 6 8 8
1.9603 3.0198 4.0677 7.4492 9.0097 12.031
1.9561 1.403 2.0598 1.5269 1.0306 1.4058
7121 16
7 5 2 6 8 8
2.0016 2.9353 4.0676 7.4538 9.0418 11.966
2.0246 1.5556 1.9035 1.4518 0.96893 1.489
7122 16
3 4 8 7 5 2
2.0642 3.9869 4.967 5.9151 7.9767 11.057
1.4628 2.4937 2.0032 1.4578 2.0601 1.5592
7123 16
3 4 8 7 5 2
2.0481 3.9868 4.9601 6.0462 7.9566 10.906
1.3864 2.4302 1.9189 1.4881 2.0143 1.6085
7124 16
3 4 8 7 5 2
2.0375 3.987 5.0694 5.9806 7.9928 11.02
1.4795 2.5479 2.0548 1.4619 2.0075 1.4793
7125 16
3 7 5 8 7 8 2 5
1.9637 1.9769 3.0309 4.9447 6.0727 9.0499 10.993 11.943
1.5213 1.9646 1.4988 2.0233 1.5394 0.96611 1.5581 2.0437
7126 16
3 7 5 8 7 8 2 5
2.0175 1.9897 2.9981 5.0567 5.9834 9.0286 10.985 11.989
1.5588 1.9718 1.505 2.0325 1.538 1.0319 1.4922 2.0027
7127 16
3 7 5 8 7 8 2 5
2.0883 2.0186 3.0108 5.0177 5.9311 9.0082 10.974 11.985
1.4894 2.0004 1.5362 2.0629 1.5089 1.0503 1.4407 1.9277
7128 16
7 2 3 6 5 8 2 8
2.0582 3.9907 5.9315 7.5689 7.9632 9.0417 10.984 11.927
1.9688 1.9556 1.466 1.5672 1.9337 0.98363 1.4269 1.5395
7129 16
7 2 3 6 5 8 2 8
1.9679 3.9564 5.9535 7.5064 7.9378 8.9698 11.07 11.979
2.0421 1.9583 1.5143 1.5343 1.9943 1.0046 1.5286 1.51
7130 16
7 2 3 6 5 8 2 8
2.0152 4.0776 6.0226 7.4958 7.9568 8.9508 10.929 11.978
2.049 1.9724 1.5129 1.4057 2.0006 0.99885 1.4183 1.5465
