42
4453 16
7 8 2 6 5 3 1
5.2674 8.9526 9.9963 10.115 10.852 11.455 14.561
2.0141 1.7113 1.5365 2.6719 1.3858 1.494 1.283
4454 16
2 3 1 6 2 7 4 6
3.8392 9.1381 10.556 11.627 11.965 12.159 12.891 13.15
2.6407 2.1496 1.8693 1.0644 2.1172 2.4066 2.301 1.281
4455 16
1 3 1 8 7
2.7327 6.467 10.852 10.953 11.961
2.7172 1.9458 1.887 1.252 1.9814
4456 16
8 4 6 2
0.22115 3.3896 5.0621 13.074
2.91 2.1023 1.6894 2.6866
4457 16
8 5 4 7 4
2.3117 5.2182 6.7764 6.8029 13.282
1.614 2.8471 1.7757 2.0278 1.1508
4458 16
1 4 3 7
2.0159 3.9798 5.9427 6.0514
1.4655 2.5117 1.4978 1.4301
4459 16
1 4 3 7
1.9959 3.9906 5.9858 5.9949
1.5058 2.3994 1.5675 1.4611
4460 16
1 4 3 7
1.9397 4.038 6.0606 5.9329
1.5092 2.4447 1.5088 1.4792
4461 16
1 4 3 7
2.0413 3.9652 6.0551 5.9502
1.5857 2.4187 1.4381 1.5161
4462 16
2 6 2 8
4.0299 7.5974 7.9968 8.9872
2.0518 1.5011 1.4587 0.89228
4463 16
2 6 2 8
4.094 7.4846 8.0406 9.0731
2.0243 1.5485 1.4466 0.94616
4464 16
2 6 2 8
4.0365 7.5185 8.0009 9.0387
1.9671 1.5062 1.5095 0.98531
4465 16
2 6 2 8
3.9914 7.4676 8.0448 8.9897
1.9227 1.4836 1.5033 0.83679
4466 16
3 8 3 2 8 5
1.9495 5.0175 5.863 7.9531 8.9262 12.003
1.4389 2.0567 1.3979 1.4597 1.0566 2.0115
4467 16
3 8 3 2 8 5
1.8938 4.9529 6.082 8.0518 9.0057 12.016
1.5035 1.917 1.4834 1.5428 0.92204 1.9878
4468 16
3 8 3 2 8 5
1.9623 4.9645 5.9916 8.0313 8.953 12.021
1.5484 2.035 1.5132 1.448 1.0201 1.9179
4469 16
3 8 3 2 8 5
2.0266 4.9541 5.9891 8.06 9.0482 12.01
1.5653 1.9921 1.4815 1.5077 1.0984 1.9521
4470 16
3 8 3 2 8 5
5.9155 9.0053 8.9764 11.017 11.926 11.972
1.5066 1.0182 1.4842 1.4797 1.5121 2.0306
4471 16
3 8 3 2 8 5
6.0347 8.9885 8.9596 10.988 11.995 11.974
1.5109 0.97117 1.4465 1.4775 1.5201 2.0853
4472 16
3 8 3 2 8 5
5.9577 8.9626 8.9138 11.044 11.943 12.046
1.4834 0.92545 1.5086 1.4692 1.4887 2.0332
4473 16
3 8 3 2 8 5
6.0453 8.8431 8.9612 11.073 11.961 12.135
1.5113 0.93334 1.517 1.4548 1.4499 2.0686
4474 16
4 8 1 2 3 8
3.9355 5.0693 6.0247 7.9187 8.9257 12.042
2.474 2.0559 2.0485 1.5304 1.4872 1.5031
4475 16
4 8 1 2 3 8
4.0351 5.013 5.97 7.9914 8.9759 12.018
2.5658 2.0378 1.9796 1.4961 1.4544 1.3505
4476 16
4 8 1 2 3 8
4.0045 4.9221 5.9722 8.1186 8.9636 12.07
2.5748 2.0197 1.9511 1.4456 1.413 1.4914
4477 16
4 8 1 2 3 8
4.0293 5.0038 5.9614 7.9835 9.0512 12.059
2.5382 2.0271 1.9922 1.4656 1.5278 1.5203
4478 16
5 4 3 8 3 5
2.9508 3.9896 5.9778 8.9947 8.913 12.129
1.5509 2.5241 1.5441 0.99753 1.5417 2.1035
4479 16
5 4 3 8 3 5
3.0466 4.0507 5.8865 8.9612 8.9325 12.048
1.4821 2.4241 1.5067 0.9667 1.4509 2.0349
4480 16
5 4 3 8 3 5
3.0372 4.0333 6.0343 9.0938 9.0067 12.026
1.5882 2.5157 1.4481 0.96163 1.4893 2.0083
4481 16
5 4 3 8 3 5
3.0914 3.9574 6.1338 8.9296 9 11.949
1.5236 2.4662 1.465 0.98422 1.4744 1.9501
4482 16
7 5 2 6 8 8
1.9315 2.9871 3.9825 7.592 8.9806 11.884
1.9568 1.4996 1.9907 1.545 0.90658 1.4558
4483 16
7 5 2 6 8 8
2.02 3.0228 4.0451 7.52 8.9943 12.025
1.9789 1.506 1.9259 1.4792 0.97113 1.5419
4484 16
7 5 2 6 8 8
2.0133 3.0312 3.9813 7.4528 8.9525 12.043
2.0933 1.4598 1.9591 1.4031 0.97592 1.4613
4485 16
7 5 2 6 8 8
1.9913 2.9774 3.9361 7.5318 9.0004 11.968
1.9382 1.5181 1.951 1.5569 0.99305 1.5065
4486 16
3 4 8 7 5 2
2.0016 3.9959 4.9989 6.0405 7.9911 10.942
1.5268 2.5171 2.0412 1.5084 2.0234 1.5089
4487 16
3 4 8 7 5 2
1.8975 3.9828 4.9881 6.0741 8.0359 11.003
1.4673 2.5596 2.0129 1.4464 2.018 1.5604
4488 16
3 4 8 7 5 2
1.9633 3.9676 5.0581 5.9939 7.9603 11.085
1.3439 2.5224 1.9578 1.5406 1.9565 1.4196
4489 16
3 7 5 8 7 8 2 5
1.9848 1.9998 3.0267 4.9293 5.9716 9.0378 11.101 11.929
1.4539 1.9862 1.5225 1.9378 1.4518 0.97507 1.4691 2.0393
4490 16
3 7 5 8 7 8 2 5
1.9757 2.0495 3.0371 4.9862 6.0328 8.9689 10.966 12.012
1.4956 2.0051 1.4644 1.9983 1.4546 0.95712 1.4957 2.0045
4491 16
3 7 5 8 7 8 2 5
1.9964 2.0173 3.0542 5.0036 5.9961 8.9913 10.993 12.08
1.5215 2.0688 1.4951 1.9502 1.5208 0.94752 1.4485 2.0041
4492 16
7 2 3 6 5 8 2 8
2.0728 4.0641 5.9547 7.5186 8.1023 8.971 11.005 12.025
2.0487 2.036 1.5754 1.4986 1.9706 0.97587 1.5448 1.5581
4493 16
7 2 3 6 5 8 2 8
1.9935 3.961 6.0494 7.3984 8.074 8.9786 11.017 11.933
1.9846 1.9035 1.533 1.5074 2.1055 0.87131 1.4506 1.467
4494 16
7 2 3 6 5 8 2 8
2.0192 3.9259 6.0169 7.4893 7.9258 8.9952 11.015 11.979
1.9489 1.998 1.4414 1.5132 2.0177 1.0353 1.5232 1.5377
