41
9878 16
5 1 7 8 2
2.8885 3.9699 4.9115 9.2007 10.507
2.4272 2.6211 1.4532 2.4016 1.6695
9879 16
4 2 3 4 1
2.49 5.1325 7.3804 11.95 12.94
1.1555 1.6071 2.0969 2.0296 1.9323
9880 16
4 8 3 2 7 1
4.7066 4.7387 6.4735 7.2706 12.038 13.83
2.5136 2.0707 2.7812 1.9727 1.8516 1.8091
9881 16
4 6 3 7
1.1492 6.2331 6.8012 10.022
1.783 1.1469 2.1287 1.8566
9882 16
6 2 2 6
0.35622 0.56089 4.4008 4.9285
1.8848 1.7609 2.6142 2.6542
9883 16
1 4 3 7
1.9162 3.9833 5.9163 6.0396
1.4883 2.4944 1.4577 1.4198
9884 16
1 4 3 7
2.0597 4.1084 5.8994 5.9853
1.4818 2.4646 1.5411 1.5275
9885 16
1 4 3 7
2.0264 3.9965 6.0187 5.9729
1.5084 2.4718 1.5295 1.4696
9886 16
1 4 3 7
1.996 4.1515 6.0225 5.9763
1.4365 2.4719 1.4698 1.5867
9887 16
2 6 2 8
4.0098 7.5494 8.0158 8.9569
1.8918 1.493 1.5439 0.96604
9888 16
2 6 2 8
3.932 7.4045 7.8658 9.1213
1.9535 1.4857 1.5329 0.99931
9889 16
2 6 2 8
4.0176 7.4783 7.9729 9.0313
2.0387 1.5669 1.3891 0.96835
9890 16
2 6 2 8
4.0412 7.5423 7.9364 9.0125
1.972 1.4701 1.483 1.0091
9891 16
3 8 3 2 8 5
2.0735 5.0308 5.9468 7.9324 8.9786 11.956
1.4934 2.037 1.5416 1.5456 0.99621 2.0342
9892 16
3 8 3 2 8 5
2.0228 5.0077 5.9978 8.0224 9.0476 12.089
1.4649 2.0065 1.4034 1.4946 0.98024 1.9852
9893 16
3 8 3 2 8 5
1.9936 4.9978 5.8998 7.9723 9.0157 12.016
1.4431 1.9502 1.4034 1.5452 0.957 1.9928
9894 16
3 8 3 2 8 5
1.9277 5.0296 6.0725 8.0768 8.9387 11.968
1.504 1.9435 1.464 1.5116 0.93862 1.9919
9895 16
3 8 3 2 8 5
5.8472 8.9535 9.0264 10.948 11.957 12.038
1.5246 0.99991 1.5033 1.463 1.4898 2.0259
9896 16
3 8 3 2 8 5
5.9294 8.9951 9.0177 10.941 11.973 11.935
1.5116 1.0198 1.4816 1.5513 1.4682 1.9944
9897 16
3 8 3 2 8 5
6.0395 9.0387 8.9644 10.979 12.003 12.045
1.5466 0.96517 1.4771 1.5527 1.5221 1.8754
9898 16
3 8 3 2 8 5
5.9999 8.973 9.0266 11.015 12.027 11.966
1.5514 1.0593 1.4393 1.4948 1.4334 1.9848
9899 16
4 8 1 2 3 8
4.0095 5.0502 5.919 8.0095 8.9122 11.966
2.5257 1.9768 1.9896 1.5269 1.5026 1.4704
9900 16
4 8 1 2 3 8
3.9756 5.0127 6.0069 8.0754 8.9579 12.069
2.5262 1.9926 1.9803 1.452 1.4907 1.3738
9901 16
4 8 1 2 3 8
3.9493 4.9707 5.9799 8.0189 8.993 11.961
2.5172 1.9912 2.0834 1.5354 1.4994 1.4786
9902 16
4 8 1 2 3 8
4.0327 5.0283 6.0056 7.9698 8.9723 12.096
2.5081 2.0491 1.9996 1.5544 1.4964 1.5494
9903 16
5 4 3 8 3 5
3.0193 3.9622 5.983 9.0437 8.9623 11.996
1.5118 2.5484 1.5068 0.9337 1.4864 2.0128
9904 16
5 4 3 8 3 5
3.0136 3.8811 5.9211 9.1177 9.0342 12.062
1.4369 2.5079 1.4904 1.0959 1.4964 2.0527
9905 16
5 4 3 8 3 5
3.0201 3.9643 6.0158 9.0217 8.9893 12.021
1.4152 2.5088 1.5102 1.0475 1.5395 1.9368
9906 16
5 4 3 8 3 5
3.0286 3.9572 5.9488 9.0607 9.0483 12.095
1.5482 2.499 1.4329 1.0605 1.5455 1.9656
9907 16
7 5 2 6 8 8
2.0111 2.9377 4.0636 7.4512 9.0375 12.051
1.9962 1.5508 1.9628 1.5212 0.83353 1.48
9908 16
7 5 2 6 8 8
2.0058 2.9399 4.0447 7.5514 9.0208 12.005
2.0166 1.4153 1.9848 1.496 0.9816 1.5409
9909 16
7 5 2 6 8 8
2.0174 2.9859 3.9927 7.5002 8.964 11.951
2.0657 1.5443 2.0309 1.4191 0.95974 1.5963
9910 16
3 4 8 7 5 2
2.0257 4.0556 4.9533 6.0391 8.016 11.018
1.4643 2.4439 2.0538 1.564 2.0469 1.4809
9911 16
3 4 8 7 5 2
2.0621 4.0219 5.0403 6.0537 8.0264 10.954
1.558 2.4748 1.9595 1.5035 2.0257 1.4884
9912 16
3 4 8 7 5 2
2.0065 3.9649 4.8861 6.0129 8.0024 11.043
1.4271 2.5155 1.9747 1.4541 1.9984 1.4906
9913 16
3 7 5 8 7 8 2 5
2.0382 2.0301 2.9752 4.9339 5.9286 9.0203 10.962 11.847
1.52 1.9907 1.445 2.0835 1.4603 1.0626 1.4635 2.0286
9914 16
3 7 5 8 7 8 2 5
2.0626 1.9947 2.9669 5.0407 6.0279 9.0234 11.033 11.981
1.4519 1.9343 1.5074 2.0776 1.5221 1.0185 1.4584 2.0118
9915 16
3 7 5 8 7 8 2 5
1.8983 2.0437 3.022 4.9249 5.9933 8.9416 11.055 11.867
1.5134 2.0198 1.5097 1.9922 1.5227 1.0285 1.4598 2.0261
9916 16
7 2 3 6 5 8 2 8
1.9364 3.9565 5.9667 7.5981 8.0065 9.0414 10.958 11.995
2.0699 1.9765 1.4836 1.5613 2.0537 1.0917 1.5586 1.515
9917 16
7 2 3 6 5 8 2 8
2.0627 4.0371 6.0198 7.4651 8.1041 9.0243 11.102 12.011
1.9581 2.077 1.4705 1.5282 1.9593 0.97314 1.5209 1.5493
9918 16
7 2 3 6 5 8 2 8
1.9826 4.0027 5.9754 7.4509 8.0058 9.0465 10.92 11.965
1.9905 1.9908 1.4945 1.4264 1.9565 1.0006 1.4585 1.5433
