42
6511 16
3 8 2 8 3 7 4
0.91089 2.0101 3.3761 6.5715 9.731 10.904 12.624
2.0305 1.2154 2.8234 1.3196 2.1013 2.362 2.5316
6512 16
7 3 6 8 3 4 1 3
0.81402 1.5717 1.9112 3.3163 4.4491 5.7432 8.9777 10.687
2.3328 1.9603 2.2026 1.8119 1.8628 1.0107 2.401 2.917
6513 16
6 3 4 5 3
1.7791 8.0352 9.517 11.951 13.042
2.1341 1.0581 2.9208 1.4408 2.7973
6514 16
2 4 4 7
5.02 7.2015 11.855 12.165
2.789 1.0094 1.6612 1.7045
6515 16
5 7 4 2 8
2.3979 5.5572 6.1334 6.2575 8.4742
2.6393 2.9533 2.532 2.8366 1.2363
6516 16
1 4 3 7
2.0184 4.0619 6.0129 6.0776
1.544 2.4159 1.4641 1.4821
6517 16
1 4 3 7
2.0015 4.0516 6.0017 6.0151
1.4408 2.4834 1.4959 1.502
6518 16
1 4 3 7
2.0143 4.1076 6.0482 5.946
1.5254 2.4924 1.4379 1.5453
6519 16
1 4 3 7
2.059 3.958 5.9409 6.0803
1.4591 2.5833 1.4495 1.441
6520 16
2 6 2 8
3.9754 7.4919 7.929 8.933
2.0227 1.4784 1.4876 0.93954
6521 16
2 6 2 8
3.9856 7.5053 8.0312 8.9795
1.9647 1.5532 1.5019 1.0052
6522 16
2 6 2 8
4.1052 7.492 7.9886 9.0005
2.0299 1.4673 1.5343 0.9551
6523 16
2 6 2 8
3.9599 7.5016 8.0604 9.0127
1.993 1.4632 1.5813 1.0069
6524 16
3 8 3 2 8 5
2.0669 4.9109 6.0138 7.967 8.9848 11.969
1.5428 1.9105 1.4491 1.5579 0.9705 1.9657
6525 16
3 8 3 2 8 5
1.9432 5.0296 6.0449 8.0419 8.9295 12.086
1.4832 1.9229 1.5494 1.4812 1.0131 1.9856
6526 16
3 8 3 2 8 5
1.9744 5.0181 6.0508 7.9161 8.9998 12.044
1.4676 1.9117 1.4873 1.4358 0.92766 1.9229
6527 16
3 8 3 2 8 5
2.032 4.9765 6.0588 7.9776 9.1227 12.034
1.5174 2.0158 1.5644 1.4896 0.98633 2.0633
6528 16
3 8 3 2 8 5
6.0556 8.9291 9.0013 10.958 12.102 11.985
1.5526 0.95878 1.4668 1.566 1.5095 2.0274
6529 16
3 8 3 2 8 5
5.9879 9.0574 9.0621 11.027 12.029 12.039
1.5407 0.95818 1.5386 1.489 1.4572 1.994
6530 16
3 8 3 2 8 5
5.9327 9.0005 9.0311 11.032 12.086 11.98
1.47 0.9941 1.4667 1.5043 1.5104 1.9544
6531 16
3 8 3 2 8 5
6.0928 8.9859 9.0118 11.028 12.037 12.026
1.5086 1.0301 1.4484 1.4976 1.5051 1.9692
6532 16
4 8 1 2 3 8
4.0777 5.0552 6.0065 7.9647 9.0285 12.012
2.4705 2.0148 1.9121 1.4951 1.5155 1.5044
6533 16
4 8 1 2 3 8
3.9741 4.9965 5.8347 7.9599 9.0045 11.967
2.5242 1.9116 1.9445 1.5439 1.5266 1.4528
6534 16
4 8 1 2 3 8
3.9601 4.9157 5.988 8.0131 9.0746 11.96
2.5884 1.9629 1.895 1.5283 1.4984 1.4369
6535 16
4 8 1 2 3 8
4.0187 5.0149 5.9745 7.9228 8.9818 11.945
2.4833 2.0404 2.0376 1.463 1.4913 1.5116
6536 16
5 4 3 8 3 5
3.0475 3.9746 6.0522 9.0478 9.0564 12.056
1.4855 2.5741 1.4398 1.04 1.4697 2.0061
6537 16
5 4 3 8 3 5
3.0335 3.9977 5.9893 8.7874 8.8868 11.994
1.4313 2.5224 1.441 0.9243 1.5607 2.0312
6538 16
5 4 3 8 3 5
2.958 3.9003 6.0285 9.0359 9.0213 11.953
1.526 2.5126 1.4508 1.0334 1.5241 2.0505
6539 16
5 4 3 8 3 5
3.0097 3.9656 6.023 9.0191 8.9527 12.022
1.4219 2.443 1.4611 0.90991 1.48 2.0059
6540 16
7 5 2 6 8 8
1.9098 3.0305 3.9676 7.4912 9.0229 12.058
1.9796 1.4978 2.0378 1.578 0.97522 1.4551
6541 16
7 5 2 6 8 8
2.0653 2.9668 3.9891 7.5173 8.9987 12.043
1.9823 1.4786 1.9971 1.6306 0.98405 1.5719
6542 16
7 5 2 6 8 8
1.9137 2.9816 4.0115 7.5683 8.989 11.95
1.9969 1.4337 1.9732 1.4569 0.97027 1.5308
6543 16
7 5 2 6 8 8
2.0143 2.8966 4.1218 7.4947 8.9784 12.009
1.9637 1.498 2.0055 1.4703 1.0014 1.418
6544 16
3 4 8 7 5 2
2.0276 4.0635 4.999 6.0567 8.1225 11.027
1.4467 2.5682 2.0258 1.4551 1.9626 1.5396
6545 16
3 4 8 7 5 2
2.0376 3.9731 5.08 6.0504 8.0517 11.01
1.4883 2.5325 1.9939 1.5435 2.0196 1.4782
6546 16
3 4 8 7 5 2
2.063 3.9518 4.9574 6.042 7.9395 11.035
1.532 2.5403 1.9878 1.5556 2.0416 1.4498
6547 16
3 7 5 8 7 8 2 5
2.0045 2.0206 2.9223 5.0389 6.0057 9.0888 11.013 11.992
1.6005 1.9691 1.4672 1.9677 1.5502 0.83203 1.4763 1.9785
6548 16
3 7 5 8 7 8 2 5
1.9821 2.0053 2.9562 4.9745 5.9278 9.0108 11.005 11.976
1.462 1.9731 1.4391 1.9978 1.5618 1.0731 1.5128 2
6549 16
3 7 5 8 7 8 2 5
2.0154 1.9285 3.0088 5.1243 6.0489 9.0058 10.998 11.979
1.5279 2.0421 1.5417 1.9543 1.523 1.0097 1.5197 2.0555
6550 16
7 2 3 6 5 8 2 8
1.9789 4.0399 6.0943 7.5502 8.1048 8.976 11.106 12.036
2.0107 2.0741 1.5425 1.4946 1.9186 0.88817 1.4817 1.5399
6551 16
7 2 3 6 5 8 2 8
1.9773 3.9708 6.1145 7.5149 7.9952 8.931 11.005 12.023
2.0196 1.9763 1.5323 1.5797 1.9528 0.98073 1.5657 1.5963
6552 16
7 2 3 6 5 8 2 8
2.0015 3.9627 6.0166 7.4145 7.939 9.01 10.965 12.005
2.0007 2.0426 1.5139 1.4974 1.9925 1.0091 1.5056 1.4206
