42
1219 16
6 7 8 6 1 3
0.13549 1.7269 6.2061 8.1817 11.342 12.273
2.8251 1.5853 1.3624 1.215 1.4451 1.4486
1220 16
5 8 1 8 7 4
2.4039 3.6843 8.9767 11.22 11.41 12.843
2.2583 1.4325 2.5389 2.1157 2.9575 1.0822
1221 16
8 1 8 5 8 4 7
0.7292 6.0613 6.4204 8.9873 10.793 11.56 13.017
2.5654 2.818 2.5311 2.5673 2.8308 1.3507 1.1878
1222 16
6 6 3 2 6 2
2.2396 4.6849 5.6878 8.4691 8.531 10.773
1.8129 2.0342 2.357 1.4179 2.5314 2.6788
1223 16
7 4 8 6 5 6
3.7869 6.9636 7.8606 8.1088 9.6697 10.537
2.5715 1.4002 2.1042 1.9844 2.8697 1.5173
1224 16
1 4 3 7
2.032 4.0154 5.9641 5.9986
1.523 2.4811 1.5583 1.5238
1225 16
1 4 3 7
1.998 3.9636 6.0135 6.024
1.5294 2.5025 1.546 1.5129
1226 16
1 4 3 7
1.969 3.9907 5.9861 5.9509
1.4364 2.5256 1.4737 1.524
1227 16
1 4 3 7
1.9547 4.0536 6.0213 6.0166
1.5324 2.6044 1.535 1.5475
1228 16
2 6 2 8
4.1053 7.5756 8.0549 8.9626
1.9998 1.5587 1.5733 0.95489
1229 16
2 6 2 8
4.0517 7.5454 8.031 9.1186
1.9762 1.5038 1.4482 1.066
1230 16
2 6 2 8
4.0239 7.4243 7.9756 8.9879
1.9438 1.4927 1.4501 1.0209
1231 16
2 6 2 8
3.9604 7.3671 7.9408 9.0649
1.9385 1.5541 1.5204 1.0343
1232 16
3 8 3 2 8 5
1.983 4.9768 6.0896 7.9424 9.0733 11.998
1.5481 2.0404 1.5985 1.4992 0.96493 2.0528
1233 16
3 8 3 2 8 5
1.9952 4.9685 6.1101 7.9728 8.9326 11.943
1.5458 1.9676 1.4951 1.5055 0.93177 2.0541
1234 16
3 8 3 2 8 5
2.0182 4.9352 5.8874 8.0245 8.9752 12.006
1.4745 1.9858 1.5596 1.5145 0.98621 1.957
1235 16
3 8 3 2 8 5
2.08 5.0487 5.9564 7.9574 8.9538 12.019
1.5651 1.975 1.5536 1.4879 1.002 1.9852
1236 16
3 8 3 2 8 5
6.0767 8.979 8.9798 10.939 12.025 11.946
1.5174 1.0691 1.4539 1.5338 1.5532 1.912
1237 16
3 8 3 2 8 5
5.988 8.9909 8.9976 11.026 11.997 12.013
1.4862 0.90366 1.4709 1.4337 1.5116 1.9562
1238 16
3 8 3 2 8 5
6.0213 9.0227 8.9735 11.095 11.977 12.018
1.4275 1.0004 1.4866 1.5481 1.4547 2.056
1239 16
3 8 3 2 8 5
5.9609 9.1345 8.9916 11.022 11.989 11.898
1.4798 0.92201 1.4851 1.5497 1.5086 1.9485
1240 16
4 8 1 2 3 8
3.9732 5.0881 5.9645 8.0146 9.0192 12.005
2.4736 2.0668 1.9556 1.575 1.4772 1.4889
1241 16
4 8 1 2 3 8
3.9456 4.9607 6.0323 8.0587 9.0143 12.036
2.4819 2.0198 2.0351 1.4444 1.5321 1.4764
1242 16
4 8 1 2 3 8
3.9384 5.0152 6.0023 8.0604 9.0269 11.98
2.4974 2.0804 1.9533 1.5165 1.5985 1.5577
1243 16
4 8 1 2 3 8
4.0418 4.9884 5.9913 7.9802 9.0638 12.018
2.5384 1.9716 1.8951 1.4942 1.5595 1.5704
1244 16
5 4 3 8 3 5
3.0046 4.0357 6.0392 8.9692 8.9767 11.899
1.5341 2.5151 1.525 0.98484 1.4011 1.9016
1245 16
5 4 3 8 3 5
2.9882 3.9727 6.0499 9.0702 8.9634 11.985
1.4186 2.5172 1.5308 1.0632 1.5112 2.0573
1246 16
5 4 3 8 3 5
3.0738 3.9674 6.0279 9.0312 8.9861 11.905
1.5335 2.5155 1.4753 0.96746 1.4916 2.0282
1247 16
5 4 3 8 3 5
3.0495 3.9048 5.9998 9.0008 8.9454 12.042
1.477 2.5126 1.5198 1.008 1.6154 1.9466
1248 16
7 5 2 6 8 8
1.9684 2.96 3.9644 7.4589 9.0185 11.993
1.9202 1.4627 2.0904 1.5574 1.0068 1.4943
1249 16
7 5 2 6 8 8
1.9781 3.0198 3.9572 7.5055 9.1122 11.961
1.9159 1.4459 1.9189 1.5604 1.0421 1.4284
1250 16
7 5 2 6 8 8
2.0458 2.9558 3.953 7.531 8.9095 11.908
1.9781 1.5169 1.9895 1.4693 1.1016 1.4663
1251 16
7 5 2 6 8 8
1.9809 3.0155 4.0582 7.5333 9.029 12.078
1.972 1.4624 1.8176 1.4998 1.0765 1.5597
1252 16
3 4 8 7 5 2
1.9541 4.0464 4.9839 6.1405 7.9331 11.023
1.5229 2.5169 2.0699 1.5538 1.9483 1.5287
1253 16
3 4 8 7 5 2
2.0226 4.0527 4.9728 5.9738 7.9843 11.021
1.4104 2.4506 2.0535 1.4812 1.9718 1.5014
1254 16
3 4 8 7 5 2
1.998 3.9918 4.9749 5.9105 7.9199 10.94
1.4991 2.5507 1.972 1.5179 2.0651 1.5566
1255 16
3 7 5 8 7 8 2 5
1.916 2.0079 3.0047 5.0025 6.042 9.0303 10.907 11.974
1.4969 2.036 1.4864 2.0214 1.5581 0.98926 1.5205 2.032
1256 16
3 7 5 8 7 8 2 5
2.0189 1.9875 3.0105 5.0035 5.9334 8.9999 10.982 11.918
1.5063 2.0676 1.6052 2.0715 1.4951 1.0108 1.5129 2.0053
1257 16
3 7 5 8 7 8 2 5
2.0406 2.0543 3.0627 5.0598 6.0494 8.9603 10.999 12.038
1.5356 2.0447 1.5295 1.9819 1.5211 0.94297 1.5449 2.051
1258 16
7 2 3 6 5 8 2 8
2.042 4.0336 6.0661 7.3941 7.9636 8.9441 10.948 11.936
1.9957 1.9999 1.5274 1.4907 1.9762 1.0139 1.6011 1.533
1259 16
7 2 3 6 5 8 2 8
1.9125 3.9707 5.9623 7.4542 7.9564 9.0944 11.128 11.965
1.9734 2.0093 1.4378 1.3258 2.0132 0.92109 1.5466 1.5255
1260 16
7 2 3 6 5 8 2 8
1.8764 4.0553 6.0754 7.4757 8.017 9.0079 11.002 11.981
1.9937 2.029 1.4821 1.5518 2.0134 0.99771 1.5634 1.5553
