42
2563 16
7 1 8 6
0.75528 4.0681 12.253 14.204
2.7779 2.6763 1.6301 1.5096
2564 16
6 1 6 4 2 8 6 2
3.7164 6.5539 7.6403 8.6028 10.758 10.925 12.501 14.327
1.7934 1.7926 1.6521 1.3537 2.6434 2.1797 1.7991 1.1499
2565 16
5 7 1 2 6 6
1.6266 3.6135 4.3415 4.626 7.3372 11.179
1.7404 2.5056 1.6717 2.2117 1.8072 2.1851
2566 16
4 2 2 8
0.19538 1.1517 9.9974 12.27
2.0816 2.4675 2.3254 2.071
2567 16
4 7 4 7 6
1.7669 4.6047 9.2519 10.348 12.532
2.8074 2.5783 2.012 2.7587 1.6589
2568 16
1 4 3 7
1.9599 4.0835 6.0567 6.0547
1.4721 2.4525 1.5253 1.5377
2569 16
1 4 3 7
1.9798 4.0941 5.9268 6.0821
1.4198 2.5191 1.5083 1.5094
2570 16
1 4 3 7
2.0751 4.0242 6.0135 6.0238
1.5562 2.5562 1.4697 1.4157
2571 16
1 4 3 7
2.0651 3.962 5.9633 6.0433
1.5103 2.4453 1.5438 1.5302
2572 16
2 6 2 8
4.0248 7.498 7.9 9.0983
1.9221 1.5177 1.4489 0.99701
2573 16
2 6 2 8
4.0331 7.4671 8.0097 8.9678
2.0443 1.3674 1.4406 1.007
2574 16
2 6 2 8
4.0577 7.5036 7.9645 8.9843
2.0281 1.4845 1.5307 1.0469
2575 16
2 6 2 8
4.0346 7.4457 8.0364 8.9992
1.9936 1.5346 1.4681 1.0236
2576 16
3 8 3 2 8 5
2.0992 5.0124 5.9894 8.0307 9.0159 12.083
1.5582 1.9756 1.4185 1.6184 0.97456 2.0609
2577 16
3 8 3 2 8 5
1.9787 4.8763 5.8946 8.0326 8.9471 12.044
1.6133 2.0003 1.4733 1.4857 1.0492 2.0442
2578 16
3 8 3 2 8 5
1.9925 4.9446 5.997 7.9774 9.0268 11.993
1.5171 1.9585 1.5542 1.5311 0.99991 1.9239
2579 16
3 8 3 2 8 5
2.0051 5.0273 6.0665 7.9313 9.0628 11.966
1.495 2.0714 1.4806 1.4004 0.96122 1.9893
2580 16
3 8 3 2 8 5
6.0179 8.9553 9.0303 10.993 12.033 11.96
1.3728 1.0197 1.492 1.5142 1.5292 2.0255
2581 16
3 8 3 2 8 5
5.9404 8.9655 8.921 10.969 11.946 11.991
1.5533 0.93902 1.5051 1.592 1.4901 2.0129
2582 16
3 8 3 2 8 5
5.9837 9.0148 8.9672 10.969 12.033 12.036
1.4832 1.0188 1.4394 1.5091 1.5256 1.9981
2583 16
3 8 3 2 8 5
5.9998 9.0318 9.0901 11.015 11.991 12
1.4696 0.99965 1.4411 1.5032 1.4787 2.0729
2584 16
4 8 1 2 3 8
4.0046 5.0883 6.1016 8.0219 9.022 11.926
2.4428 1.9773 2.0484 1.5248 1.4588 1.5753
2585 16
4 8 1 2 3 8
4.0184 4.994 6.0493 8.1192 9.0594 12.032
2.4605 2.0175 2.0149 1.438 1.5274 1.4994
2586 16
4 8 1 2 3 8
4.0191 4.9948 6.0714 7.9893 9.1398 11.995
2.4528 2.0239 1.9853 1.5241 1.526 1.5617
2587 16
4 8 1 2 3 8
4.0835 5.0665 6.0437 8.0518 9.0087 12.016
2.5154 1.9926 1.9018 1.4811 1.5682 1.5308
2588 16
5 4 3 8 3 5
3.059 3.9949 6.0306 9.0816 8.9344 11.983
1.5259 2.5927 1.5275 0.97014 1.501 2.067
2589 16
5 4 3 8 3 5
2.997 4.0002 5.9569 9.032 9.0125 12.057
1.5086 2.4823 1.5162 1.022 1.465 2.0466
2590 16
5 4 3 8 3 5
2.9396 4.0399 5.9975 9.0208 8.9058 11.956
1.4231 2.5119 1.4172 1.053 1.4387 2.0186
2591 16
5 4 3 8 3 5
3.0101 3.9334 6.0992 8.9724 8.9681 12.037
1.5078 2.5354 1.5997 1.0037 1.4635 1.9859
2592 16
7 5 2 6 8 8
1.9707 3.0204 3.9072 7.559 9.0445 11.95
2.0266 1.5314 1.9612 1.4032 0.97457 1.4932
2593 16
7 5 2 6 8 8
1.9374 3.0548 4.0626 7.5111 9.0099 12.046
2.0792 1.5112 2.0218 1.4878 1.0497 1.3998
2594 16
7 5 2 6 8 8
2.0737 2.9747 3.9408 7.5025 8.9528 12.069
1.9891 1.4686 2.0021 1.5499 0.93139 1.5792
2595 16
7 5 2 6 8 8
1.9896 2.9744 3.9975 7.5975 9.0532 11.992
1.9802 1.4864 1.9792 1.463 1.0739 1.5343
2596 16
3 4 8 7 5 2
1.9072 4.0141 4.9836 6.005 7.9093 11.025
1.5234 2.5124 1.949 1.5785 2.0028 1.5561
2597 16
3 4 8 7 5 2
2.0117 3.9887 4.9859 6.0029 8.0832 11.043
1.4971 2.5156 2.0177 1.4859 2.0054 1.5193
2598 16
3 4 8 7 5 2
2.1151 3.9845 5.0754 5.9485 7.9807 11
1.6033 2.6158 2.0539 1.5225 2.0185 1.4232
2599 16
3 7 5 8 7 8 2 5
2.0178 1.9264 2.9532 4.8813 6.0061 8.8883 11.053 11.959
1.484 1.914 1.5407 2.0015 1.5687 0.98024 1.4432 1.9468
2600 16
3 7 5 8 7 8 2 5
1.9717 1.9941 2.9983 4.9656 5.9096 8.9819 11.03 12.016
1.5547 1.9917 1.5769 2.0099 1.4949 0.98574 1.5525 1.9119
2601 16
3 7 5 8 7 8 2 5
2.0362 1.8774 3.0495 4.9739 6.0485 9.0228 10.961 11.967
1.5174 1.9221 1.5515 1.9683 1.5407 0.94346 1.5414 1.9562
2602 16
7 2 3 6 5 8 2 8
2.0329 3.9628 5.9449 7.5541 8.0937 9.0154 10.975 12.057
1.9907 1.9993 1.5249 1.4189 1.925 0.95162 1.478 1.633
2603 16
7 2 3 6 5 8 2 8
1.9482 3.9829 5.9531 7.5394 8.0445 9.0433 11.045 11.887
1.9738 2.0371 1.5458 1.639 1.9644 1.0302 1.5334 1.4176
2604 16
7 2 3 6 5 8 2 8
2.0172 4.1152 6.0256 7.489 7.96 8.942 10.997 12.004
2.0401 2.0617 1.5531 1.4875 1.974 0.99049 1.4475 1.547
