41
7254 16
5 3 1 5 8 6
2.0904 2.8801 5.9904 6.8335 11.792 13.117
2.0097 2.259 2.1648 1.3239 1.3386 1.2096
7255 16
2 8 7 6 3 7 4
0.44658 0.57825 1.0099 3.6081 4.2957 5.0629 6.6812
1.2812 2.7949 1.8853 1.9623 1.8745 1.6126 2.5642
7256 16
7 8 2 8 2 1 5
0.61761 5.8253 6.088 9.063 9.3058 11.191 13.127
1.4951 2.7076 1.3602 2.744 2.1602 1.5957 1.388
7257 16
4 6 8 5 6 4 8
0.14082 0.14268 2.1257 5.8022 6.7155 7.1721 7.9856
1.9525 1.8405 2.9249 2.8779 2.1099 2.7885 2.7405
7258 16
5 6 7 7
0.11389 2.7565 5.2423 9.9331
2.9772 1.6187 2.9623 2.0815
7259 16
1 4 3 7
1.9655 4.0596 5.9829 5.964
1.5295 2.5479 1.4911 1.4411
7260 16
1 4 3 7
1.9932 4.0693 5.9079 5.9773
1.431 2.5387 1.5154 1.5571
7261 16
1 4 3 7
1.9991 3.9905 6.0752 5.9455
1.4949 2.5005 1.5206 1.5617
7262 16
1 4 3 7
2.0539 3.9046 6.0103 6.0006
1.5155 2.5413 1.5224 1.5056
7263 16
2 6 2 8
3.984 7.4886 7.9673 9.0323
2.0112 1.5012 1.502 0.94142
7264 16
2 6 2 8
3.962 7.5417 8.0717 9.001
2.0167 1.5075 1.5191 0.98649
7265 16
2 6 2 8
3.98 7.5392 7.9949 8.9878
2.0336 1.5016 1.5114 1.0441
7266 16
2 6 2 8
3.9706 7.4813 7.9561 8.9651
1.9443 1.4692 1.5678 0.93891
7267 16
3 8 3 2 8 5
1.9851 4.9844 5.9353 7.9099 8.9526 11.986
1.4099 2.0483 1.4407 1.5106 0.99762 1.9817
7268 16
3 8 3 2 8 5
1.9412 5.0162 6.01 7.9543 9.0339 11.926
1.5238 2.0125 1.5023 1.5128 0.9329 1.9865
7269 16
3 8 3 2 8 5
2.0859 4.9576 5.9439 7.9975 8.9764 12.04
1.5137 2.0111 1.5372 1.4911 1.0654 1.9377
7270 16
3 8 3 2 8 5
1.9983 4.9415 5.9951 7.9763 9.0612 12.015
1.5265 1.9972 1.4615 1.5069 1.0569 2.0543
7271 16
3 8 3 2 8 5
5.9602 9.0132 8.9865 11.07 11.948 11.93
1.4229 1.0227 1.5583 1.4596 1.4928 2.0482
7272 16
3 8 3 2 8 5
6.006 9.0311 8.9834 10.974 12.002 11.991
1.5989 1.013 1.467 1.4891 1.5482 2.0809
7273 16
3 8 3 2 8 5
5.9316 9.016 9.0101 11.073 12.055 12.011
1.6131 1.0332 1.4724 1.4382 1.637 1.973
7274 16
3 8 3 2 8 5
6.0554 9.061 8.9535 11.017 12.063 11.918
1.4905 0.97025 1.4588 1.4797 1.4689 2.0852
7275 16
4 8 1 2 3 8
3.9672 4.9386 6.0443 7.9465 8.9834 12.048
2.495 1.9819 2.0555 1.5316 1.4589 1.4882
7276 16
4 8 1 2 3 8
4.0302 4.9292 5.9781 7.9783 9.0567 12.061
2.4837 2.0064 2.072 1.4954 1.5377 1.5921
7277 16
4 8 1 2 3 8
3.9611 4.9858 5.9774 8.0379 8.9769 11.969
2.4651 2.0031 2.0744 1.4743 1.5732 1.4526
7278 16
4 8 1 2 3 8
3.9606 5.0064 6.0541 8.0346 9.0046 11.982
2.4954 2.0619 1.8903 1.4449 1.5324 1.5845
7279 16
5 4 3 8 3 5
2.9812 3.9795 6.0233 9.0194 9.0003 12.004
1.6155 2.4546 1.4597 1.0499 1.4827 2.0065
7280 16
5 4 3 8 3 5
3.026 4.0056 5.9698 9.0548 9.0365 12.003
1.6223 2.4618 1.5989 0.9791 1.5294 2.0414
7281 16
5 4 3 8 3 5
3.033 3.9682 6.0055 8.9385 8.9216 11.942
1.4592 2.5016 1.4999 1.0584 1.4428 1.9837
7282 16
5 4 3 8 3 5
2.9919 4.0498 6.0132 9.0804 8.9659 11.958
1.5272 2.4883 1.5709 0.98026 1.482 1.9862
7283 16
7 5 2 6 8 8
1.9863 2.9157 3.9256 7.4582 8.9997 12.076
2.0382 1.4829 1.9488 1.5396 1.0591 1.5316
7284 16
7 5 2 6 8 8
1.9995 3.0015 3.9139 7.5198 8.9586 11.983
1.9354 1.5045 1.9577 1.4786 0.95321 1.515
7285 16
7 5 2 6 8 8
2.0101 2.9527 4.0142 7.4493 8.9166 12.044
2.0196 1.5875 1.9359 1.4725 1.047 1.517
7286 16
3 4 8 7 5 2
1.9856 3.9313 5.0464 5.9904 7.9925 11.051
1.4984 2.5417 1.9967 1.4351 1.9667 1.4592
7287 16
3 4 8 7 5 2
1.9877 4.0112 5.0302 5.9888 8.0613 10.941
1.4993 2.4593 1.9845 1.5826 2.0239 1.4605
7288 16
3 4 8 7 5 2
1.9827 3.9709 5.0083 6.0701 7.9063 10.956
1.5405 2.5305 2.0033 1.4488 2.0676 1.4591
7289 16
3 7 5 8 7 8 2 5
2.0353 2.0938 3.0451 4.9956 5.9943 8.9915 10.985 12.055
1.5453 2.033 1.4268 2.1109 1.4421 0.92032 1.5874 2.0338
7290 16
3 7 5 8 7 8 2 5
2.0114 1.9343 2.9362 5.0102 5.9937 9.0083 10.972 12.038
1.5186 1.9867 1.4802 1.9694 1.5527 1.0057 1.447 1.9696
7291 16
3 7 5 8 7 8 2 5
2.0499 2.0606 2.864 4.9596 5.9618 8.9931 11.054 11.98
1.4658 2.1024 1.5232 2.0113 1.4738 0.98586 1.4658 2.0303
7292 16
7 2 3 6 5 8 2 8
1.9332 4.0864 6.0218 7.4797 7.931 9.008 10.968 12.107
2.0461 1.9908 1.5026 1.4855 2.0654 1.0088 1.4735 1.5304
7293 16
7 2 3 6 5 8 2 8
1.9572 3.9032 5.8848 7.5035 8.0252 9.0845 10.974 12.037
2.0269 2.0286 1.4831 1.4469 1.9608 1.0384 1.4834 1.4485
7294 16
7 2 3 6 5 8 2 8
2.0443 4.021 6.0059 7.4923 8.0122 9.0231 11.091 11.926
1.9715 2.0979 1.5418 1.4124 2.0414 1.0434 1.5306 1.5283
