42
5209 16
2 3 2 4 4
0.42664 0.53794 7.1253 7.9921 11.718
2.8555 2.7719 2.0184 2.3331 1.7424
5210 16
7 5 3 8 1 8 2
0.92383 1.7018 2.7923 2.9866 7.8479 10.245 13.638
2.8621 1.6527 1.1637 2.6883 2.9525 2.7402 2.2565
5211 16
5 2 6 4 6 7
1.0496 2.262 4.4117 6.4627 7.6757 11.352
2.4903 1.2686 2.4817 1.1689 2.8561 2.4711
5212 16
8 1 2 8 1 1 2 7
0.060109 0.75171 3.4564 3.8422 4.3677 6.9948 9.8807 11.162
1.1983 1.7725 1.6266 2.8514 1.3453 1.6264 1.9632 2.2819
5213 16
2 5 1 6
1.1435 7.4879 10.938 13.657
2.453 2.4884 1.7344 1.8614
5214 16
1 4 3 7
2.0872 4.0075 6.0044 6.0517
1.5577 2.5607 1.4427 1.4861
5215 16
1 4 3 7
2.0345 4.076 6.0931 6.0225
1.4942 2.4888 1.5286 1.4504
5216 16
1 4 3 7
2.0538 3.9925 5.9162 6.0437
1.5364 2.5539 1.4985 1.5034
5217 16
1 4 3 7
2.0114 4.0353 6.0038 6.0261
1.4193 2.5831 1.4596 1.4933
5218 16
2 6 2 8
4.0225 7.569 7.9793 8.9862
1.9726 1.4915 1.5499 1.1154
5219 16
2 6 2 8
4.128 7.5213 7.9809 9.0306
2.0412 1.5177 1.5315 1.0073
5220 16
2 6 2 8
4.0689 7.5304 8.0544 8.9647
1.9671 1.4462 1.5136 1.0417
5221 16
2 6 2 8
4.0071 7.4609 7.943 9.0034
1.9991 1.5374 1.508 1.0371
5222 16
3 8 3 2 8 5
2.0117 4.9473 5.9457 8.058 8.9876 12.022
1.5274 2.0079 1.4254 1.4477 0.9456 1.9913
5223 16
3 8 3 2 8 5
2.0127 5.0735 5.9857 8.0849 9.0057 11.956
1.5029 2.0656 1.4143 1.463 1.0416 1.9531
5224 16
3 8 3 2 8 5
2.0117 5.0406 5.9721 8.0247 8.9789 12.045
1.5081 2.0203 1.4731 1.5653 1.0826 2.0302
5225 16
3 8 3 2 8 5
2.0142 4.9285 6.132 8.0762 9.0647 11.933
1.4609 1.9478 1.4237 1.5389 0.90614 2.0168
5226 16
3 8 3 2 8 5
6.0053 9.0174 9.0265 11.019 12.05 11.983
1.3866 1.0655 1.5046 1.4444 1.534 2.0864
5227 16
3 8 3 2 8 5
6.0033 8.9897 9.0028 10.959 12.015 12.016
1.5497 1.0199 1.4356 1.5257 1.524 1.9907
5228 16
3 8 3 2 8 5
6.0414 8.8217 8.9952 11.031 12.09 12.022
1.5112 0.97868 1.5931 1.4996 1.4486 2.0569
5229 16
3 8 3 2 8 5
5.9004 8.9946 8.9914 10.921 12.02 11.969
1.5219 1.0409 1.5276 1.4033 1.4637 2.0287
5230 16
4 8 1 2 3 8
3.9845 4.942 5.9831 8.003 9.1023 11.954
2.4771 2.0133 2.0688 1.5565 1.5039 1.5555
5231 16
4 8 1 2 3 8
3.9989 5.0587 6.0253 7.9246 9.0123 12.053
2.4749 1.9844 2.0431 1.4463 1.4492 1.4757
5232 16
4 8 1 2 3 8
4.0924 5.0696 5.9878 7.9908 9.021 11.96
2.5591 2.0415 1.9413 1.5684 1.4435 1.4325
5233 16
4 8 1 2 3 8
3.9648 5.0838 6.0208 7.9999 8.9613 12.013
2.4776 2.0463 1.9649 1.4045 1.3319 1.5134
5234 16
5 4 3 8 3 5
2.9481 3.9781 6.0561 8.9243 8.9539 12.003
1.5518 2.5317 1.5078 1.032 1.515 2.0042
5235 16
5 4 3 8 3 5
2.9892 3.9461 5.9899 9.0838 9.1003 12.018
1.611 2.425 1.4941 0.95102 1.5128 1.9976
5236 16
5 4 3 8 3 5
3.0345 4.0489 5.9945 8.9283 8.957 11.983
1.5711 2.5027 1.4652 1.052 1.4996 2.0724
5237 16
5 4 3 8 3 5
3.1093 3.9948 5.9429 9.121 9.1011 12.041
1.5035 2.4728 1.5388 0.97046 1.5247 1.9649
5238 16
7 5 2 6 8 8
2.0137 3.0056 3.9599 7.5268 8.955 11.971
2.0402 1.5 2.0447 1.4745 0.962 1.4533
5239 16
7 5 2 6 8 8
2.1094 2.9928 3.998 7.5248 8.9935 12.032
2.0876 1.4676 2.0476 1.4707 1.0677 1.4427
5240 16
7 5 2 6 8 8
1.9796 2.9888 3.9649 7.5235 8.9256 11.964
1.9731 1.5524 1.9948 1.5226 1.045 1.5354
5241 16
7 5 2 6 8 8
1.9707 2.9853 3.9185 7.5739 9.0207 12.084
2.0958 1.4395 1.9341 1.5622 1.0717 1.4725
5242 16
3 4 8 7 5 2
1.991 4.0687 5.0262 6.0071 8.0979 10.922
1.6312 2.5798 1.9936 1.5159 2.0208 1.4948
5243 16
3 4 8 7 5 2
1.9685 3.9343 5.0238 5.9551 7.9805 10.987
1.51 2.5196 1.9293 1.5763 2.0203 1.524
5244 16
3 4 8 7 5 2
2.0045 4.0284 4.9184 5.9793 7.9678 11.013
1.4519 2.449 1.927 1.5278 1.997 1.4163
5245 16
3 7 5 8 7 8 2 5
2.0069 2.0957 3.0422 5.0635 6.0531 8.9793 11.005 12.086
1.5303 2.0125 1.5183 2.08 1.5349 0.91414 1.4547 2.0161
5246 16
3 7 5 8 7 8 2 5
1.9868 1.9896 2.9275 5.0337 6.0042 8.9639 10.977 12.116
1.5684 2.1002 1.5062 1.9987 1.6181 1.0232 1.5144 2.024
5247 16
3 7 5 8 7 8 2 5
2.045 2.0951 3.0308 4.9838 6.0403 8.9813 10.938 12.041
1.4918 1.9754 1.5774 2.0047 1.5577 1.1335 1.6122 2.0518
5248 16
7 2 3 6 5 8 2 8
2.0342 3.9695 5.9941 7.4122 8.0596 8.9406 10.997 12.011
1.9785 2.0645 1.4475 1.599 2.0231 1.0073 1.5363 1.4899
5249 16
7 2 3 6 5 8 2 8
2.0386 4.0003 6.0621 7.479 8.0239 9.0118 11.018 11.95
2.0934 2.0053 1.4552 1.5557 2.0039 1.0407 1.5101 1.4959
5250 16
7 2 3 6 5 8 2 8
1.9907 3.9863 5.9136 7.4149 7.9185 8.9253 10.978 11.997
2.1072 2.0212 1.3757 1.5445 1.9551 1.0327 1.4963 1.502
