42
5293 16
3 6 5 7 3 4 7
0.61714 0.79128 2.5585 3.2258 4.388 6.7974 10.075
2.4656 1.5606 2.9115 2.1785 2.8615 2.1878 1.4892
5294 16
3 2 5 6 8 4
4.8092 5.1063 5.5099 5.6249 6.1946 7.8401
1.8992 1.1945 2.2636 2.7774 2.2467 2.6005
5295 16
5 6 2 5 4 6 4 6
4.5532 4.7117 6.0029 7.292 8.2634 8.785 10.795 12.844
2.5635 2.0997 2.1329 2.942 1.3265 2.1495 2.5475 1.3288
5296 16
2 8 4 7 3 1 7 2
1.3637 5.0911 5.1043 6.1702 7.1204 9.847 10.75 11.692
1.9972 1.4534 2.0201 1.0567 1.3252 1.1945 1.6499 1.8911
5297 16
3 7 3 2 5
0.7079 3.388 4.9053 9.3597 12.394
1.1162 1.4697 2.8219 1.7859 1.8465
5298 16
1 4 3 7
1.9917 3.9936 5.9924 6.0141
1.4323 2.5477 1.4418 1.5132
5299 16
1 4 3 7
1.9955 4.0635 6.0627 5.9549
1.5737 2.5289 1.3905 1.5426
5300 16
1 4 3 7
1.9846 4.0591 5.9548 6.0749
1.5922 2.5292 1.4277 1.5965
5301 16
1 4 3 7
2.0801 3.9569 5.9617 6.0378
1.5952 2.5404 1.4786 1.4441
5302 16
2 6 2 8
4.0156 7.5437 8.0046 8.9876
1.9694 1.4838 1.4192 0.98261
5303 16
2 6 2 8
4.0017 7.4675 7.9694 9.0272
2.0322 1.5186 1.6164 0.94272
5304 16
2 6 2 8
3.9437 7.5018 7.9428 9.0552
2.0335 1.4633 1.4781 0.97568
5305 16
2 6 2 8
3.9953 7.5246 8.0127 9.0227
1.9666 1.4868 1.488 0.92025
5306 16
3 8 3 2 8 5
1.8892 4.9499 6.0362 7.9822 8.9024 11.979
1.4898 2.0667 1.5044 1.4698 1.0457 2.0576
5307 16
3 8 3 2 8 5
1.9238 4.993 6.0465 7.999 9.0011 12.041
1.4303 2.058 1.5147 1.4754 1.0133 1.9534
5308 16
3 8 3 2 8 5
2.0174 4.9071 5.9081 7.9633 8.9881 11.996
1.515 1.8869 1.5347 1.5091 1.0056 2.0484
5309 16
3 8 3 2 8 5
2.0369 5.0165 6.0386 8.02 9.0641 12.058
1.5029 2.0637 1.5034 1.6023 1.0265 1.8911
5310 16
3 8 3 2 8 5
6.0767 9.0138 8.9668 10.954 12.016 11.958
1.492 0.92567 1.5104 1.4977 1.4693 1.9532
5311 16
3 8 3 2 8 5
5.9677 8.9991 8.9557 11.039 12.028 12.017
1.4368 1.08 1.3851 1.5014 1.5435 2.0622
5312 16
3 8 3 2 8 5
6.0399 8.9643 9.0065 10.984 12.064 11.906
1.4671 1.0283 1.4309 1.446 1.5434 1.9362
5313 16
3 8 3 2 8 5
5.8972 8.9769 9.0845 10.988 12.014 11.985
1.5616 0.99367 1.4771 1.6205 1.4862 2.0774
5314 16
4 8 1 2 3 8
3.9961 5.0322 6.0674 8.0259 9.0944 11.95
2.414 1.9027 1.9999 1.5147 1.5246 1.5599
5315 16
4 8 1 2 3 8
3.9707 4.9459 6.0717 7.9927 9.0549 12.017
2.5308 2.1047 2.0411 1.4529 1.4709 1.5001
5316 16
4 8 1 2 3 8
3.9933 4.9965 6.0236 8.0153 9.0023 11.902
2.5553 2.0197 2.089 1.469 1.4988 1.539
5317 16
4 8 1 2 3 8
3.9935 5.0204 6.0713 8.0162 8.9826 11.928
2.4556 2.0161 1.9845 1.5468 1.4382 1.4716
5318 16
5 4 3 8 3 5
2.9738 3.9835 6.0067 9.0455 8.9303 12.009
1.5711 2.503 1.5381 0.96358 1.4367 1.9569
5319 16
5 4 3 8 3 5
2.9631 4.0645 5.996 8.9881 9.0132 11.898
1.4786 2.5629 1.5756 0.97027 1.5927 2.0477
5320 16
5 4 3 8 3 5
3.0629 4.0097 6.0834 8.9715 9.0387 11.948
1.4988 2.5649 1.5908 1.0538 1.4743 1.9793
5321 16
5 4 3 8 3 5
3.0552 4.009 5.9241 9.0931 8.961 12.121
1.5653 2.4324 1.5039 0.97492 1.5131 2.0242
5322 16
7 5 2 6 8 8
1.9756 3.0547 3.9687 7.4906 8.9662 11.971
1.9792 1.5133 1.9507 1.5069 1.0903 1.518
5323 16
7 5 2 6 8 8
1.95 2.9019 3.9943 7.6189 8.9394 11.938
2.0229 1.4809 1.985 1.4281 0.98385 1.5764
5324 16
7 5 2 6 8 8
2.0044 2.9795 3.9597 7.4279 8.9208 11.936
1.9796 1.5037 1.9933 1.4538 1.0222 1.4953
5325 16
7 5 2 6 8 8
1.9751 2.919 3.9477 7.5178 9.0167 12.081
1.9132 1.4732 1.9416 1.4734 1.0278 1.4379
5326 16
3 4 8 7 5 2
1.956 3.9786 4.8664 5.9641 8.0383 10.968
1.511 2.5726 2.0035 1.442 1.9904 1.4788
5327 16
3 4 8 7 5 2
1.9837 3.9466 4.9931 5.9677 7.9532 11.015
1.5523 2.4921 2.0109 1.3907 2.033 1.4552
5328 16
3 4 8 7 5 2
1.9668 4.0022 4.9765 5.9998 8.0187 11.065
1.4521 2.4489 2.0069 1.4407 1.9936 1.5479
5329 16
3 7 5 8 7 8 2 5
2.0446 2.0249 3.0818 4.9403 5.9706 8.9867 10.978 12.033
1.4194 2.0131 1.4645 2.0103 1.4825 1.085 1.4875 2.0021
5330 16
3 7 5 8 7 8 2 5
1.9458 1.9919 3.0006 4.9689 5.8901 9.0524 11.023 11.984
1.5256 1.9912 1.4987 1.9679 1.472 1.0495 1.4259 1.9931
5331 16
3 7 5 8 7 8 2 5
1.9799 1.9843 2.8859 4.9611 6.0168 9.063 10.964 12.006
1.5223 2.0372 1.5758 1.9844 1.4872 0.98756 1.5103 2.0477
5332 16
7 2 3 6 5 8 2 8
1.8922 3.9421 5.8794 7.4634 7.9878 8.9661 11.016 12.082
1.9941 2.0034 1.4473 1.4281 1.9999 1.0868 1.4683 1.4627
5333 16
7 2 3 6 5 8 2 8
1.9458 3.9802 6.045 7.5401 7.8667 8.9948 11.046 11.872
1.9836 1.9296 1.4029 1.6096 1.9971 1.0434 1.5195 1.4754
5334 16
7 2 3 6 5 8 2 8
1.9346 4.0197 6.1154 7.5278 7.9332 8.9895 11.01 11.979
2.0058 2.0152 1.4533 1.4613 1.9858 0.92298 1.5736 1.4483
