42
4411 16
4 3 4 7 8
3.7967 4.221 8.6453 10.004 11.927
2.2477 1.2386 2.0121 1.9516 1.3669
4412 16
4 1 3 3
4.4217 4.8069 5.2615 12.494
1.2111 2.6912 1.7567 2.135
4413 16
3 7 2 6 1 5
2.438 8.6752 9.2685 9.2729 9.5548 10.394
2.558 2.6528 1.4871 1.945 2.9544 1.938
4414 16
5 8 7 2 6
1.8167 6.3735 7.0455 7.7132 8.1175
1.1077 1.1027 1.7843 2.1811 1.9302
4415 16
2 4 6 2 3 8 3
0.13644 0.35799 3.7842 6.1709 7.3847 11.464 12.164
2.2082 2.1209 1.378 1.9839 2.8818 2.4909 2.9426
4416 16
1 4 3 7
1.9657 4.0355 5.9894 6.0141
1.5765 2.5133 1.5544 1.4787
4417 16
1 4 3 7
2.0637 3.9614 6.0286 6.0015
1.6066 2.5349 1.4453 1.5061
4418 16
1 4 3 7
2.0509 4.0099 5.9666 6.0059
1.6271 2.4847 1.4997 1.5267
4419 16
1 4 3 7
2.057 3.9813 5.9305 5.9403
1.5053 2.4689 1.4207 1.5113
4420 16
2 6 2 8
4.0283 7.4661 8.0312 9.022
1.9455 1.5993 1.5273 0.9388
4421 16
2 6 2 8
3.9936 7.4426 8.0076 8.9319
2.0042 1.4887 1.5241 0.92334
4422 16
2 6 2 8
3.9768 7.4577 7.9963 8.9973
1.9153 1.4227 1.5754 1.001
4423 16
2 6 2 8
3.9989 7.4697 8.0274 8.9773
2.1104 1.48 1.5296 1.0012
4424 16
3 8 3 2 8 5
2.0149 4.9621 5.8889 7.9691 9.117 12.057
1.5005 2.1088 1.5202 1.4364 1.0063 2.0695
4425 16
3 8 3 2 8 5
2.023 5.0298 6.0437 8.0308 8.9656 11.969
1.5452 2.0138 1.4799 1.4715 0.90658 1.9779
4426 16
3 8 3 2 8 5
2.0643 4.9498 5.8357 8.0712 8.9828 12.055
1.4884 2.0177 1.5416 1.4231 1.0104 2.091
4427 16
3 8 3 2 8 5
2.0879 5.0338 5.9688 8.1124 9.0136 12.064
1.3903 2.0223 1.393 1.5037 0.96286 1.954
4428 16
3 8 3 2 8 5
5.9746 9.0903 8.9543 10.956 12.01 11.973
1.5539 1.0336 1.4334 1.5431 1.4808 1.9597
4429 16
3 8 3 2 8 5
6.0062 8.8996 9.0338 11.046 12.046 11.956
1.452 0.99668 1.4916 1.4606 1.5246 1.9181
4430 16
3 8 3 2 8 5
6.0593 9.0384 9.0117 10.987 11.955 11.979
1.5568 1.068 1.609 1.4337 1.5527 1.9665
4431 16
3 8 3 2 8 5
6.0438 9.0649 8.8708 11.026 12.031 12.028
1.5094 0.975 1.5833 1.476 1.499 1.9879
4432 16
4 8 1 2 3 8
4.0499 5.0652 6.0212 7.9784 9.0265 12.009
2.5461 1.9734 1.9323 1.5146 1.5602 1.5109
4433 16
4 8 1 2 3 8
4.0813 4.9722 5.9585 8.0541 9.0273 11.997
2.5652 2.0184 2.0586 1.5047 1.5271 1.505
4434 16
4 8 1 2 3 8
4.0043 5.0945 6.0146 7.9801 9.0051 11.91
2.5701 1.9799 1.9244 1.5004 1.4961 1.475
4435 16
4 8 1 2 3 8
3.9308 5.0118 5.9484 7.9987 8.9411 12.081
2.4889 2.0193 2.0384 1.5594 1.4511 1.5152
4436 16
5 4 3 8 3 5
3.0641 3.9706 6.0329 9.0107 8.9741 11.951
1.4784 2.5097 1.5219 0.98437 1.4868 1.9321
4437 16
5 4 3 8 3 5
3.0424 4.0776 6.0522 9.0801 8.9913 12.026
1.5048 2.4602 1.5244 0.9795 1.4729 2.0011
4438 16
5 4 3 8 3 5
3.0196 3.9732 6.01 9.0132 8.958 12.027
1.4477 2.5692 1.4751 0.99155 1.517 1.9472
4439 16
5 4 3 8 3 5
2.9425 4.0281 6.0243 8.9237 9.0263 12.01
1.5023 2.4992 1.4913 0.93485 1.4208 2.0228
4440 16
7 5 2 6 8 8
1.9875 3.0173 4.0072 7.5333 8.999 12.005
1.9773 1.4385 1.9694 1.5152 0.96951 1.5203
4441 16
7 5 2 6 8 8
1.9583 2.9393 4.067 7.5765 8.9684 11.944
1.9861 1.5163 1.9908 1.4818 1.0098 1.6172
4442 16
7 5 2 6 8 8
1.9745 2.9817 4.061 7.4156 9.1044 11.96
1.9643 1.5817 2.0852 1.4763 1.0105 1.4734
4443 16
7 5 2 6 8 8
2.0401 2.9531 4.0517 7.4945 8.9842 11.991
1.9935 1.5269 2.0031 1.5915 0.95518 1.463
4444 16
3 4 8 7 5 2
1.9572 3.9981 4.9543 6.1103 7.9343 10.982
1.535 2.4173 1.9819 1.5503 2.0224 1.4892
4445 16
3 4 8 7 5 2
2.1087 4.0081 5.0685 6.0438 8.0065 11.053
1.474 2.425 2.0076 1.5352 1.9635 1.4989
4446 16
3 4 8 7 5 2
2.071 3.9849 5.1019 6.1015 8.0649 10.98
1.4437 2.5885 1.9383 1.4693 1.9438 1.5249
4447 16
3 7 5 8 7 8 2 5
1.9795 1.9323 3.0039 5.0239 6.0388 9.0195 10.988 12.018
1.5354 2.021 1.5591 1.9843 1.48 1.0507 1.46 1.9538
4448 16
3 7 5 8 7 8 2 5
1.9729 1.9432 3.0104 4.9675 6.0613 8.9848 11.025 11.894
1.4595 2.0362 1.4762 2.0092 1.3977 1.0574 1.4725 2.0163
4449 16
3 7 5 8 7 8 2 5
1.9791 2.055 3.0288 5.0144 5.9701 9.0601 10.887 11.922
1.3862 1.9579 1.4648 2.0393 1.516 1.0168 1.5338 1.9525
4450 16
7 2 3 6 5 8 2 8
2.0121 4.0263 6.0433 7.5059 8.0539 9.0128 11.048 12.03
1.9907 1.9988 1.4367 1.445 1.9667 0.97108 1.5401 1.4892
4451 16
7 2 3 6 5 8 2 8
2.0108 3.9675 5.9471 7.5437 8.0455 9.1052 10.918 12.044
2.0142 2.0547 1.4776 1.4935 1.9576 0.98987 1.464 1.5259
4452 16
7 2 3 6 5 8 2 8
2.0296 3.9774 6.0384 7.5479 8.0355 9.0199 11.004 12.048
1.9333 1.9617 1.4846 1.5548 2.0054 1.0485 1.5808 1.5239
