41
9345 16
1 6 2 6
1.9093 9.4897 10.838 13.973
1.4648 1.3753 2.4174 1.2283
9346 16
1 2 3 6 8 4 7 6
0.87034 1.0449 4.1278 7.3283 10.197 11.321 12.288 13.207
2.6474 1.4104 2.1476 2.3274 2.1194 1.7941 1.5853 2.1677
9347 16
3 1 2 6
1.6168 2.0883 3.1217 14.191
1.8338 1.8528 2.8708 1.7341
9348 16
3 1 6 2
0.67707 2.7317 7.6607 9.2576
2.3151 2.1524 2.1982 2.6119
9349 16
2 6 2 7 5 1
4.421 5.3422 9.0078 10.443 11.432 11.623
2.0048 1.7037 1.783 2.4829 1.1846 1.816
9350 16
1 4 3 7
2.0498 4.0407 5.9115 5.9974
1.5052 2.5219 1.5318 1.3981
9351 16
1 4 3 7
2.0257 4.0679 5.9412 5.9552
1.5202 2.4433 1.5112 1.5401
9352 16
1 4 3 7
2.0131 4.043 5.9329 5.9818
1.4745 2.4669 1.4118 1.4594
9353 16
1 4 3 7
1.9449 3.9767 5.9993 5.9829
1.5514 2.5275 1.4879 1.5839
9354 16
2 6 2 8
4.0053 7.512 8.0006 8.9799
2.0605 1.3821 1.3558 1.0414
9355 16
2 6 2 8
4.0387 7.5635 7.9996 9.0093
2.0017 1.4286 1.4875 0.98457
9356 16
2 6 2 8
3.988 7.5004 8.0591 9.0773
2.0258 1.5058 1.4661 1.0251
9357 16
2 6 2 8
4.0947 7.5371 8.0246 8.922
1.894 1.493 1.4976 0.99588
9358 16
3 8 3 2 8 5
2.0387 4.971 5.9487 8.0249 8.9106 11.896
1.5583 2.0003 1.4911 1.5397 1.0079 1.9709
9359 16
3 8 3 2 8 5
1.9841 5.0825 6.0668 8.0591 8.9805 12.002
1.5162 2.0749 1.5413 1.5502 0.9947 2.0702
9360 16
3 8 3 2 8 5
1.9374 5.0209 6.0796 8.0129 8.985 11.976
1.512 1.9246 1.512 1.5157 1.0271 2.0328
9361 16
3 8 3 2 8 5
1.9112 4.9932 5.9225 7.908 9.0339 12.092
1.5211 2.0163 1.4808 1.5349 0.96988 1.9729
9362 16
3 8 3 2 8 5
5.9325 8.9984 8.9423 10.992 12.038 12.018
1.4226 0.88721 1.5456 1.5438 1.4931 2.0055
9363 16
3 8 3 2 8 5
6.002 8.9309 9.0405 10.976 12.008 11.938
1.4688 0.93381 1.5291 1.5055 1.6087 2.018
9364 16
3 8 3 2 8 5
6.0262 8.9702 8.9498 11.011 11.918 12.125
1.4774 0.94263 1.5227 1.4516 1.4905 2.0469
9365 16
3 8 3 2 8 5
6.0191 8.9742 9.0398 10.971 12.063 11.988
1.4492 0.97829 1.4676 1.4506 1.4405 2.0894
9366 16
4 8 1 2 3 8
3.9193 5.0216 6.0833 7.9874 8.9936 11.975
2.5225 2.0448 2.0451 1.4622 1.4464 1.4538
9367 16
4 8 1 2 3 8
3.9878 4.9497 5.9268 7.9851 9.0107 12.092
2.4987 2.0035 2.0418 1.517 1.4903 1.56
9368 16
4 8 1 2 3 8
4.1617 5.0451 5.9917 7.9445 9.0436 12.003
2.524 2.0008 2.0583 1.4763 1.4819 1.5613
9369 16
4 8 1 2 3 8
3.9612 4.9776 6.0368 7.9094 9.0524 12.006
2.544 2.0477 1.9286 1.5267 1.4944 1.3977
9370 16
5 4 3 8 3 5
3.0375 3.8794 5.9406 8.9342 8.9801 11.952
1.5936 2.4691 1.5911 0.99987 1.5139 1.9844
9371 16
5 4 3 8 3 5
3.0151 3.9717 5.992 9.0199 9.0785 12.056
1.5336 2.5266 1.5812 0.98726 1.5202 1.9888
9372 16
5 4 3 8 3 5
3.0042 3.9451 6.019 9.0561 9.0054 11.975
1.4721 2.4772 1.5779 1.1302 1.5038 2.0137
9373 16
5 4 3 8 3 5
2.9394 4.0418 5.9918 9.0559 8.9415 11.957
1.557 2.4701 1.5253 1.0012 1.4302 2.0631
9374 16
7 5 2 6 8 8
2.0248 2.9609 4.0029 7.5029 8.9856 12.001
1.9751 1.525 1.9754 1.5028 1.0093 1.5126
9375 16
7 5 2 6 8 8
2.1115 3.0406 3.8886 7.5241 9.0342 12.042
1.9822 1.5362 1.9999 1.5271 0.90988 1.5263
9376 16
7 5 2 6 8 8
2.0661 3.0012 4.0177 7.4547 8.9359 11.921
1.981 1.4767 1.9761 1.5078 0.98125 1.4572
9377 16
3 4 8 7 5 2
1.9122 3.9918 5.0778 6.0741 7.9948 10.973
1.5055 2.5232 2.0339 1.4918 1.9357 1.511
9378 16
3 4 8 7 5 2
2.0425 3.9189 4.9567 5.9629 7.9397 10.893
1.4554 2.4931 2.0757 1.4602 1.9019 1.4358
9379 16
3 4 8 7 5 2
1.9933 4.0973 5.064 6.0734 7.9765 11.058
1.554 2.419 2.0518 1.4501 2.0015 1.4384
9380 16
3 7 5 8 7 8 2 5
1.9321 2.0473 3.0667 5.0002 5.9867 9.0262 10.963 11.941
1.5058 1.944 1.576 2.0681 1.5191 0.88574 1.4593 2.0509
9381 16
3 7 5 8 7 8 2 5
2.0788 2.0058 2.9759 5.0167 5.9402 8.9333 10.979 11.95
1.5758 1.9559 1.4183 1.9146 1.5802 0.99464 1.519 2.068
9382 16
3 7 5 8 7 8 2 5
1.8896 2.0543 3.0563 4.9913 6.0089 8.9939 11.075 12.009
1.5594 1.9981 1.4557 1.9095 1.4885 1.0347 1.4525 2.0441
9383 16
7 2 3 6 5 8 2 8
1.9064 4.0907 6.0054 7.5589 8.005 8.9729 11.01 12.055
2.0087 1.9407 1.5919 1.5419 1.9883 1.0056 1.4733 1.4662
9384 16
7 2 3 6 5 8 2 8
2.0521 3.9087 6.0443 7.5218 8.0899 8.9352 11.069 12.08
1.9267 2.0132 1.5084 1.4955 1.9436 1.027 1.4334 1.4076
9385 16
7 2 3 6 5 8 2 8
1.964 4.0035 6.0654 7.5207 8.0494 8.9968 10.939 11.978
1.9684 2.018 1.5735 1.5551 1.9843 1.05 1.5901 1.5555
