42
5629 16
3 2 8 3 8 4 6 1
0.47753 5.5384 6.071 7.0392 8.2634 8.8306 10.354 12.838
2.0853 1.8637 1.3665 2.4616 2.1043 1.6509 1.4675 2.6153
5630 16
3 1 8 2 3 1
2.0424 3.0484 3.5958 4.5594 6.1666 13.862
2.3827 1.6543 1.3169 2.78 2.2505 1.0445
5631 16
6 5 1 4 4 7
0.80589 4.264 4.6887 5.7135 11.263 12.027
1.5622 2.8077 1.3059 2.3078 2.6476 2.8487
5632 16
5 4 4 1
4.9904 6.0576 11.582 12.307
2.6728 1.8254 2.2642 1.4619
5633 16
1 2 2 1 1
0.83464 1.4327 4.5535 4.7435 12.251
1.4903 1.4212 1.1068 1.1705 1.4024
5634 16
1 4 3 7
2.0286 3.9697 6.0147 6.0801
1.5411 2.468 1.4902 1.545
5635 16
1 4 3 7
2.0829 3.9914 5.9512 6.0637
1.6323 2.4394 1.4745 1.4932
5636 16
1 4 3 7
1.9425 4.0088 5.8989 6.0598
1.4652 2.5233 1.5151 1.4786
5637 16
1 4 3 7
2.0571 3.9844 5.8597 6.0484
1.4331 2.5478 1.4438 1.4953
5638 16
2 6 2 8
3.884 7.5104 8.0065 9.0118
2.0308 1.4675 1.525 1.0022
5639 16
2 6 2 8
3.9759 7.4586 8.0802 9.0325
2.007 1.5 1.4871 1.009
5640 16
2 6 2 8
4.0358 7.5086 7.9816 9.0387
1.9763 1.5089 1.4849 1.0698
5641 16
2 6 2 8
3.9511 7.5022 8.0033 8.9547
2.0322 1.5544 1.4786 0.96996
5642 16
3 8 3 2 8 5
2.0423 4.9683 6.1162 7.9315 8.9327 12.088
1.4681 2.1028 1.3851 1.5434 0.97687 2.0031
5643 16
3 8 3 2 8 5
1.9178 5.0129 6.013 7.9875 8.9906 11.979
1.4733 1.9249 1.5151 1.4293 0.93665 1.9618
5644 16
3 8 3 2 8 5
1.9924 4.9889 5.9677 7.9901 8.9503 11.917
1.5217 1.9032 1.4973 1.5134 0.8614 2.0146
5645 16
3 8 3 2 8 5
2.0668 5.0583 5.9801 7.976 9.0143 12.077
1.4574 2.0005 1.5153 1.4505 1.0313 2.0244
5646 16
3 8 3 2 8 5
5.9494 8.9917 9.0294 10.974 11.963 12.056
1.4905 1.0216 1.5449 1.5153 1.5344 2.1284
5647 16
3 8 3 2 8 5
6.0596 9.1924 8.925 10.894 11.974 11.975
1.4515 1.043 1.49 1.5924 1.4426 2.0097
5648 16
3 8 3 2 8 5
5.9855 8.9754 9.0996 11.06 12.026 11.99
1.4841 1.0265 1.5145 1.5845 1.5139 1.9772
5649 16
3 8 3 2 8 5
5.9947 8.9826 8.9443 11.01 12.009 12.022
1.5221 1.0043 1.4589 1.4821 1.4764 1.9145
5650 16
4 8 1 2 3 8
4.0223 4.9809 5.9657 8.0758 8.9584 11.958
2.5665 2.055 2.0238 1.4196 1.5378 1.5143
5651 16
4 8 1 2 3 8
3.9473 5.0021 5.9371 8 8.9875 11.898
2.4608 1.9922 2.0269 1.5493 1.6033 1.5042
5652 16
4 8 1 2 3 8
3.9186 4.9718 6.033 8.0447 9.0806 11.921
2.532 1.994 1.9935 1.5694 1.5507 1.4559
5653 16
4 8 1 2 3 8
4.0619 4.9673 5.9264 8.094 9.0556 11.979
2.5635 2.0538 2.0117 1.4624 1.5902 1.5267
5654 16
5 4 3 8 3 5
3.0171 4.0023 5.9255 8.917 9.0208 11.903
1.4382 2.4285 1.4979 0.95956 1.5115 2.0137
5655 16
5 4 3 8 3 5
2.9972 3.9965 6.0245 9.0158 9.0878 11.958
1.5378 2.4736 1.5393 1.0402 1.4589 2.0434
5656 16
5 4 3 8 3 5
3.0096 4.0097 6.0753 8.9555 8.9581 12.037
1.4911 2.5335 1.5333 0.98278 1.4594 1.9254
5657 16
5 4 3 8 3 5
3.0999 4.032 5.9527 8.9682 8.9801 11.991
1.4391 2.5232 1.4842 1.0291 1.4462 2.0407
5658 16
7 5 2 6 8 8
1.9815 3.0318 4.0873 7.545 8.9782 12.13
2.0586 1.6129 1.9338 1.5506 0.97158 1.4453
5659 16
7 5 2 6 8 8
1.9654 2.9396 4.0477 7.4445 9.0401 12.012
1.9744 1.4542 2.0134 1.5349 1.0706 1.388
5660 16
7 5 2 6 8 8
1.9865 3.0767 3.9139 7.4639 8.9195 11.99
1.9378 1.5048 2.0341 1.4796 0.97646 1.4917
5661 16
7 5 2 6 8 8
1.985 3.0707 4.0741 7.4826 9.0372 11.993
2.0338 1.4848 2.0084 1.435 1.0137 1.4119
5662 16
3 4 8 7 5 2
1.9354 3.9508 4.9484 5.9748 7.9966 10.994
1.4997 2.4794 1.9395 1.452 2.1042 1.4529
5663 16
3 4 8 7 5 2
1.975 3.9654 4.978 5.89 7.9163 10.978
1.5373 2.4342 2.02 1.4561 2.0638 1.5016
5664 16
3 4 8 7 5 2
1.916 3.9747 5.1063 5.9984 8.0972 10.972
1.5125 2.4974 1.9557 1.4474 1.9884 1.5458
5665 16
3 7 5 8 7 8 2 5
1.9206 2.009 3.013 4.9747 5.9894 9.0324 10.976 11.905
1.3905 1.9502 1.4874 1.9777 1.3666 0.95183 1.6116 1.9967
5666 16
3 7 5 8 7 8 2 5
1.9781 2.0024 2.938 4.9094 5.9939 9.0199 11.029 12.062
1.5365 2.0699 1.4615 1.9875 1.4446 0.98443 1.5967 2.0499
5667 16
3 7 5 8 7 8 2 5
2.0663 1.9377 2.9313 5.0015 6.0342 9.0472 10.999 11.998
1.5231 1.955 1.5414 1.903 1.4756 0.99736 1.4608 2.0066
5668 16
7 2 3 6 5 8 2 8
1.907 4.0353 6.0484 7.448 8.0803 8.9871 11.075 11.897
2.0133 1.9351 1.53 1.3921 2.062 0.91141 1.558 1.536
5669 16
7 2 3 6 5 8 2 8
1.9502 3.9978 5.9976 7.459 8.0311 9.0022 10.964 11.946
1.999 1.9516 1.5165 1.5329 1.9635 0.97083 1.4853 1.5261
5670 16
7 2 3 6 5 8 2 8
2.0598 4.0092 5.9537 7.5153 8.0176 9.0176 11.016 12.005
2.026 2.0833 1.3997 1.4576 1.9782 1.0513 1.5437 1.4691
