42
5335 16
2 1 3 6 2 4 7
3.2712 3.9412 9.4017 9.4458 9.7904 10.614 12.196
1.6096 2.4776 1.1367 2.5608 1.4923 2.6477 1.1959
5336 16
4 8 3 5 2 3 8 8
1.728 2.8159 4.2783 6.0608 6.4258 7.4675 9.1726 13.049
2.5099 2.8093 1.1559 2.2933 2.157 1.5854 2.0963 2.1551
5337 16
6 4 5 1 4 2
3.2198 5.0403 6.8321 7.2164 10.362 11.638
1.6371 1.4878 1.8928 1.3678 2.8141 1.4936
5338 16
1 3 1 2 4 7 3
0.88863 1.7382 3.3766 4.3646 11.044 13.377 14.428
1.5459 2.7355 1.8137 1.6129 1.6075 2.4428 1.4376
5339 16
1 2 5 3 2 8
6.3746 7.9404 8.4475 10.063 10.697 12.964
2.1707 1.2567 2.7777 2.587 2.7715 2.2659
5340 16
1 4 3 7
1.9764 4.0834 6.0085 6.1097
1.5151 2.5526 1.5171 1.4183
5341 16
1 4 3 7
1.9859 3.9985 5.9258 6.0527
1.4679 2.5378 1.4808 1.5128
5342 16
1 4 3 7
2.0297 3.9948 6.0231 6.0222
1.426 2.5225 1.5521 1.4341
5343 16
1 4 3 7
2.0486 3.9891 6.0784 6.0524
1.479 2.5689 1.4683 1.5145
5344 16
2 6 2 8
4.0051 7.5441 7.9808 8.9687
1.8981 1.6296 1.4799 0.97719
5345 16
2 6 2 8
3.9663 7.5245 8.0851 9.022
1.971 1.5016 1.4485 1.0908
5346 16
2 6 2 8
4.0465 7.5056 7.9557 8.9254
2.0012 1.5535 1.6009 0.94693
5347 16
2 6 2 8
3.9271 7.4938 8.0188 9.0078
1.9962 1.5691 1.5396 1.0185
5348 16
3 8 3 2 8 5
1.8619 5.0451 5.9795 7.9893 9.077 11.907
1.5695 1.9496 1.5419 1.6039 0.97127 2.0108
5349 16
3 8 3 2 8 5
1.9239 5.1243 6.0613 8.061 8.9507 11.955
1.5511 1.9285 1.545 1.5182 1.0673 2.0225
5350 16
3 8 3 2 8 5
2.0054 5.0032 5.9933 7.9741 8.9973 11.998
1.5401 2.0139 1.3975 1.4388 0.95671 2.0196
5351 16
3 8 3 2 8 5
2.0326 4.9576 6.019 7.8952 9.0269 11.873
1.5196 1.9737 1.5049 1.3903 0.95438 1.9576
5352 16
3 8 3 2 8 5
6.0717 9.0585 8.977 11.045 11.901 11.987
1.5639 0.96874 1.6035 1.5412 1.4321 2.0233
5353 16
3 8 3 2 8 5
6.0819 8.9824 8.9761 10.983 11.968 11.947
1.3895 0.99645 1.4531 1.5246 1.5459 1.9905
5354 16
3 8 3 2 8 5
5.9404 9.0235 9.0434 11.06 11.965 12.01
1.4405 0.99184 1.5293 1.464 1.4822 2.0617
5355 16
3 8 3 2 8 5
5.9847 8.9617 9.0667 10.937 12.025 11.954
1.5788 0.89884 1.6342 1.5911 1.5539 2.0345
5356 16
4 8 1 2 3 8
4.0067 4.9489 5.9765 7.9929 8.974 12.018
2.4395 1.9788 1.9583 1.4506 1.5379 1.4744
5357 16
4 8 1 2 3 8
3.9198 4.9704 6.0217 7.9974 8.9595 12.137
2.5227 1.9603 1.9911 1.5817 1.5347 1.5214
5358 16
4 8 1 2 3 8
4.0759 4.9806 6.0335 8.0325 8.9868 11.971
2.4794 2.0206 1.9316 1.4876 1.4805 1.4903
5359 16
4 8 1 2 3 8
3.9431 5.0837 6.1172 8.0672 8.9231 11.973
2.5128 1.9844 1.9697 1.4792 1.517 1.4536
5360 16
5 4 3 8 3 5
2.9531 3.9968 6.0672 8.9798 9.1608 11.996
1.542 2.3892 1.5338 0.9878 1.514 2.0106
5361 16
5 4 3 8 3 5
2.959 3.9256 5.9336 8.9099 8.8906 11.973
1.4864 2.5443 1.5668 0.90952 1.5232 1.9815
5362 16
5 4 3 8 3 5
2.9106 3.9623 5.9661 9.0189 9.0834 11.958
1.5312 2.4136 1.4826 1.0239 1.4842 2.0137
5363 16
5 4 3 8 3 5
2.9197 4.0063 6.0105 9.0476 9.0203 11.972
1.4645 2.6561 1.4835 1.0305 1.4733 1.9305
5364 16
7 5 2 6 8 8
2.0484 2.9312 3.9406 7.5881 9.0401 12.015
2.0201 1.4753 1.9358 1.552 0.98831 1.5174
5365 16
7 5 2 6 8 8
1.9489 2.9888 4.088 7.5679 9.0221 12.052
2.0113 1.5283 1.9124 1.5276 0.93859 1.4734
5366 16
7 5 2 6 8 8
2.0549 2.9562 4.0186 7.4615 8.9635 12.047
2.0845 1.5379 2.0142 1.4921 0.97039 1.4608
5367 16
7 5 2 6 8 8
2.01 3.0301 3.9573 7.4955 9.0814 12.013
2.05 1.4832 1.998 1.528 0.98383 1.5068
5368 16
3 4 8 7 5 2
1.9208 3.9685 5.0006 6.0593 8.1016 10.993
1.5448 2.515 1.9697 1.4465 2.0264 1.5324
5369 16
3 4 8 7 5 2
2.0296 3.8455 4.9401 6.0103 7.957 10.916
1.4979 2.5042 1.9975 1.495 1.998 1.5872
5370 16
3 4 8 7 5 2
1.9212 3.9487 4.9665 6.0525 7.9695 10.982
1.5435 2.4792 1.9605 1.4584 2.0037 1.5169
5371 16
3 7 5 8 7 8 2 5
2.0151 2.0311 3.0442 5.035 5.9913 8.9838 10.995 12.014
1.5547 2.0108 1.4394 1.9368 1.4384 0.95188 1.5136 2.0372
5372 16
3 7 5 8 7 8 2 5
1.9885 2.003 2.9916 5.0214 6.0104 8.9809 10.975 12.004
1.5324 2.0638 1.5573 1.96 1.4415 1.0387 1.4345 1.9612
5373 16
3 7 5 8 7 8 2 5
2.0782 1.857 3.0709 5.0452 6.0634 8.8765 10.943 12.028
1.5169 2.0255 1.4067 1.9309 1.5407 1.0409 1.5253 1.9427
5374 16
7 2 3 6 5 8 2 8
1.9163 3.9984 6.0134 7.4194 7.9564 9.0249 11.038 11.995
1.9804 1.9654 1.455 1.5006 2.0392 1.0464 1.4605 1.5001
5375 16
7 2 3 6 5 8 2 8
1.9999 4.0079 6.0383 7.523 8.0197 9.0079 11.069 12.014
2.0295 2.0401 1.5252 1.5115 2.0581 1.0071 1.4802 1.5378
5376 16
7 2 3 6 5 8 2 8
1.955 4.035 6.0356 7.4234 7.9368 8.9417 11.042 12.081
2.0371 1.9666 1.4721 1.4934 2.0233 1.069 1.4515 1.4807
