42
2185 16
6 5 8 4 6 7 6 2
0.15072 1.086 2.7756 3.8742 4.6393 7.8071 11.506 12.6
1.672 2.2885 1.5241 1.3891 1.4087 2.2609 1.1724 1.8199
2186 16
7 4 6 7
3.7366 6.6357 7.4464 9.1094
1.7239 2.2957 2.4611 2.7631
2187 16
3 8 1 8 6 5 8 4
3.044 4.8258 4.9563 7.6348 8.0361 10.169 11.783 12.734
2.781 2.6814 1.4144 1.3306 2.5071 2.4798 1.9659 2.0905
2188 16
5 2 7 8 6 5
2.5656 5.8187 6.2278 8.2869 10.043 12.861
2.1264 2.317 1.4112 2.0855 2.9369 1.0189
2189 16
2 7 3 8 2
1.7144 2.1452 2.3362 11.035 11.23
1.1583 1.5047 1.0172 1.6143 2.7028
2190 16
1 4 3 7
2.0269 3.9773 5.9402 5.9619
1.4696 2.4577 1.5267 1.4707
2191 16
1 4 3 7
2.0523 3.9049 5.9728 5.9525
1.4682 2.4439 1.6014 1.5461
2192 16
1 4 3 7
1.9801 4.0646 6.0184 5.9633
1.4649 2.5812 1.5011 1.4752
2193 16
1 4 3 7
2.0718 4.0019 6.0074 5.9447
1.4752 2.53 1.4621 1.5156
2194 16
2 6 2 8
4.0868 7.4984 7.9723 8.9568
1.9498 1.4756 1.4929 1.094
2195 16
2 6 2 8
3.9722 7.447 7.965 9.0376
1.9734 1.5269 1.5304 1.0318
2196 16
2 6 2 8
3.9445 7.4783 8.0457 9.0146
2.0498 1.5236 1.4161 1.0647
2197 16
2 6 2 8
4.0289 7.4746 8.0274 8.9162
1.9661 1.4781 1.5877 0.98868
2198 16
3 8 3 2 8 5
2.0023 5.0049 5.9812 8.0406 9.0241 11.992
1.5341 2.0298 1.5217 1.6102 0.9569 2.0043
2199 16
3 8 3 2 8 5
2.0639 4.9766 5.9536 8.0794 9.1588 12.007
1.5393 1.8821 1.424 1.566 0.90762 1.9503
2200 16
3 8 3 2 8 5
2.0373 4.9597 5.9743 7.9645 9.0483 11.974
1.5153 2.0198 1.5402 1.49 0.93823 1.9843
2201 16
3 8 3 2 8 5
2.0356 4.9865 6.0454 7.9641 9.005 12.016
1.4628 1.933 1.5157 1.4342 0.92745 1.997
2202 16
3 8 3 2 8 5
5.9823 8.8937 9.01 10.977 11.951 12.017
1.4549 0.96814 1.5182 1.4866 1.4591 1.9155
2203 16
3 8 3 2 8 5
5.9759 8.9934 9.0276 10.986 12.016 11.979
1.5003 1.0081 1.4963 1.5127 1.4631 1.9857
2204 16
3 8 3 2 8 5
6.106 9.0265 8.991 10.93 12.013 12.012
1.4883 0.99884 1.5243 1.3729 1.5106 1.9334
2205 16
3 8 3 2 8 5
5.9906 9.0361 9.0514 11.003 11.98 12.069
1.48 0.9504 1.4901 1.4569 1.4685 2.0468
2206 16
4 8 1 2 3 8
3.9827 4.9888 5.9948 7.9905 8.9974 12.108
2.5434 1.9779 2.0232 1.4932 1.4189 1.6185
2207 16
4 8 1 2 3 8
3.9706 5.019 5.9475 7.9943 8.9451 12.06
2.4271 2.0024 2.0277 1.4855 1.4688 1.581
2208 16
4 8 1 2 3 8
3.9818 5.064 6.0392 8.0479 9.0091 11.979
2.4145 2.0204 2.0843 1.4824 1.5252 1.4826
2209 16
4 8 1 2 3 8
4.0545 5.0071 5.9577 7.9532 9.0758 12.001
2.5077 2.0122 1.9562 1.4482 1.532 1.4767
2210 16
5 4 3 8 3 5
2.9634 4.0387 6.0811 8.9283 8.9778 12.048
1.4963 2.5567 1.6009 0.97604 1.4831 1.9612
2211 16
5 4 3 8 3 5
2.8915 4.0218 5.9477 9.0957 9.1195 12.063
1.5558 2.5145 1.4807 0.96374 1.4557 1.9681
2212 16
5 4 3 8 3 5
2.9851 4.014 5.9889 9.0406 8.9914 12.061
1.5055 2.4005 1.5755 0.96851 1.4777 1.9554
2213 16
5 4 3 8 3 5
3.0495 3.927 5.8946 9.0847 8.9875 12.092
1.5333 2.5351 1.4555 0.95882 1.4408 2.0079
2214 16
7 5 2 6 8 8
1.9206 3.0499 3.9546 7.4495 8.9389 12.038
2.0174 1.4711 2.0529 1.4869 0.99261 1.4881
2215 16
7 5 2 6 8 8
1.966 3.0658 4.016 7.5234 8.9801 12.078
2.023 1.4712 2.0689 1.5666 1.0023 1.4668
2216 16
7 5 2 6 8 8
1.9707 3.0287 3.9321 7.5091 8.9773 12.017
1.9253 1.3813 1.9452 1.5307 0.97702 1.4396
2217 16
7 5 2 6 8 8
2.0772 3.0368 4.0579 7.447 9.002 12.041
1.9059 1.4407 1.9574 1.5084 1.0534 1.4264
2218 16
3 4 8 7 5 2
2.0326 4.0013 4.9845 5.8735 7.9926 10.94
1.4785 2.5182 1.9038 1.6026 1.9942 1.6228
2219 16
3 4 8 7 5 2
1.943 4.0707 5.0545 6.0008 7.9406 10.959
1.4517 2.4621 1.9474 1.4512 2.0331 1.5866
2220 16
3 4 8 7 5 2
1.9859 3.9713 4.9948 6.0203 7.9544 11.002
1.4913 2.5191 2.011 1.4327 2.0925 1.4994
2221 16
3 7 5 8 7 8 2 5
1.8765 1.98 2.973 5.0008 5.9708 8.9912 10.971 12.099
1.528 1.9578 1.5203 2.1217 1.4329 0.99281 1.5297 2.0932
2222 16
3 7 5 8 7 8 2 5
2.1124 2.0484 2.9212 5.0412 6.0319 8.9587 11.114 12.065
1.5009 1.9668 1.4552 2.0232 1.4601 1.0337 1.4832 1.9905
2223 16
3 7 5 8 7 8 2 5
2.0355 2.0728 2.9433 5.096 5.9532 8.9689 11.032 12.031
1.5816 1.9368 1.4204 1.9382 1.4888 0.95655 1.5388 2.0295
2224 16
7 2 3 6 5 8 2 8
1.9785 4.0536 5.9572 7.505 7.9231 9.0899 11.067 12.038
2.0102 2.0521 1.5541 1.4609 1.9413 1.0314 1.505 1.5134
2225 16
7 2 3 6 5 8 2 8
1.9282 3.9754 5.9472 7.4286 8.0011 8.9919 10.946 11.935
1.9601 2.0611 1.5539 1.4021 2.0158 1.0407 1.5494 1.3873
2226 16
7 2 3 6 5 8 2 8
1.8937 3.939 5.9353 7.3633 7.9918 8.9709 10.934 11.996
2.0311 2.0332 1.5703 1.4789 2.0447 0.96143 1.4221 1.4748
