42
43 16
7 1 7 6 8 1 3
2.2971 2.8533 7.3729 8.0343 8.4388 9.1332 12.354
1.008 2.9687 1.3821 1.967 2.2753 2.0225 1.2585
44 16
1 5 7 2 5 3 8
4.7639 5.0351 6.4843 10.423 11.784 13.213 14.236
2.5963 1.0657 2.8166 1.8928 2.6729 2.3891 1.2679
45 16
6 2 1 4 5 3 2
0.051231 4.7162 7.9401 7.9758 8.7327 9.0278 10.045
2.1782 1.018 1.0662 1.6757 2.8947 2.7878 2.0206
46 16
5 3 8 5
0.32834 8.1738 11.629 13.367
2.6442 2.298 2.9812 2.0925
47 16
1 7 1 8 1
1.5502 4.0992 8.1963 9.4455 12.205
2.0907 2.3456 1.6609 1.2539 2.036
48 16
1 4 3 7
1.9751 4.1167 5.9325 5.9849
1.5109 2.4631 1.4365 1.4918
49 16
1 4 3 7
2.08 3.9869 5.9556 6.0761
1.5283 2.502 1.5273 1.5563
50 16
1 4 3 7
2.0714 4.0191 6.033 5.9858
1.4405 2.5388 1.5026 1.4629
51 16
1 4 3 7
1.9679 3.9336 6.0405 5.941
1.5861 2.5026 1.5509 1.5499
52 16
2 6 2 8
4.0487 7.5102 8.015 8.9798
1.9615 1.4327 1.5722 1.0442
53 16
2 6 2 8
3.9532 7.622 8.1003 8.9844
1.965 1.476 1.4913 1.1001
54 16
2 6 2 8
4.0342 7.4686 8.0358 8.9423
1.9982 1.5271 1.5011 0.92198
55 16
2 6 2 8
4.0303 7.4129 8.0157 8.9661
1.9617 1.4333 1.4306 0.92709
56 16
3 8 3 2 8 5
2.0555 5.022 5.9527 8.0745 8.9903 11.921
1.4883 1.9635 1.4402 1.4402 1.0218 2.0287
57 16
3 8 3 2 8 5
2.0147 5.0471 5.9595 8.0326 9.0541 11.998
1.571 2.0041 1.4431 1.4931 1.0427 1.923
58 16
3 8 3 2 8 5
2.0479 4.9841 6.0759 8.0607 8.9469 12.017
1.4875 1.9793 1.5411 1.531 1.0265 1.985
59 16
3 8 3 2 8 5
2.0475 5.0386 6.0387 7.9662 8.9584 11.995
1.3929 2.0011 1.5134 1.469 0.91812 1.989
60 16
3 8 3 2 8 5
6.0449 8.9795 8.9876 10.991 11.976 11.995
1.4516 1.0033 1.5357 1.4577 1.5342 1.9412
61 16
3 8 3 2 8 5
6.0325 9.1096 9.0886 10.984 12.016 11.969
1.4239 1.0075 1.5572 1.5335 1.4868 1.9834
62 16
3 8 3 2 8 5
6.0452 8.9342 9.0154 10.963 12.043 12.005
1.4617 0.93278 1.4479 1.558 1.5765 2.0839
63 16
3 8 3 2 8 5
6.008 9.0686 8.998 11.059 12.005 12.051
1.52 1.0186 1.5353 1.4774 1.5343 2.0273
64 16
4 8 1 2 3 8
3.9824 4.9781 5.9138 7.9438 9.0152 12.026
2.4769 2.0074 2.0181 1.5579 1.4953 1.4732
65 16
4 8 1 2 3 8
4.0778 4.899 5.9693 8.066 9.0416 12.026
2.4845 1.989 2.0575 1.5212 1.5257 1.4356
66 16
4 8 1 2 3 8
4.0384 4.865 5.9786 8.09 9.0453 11.924
2.4328 1.9411 2.0497 1.3812 1.5128 1.6238
67 16
4 8 1 2 3 8
4.094 5.0024 6.0787 8.0549 9.0662 11.967
2.5422 2.0235 1.923 1.4766 1.5313 1.601
68 16
5 4 3 8 3 5
3.0478 3.9339 6.0592 9.0318 8.976 11.923
1.5113 2.4434 1.4161 0.99847 1.4475 1.9383
69 16
5 4 3 8 3 5
3.0105 3.9272 5.9446 8.973 8.9878 12.029
1.5528 2.5232 1.5656 0.92403 1.4765 2.057
70 16
5 4 3 8 3 5
3.0583 4.0161 6.0148 8.9958 8.986 12.072
1.5259 2.4682 1.5309 0.94155 1.4373 1.9702
71 16
5 4 3 8 3 5
3.0242 4.01 6.0343 8.9843 8.9475 11.974
1.5385 2.4823 1.5427 0.94118 1.4487 1.9829
72 16
7 5 2 6 8 8
2.0407 3.0392 4.0255 7.51 8.9897 12.011
2.0265 1.434 1.9519 1.4026 0.9756 1.4788
73 16
7 5 2 6 8 8
2.0706 2.9449 4.0019 7.4943 8.9112 11.971
2.0637 1.5022 2.068 1.4683 0.99502 1.5546
74 16
7 5 2 6 8 8
1.9565 2.9952 3.9716 7.4178 8.9305 11.956
2.0673 1.4715 2.0631 1.5442 1.0191 1.5939
75 16
7 5 2 6 8 8
1.9946 2.9629 4.0233 7.4775 8.9935 11.993
1.9376 1.5426 1.9695 1.5315 1.0205 1.5597
76 16
3 4 8 7 5 2
2.0074 3.9982 4.9686 5.9933 7.9035 10.942
1.4976 2.5875 1.9805 1.4427 2.0112 1.5925
77 16
3 4 8 7 5 2
1.9709 3.9935 4.9944 5.9537 8.05 10.892
1.555 2.5123 1.9328 1.5678 1.9952 1.5233
78 16
3 4 8 7 5 2
1.9029 4.0227 5.1158 5.9667 7.976 11.01
1.5552 2.5631 2.0008 1.5245 1.9677 1.5127
79 16
3 7 5 8 7 8 2 5
1.9673 2.0087 3.0377 4.9073 6.0686 8.9852 11.004 12.032
1.4766 1.974 1.4937 2.0121 1.4384 0.93646 1.4829 1.9344
80 16
3 7 5 8 7 8 2 5
2.0277 2.0426 3.0338 4.9489 6.0472 8.9901 11.034 12.055
1.573 2.033 1.4994 1.9065 1.5343 1.029 1.4211 1.9738
81 16
3 7 5 8 7 8 2 5
2.0562 2.0633 3.0313 5.084 5.9558 9.0414 11.016 12.01
1.5359 2.024 1.5539 2.0132 1.5069 1.0248 1.5813 2.0133
82 16
7 2 3 6 5 8 2 8
2.016 4.0179 6.0382 7.5151 7.9063 9.0271 10.933 12.021
1.8994 1.9431 1.4805 1.5159 1.9621 1.0186 1.4747 1.4764
83 16
7 2 3 6 5 8 2 8
2.0426 4.0704 5.9891 7.4783 8.0564 8.959 11.069 12.04
1.9755 2.1057 1.4987 1.3856 2.0222 1.0032 1.5808 1.5535
84 16
7 2 3 6 5 8 2 8
2.022 3.9991 5.9946 7.4606 8.0213 9.017 10.995 12.031
1.9513 1.9552 1.4466 1.4428 1.9261 0.97434 1.5724 1.4429
