41
8935 16
4 8 1 2 2 2
4.2926 4.9339 8.1048 9.2695 11.075 14.177
1.3988 2.5902 2.8327 1.0147 2.3783 1.5975
8936 16
3 4 7 1
0.62717 0.80668 4.4042 9.7505
2.2944 2.3075 2.2281 1.9442
8937 16
1 1 4 5
2.4564 8.0307 9.5853 10.524
1.6645 1.9528 1.5457 2.5866
8938 16
6 1 5 4 1 3 6
0.84327 1.5056 1.9853 2.4727 6.9821 8.598 9.9165
1.5211 2.0146 2.474 2.5128 1.9413 1.7542 2.8959
8939 16
1 8 2 8
5.7926 6.4502 9.667 10.35
1.2716 2.7694 1.91 2.2275
8940 16
1 4 3 7
2.0323 4.0087 6.0401 6.0427
1.5856 2.5322 1.5279 1.3903
8941 16
1 4 3 7
1.9982 3.9787 6.0007 5.9447
1.4422 2.5134 1.4746 1.5238
8942 16
1 4 3 7
2.011 4.0034 5.9816 6.0548
1.516 2.4546 1.4127 1.4495
8943 16
1 4 3 7
2.0011 4.0067 6.0401 5.937
1.542 2.4346 1.5901 1.45
8944 16
2 6 2 8
4.0547 7.5541 7.9216 9.0329
2.1175 1.4902 1.4363 1.0406
8945 16
2 6 2 8
4.043 7.4569 8.019 9.0616
1.9541 1.4575 1.5168 1.0331
8946 16
2 6 2 8
3.9602 7.5483 7.9886 8.9751
2.054 1.5161 1.4483 1.0584
8947 16
2 6 2 8
3.9798 7.5757 7.9441 9.0377
1.9432 1.4421 1.5471 1.0431
8948 16
3 8 3 2 8 5
1.9849 5.0739 5.9775 8.0625 9.002 12.008
1.4962 2.0166 1.4503 1.4454 0.95566 1.9544
8949 16
3 8 3 2 8 5
2.0033 4.9949 5.9995 7.9952 8.9834 11.949
1.5024 2.0227 1.4973 1.587 0.91939 2.1233
8950 16
3 8 3 2 8 5
1.9683 5.0446 5.9957 7.9719 8.9489 11.927
1.5239 2.0562 1.5303 1.4867 1.0106 1.9143
8951 16
3 8 3 2 8 5
1.9593 5.0775 5.9078 7.9661 8.9582 11.984
1.4945 2.0294 1.4539 1.4981 1.0058 2.0463
8952 16
3 8 3 2 8 5
5.9686 9.0122 8.9467 10.985 11.918 12.012
1.4646 0.97293 1.5575 1.5078 1.4238 1.9969
8953 16
3 8 3 2 8 5
5.9266 9.011 9.051 11.001 12.007 12.017
1.4761 1.0061 1.5687 1.5195 1.5064 1.9009
8954 16
3 8 3 2 8 5
6.0209 9.0315 8.9571 10.978 12.036 12.069
1.4306 1.0102 1.5151 1.5228 1.5507 1.9897
8955 16
3 8 3 2 8 5
5.9791 9.0679 8.9666 10.977 12.007 12.013
1.511 0.91672 1.637 1.5172 1.4112 2.0226
8956 16
4 8 1 2 3 8
4.0481 5.0304 5.9873 7.9475 8.9592 12.023
2.5166 1.9608 2.0453 1.5224 1.6216 1.4918
8957 16
4 8 1 2 3 8
4.0311 5.1566 6.0253 7.9788 9.0555 11.961
2.4826 1.9967 1.8833 1.4874 1.4964 1.4673
8958 16
4 8 1 2 3 8
4.0165 4.941 5.9272 7.9352 9.0823 11.976
2.4531 1.9475 1.9539 1.5252 1.5744 1.4606
8959 16
4 8 1 2 3 8
3.9788 4.9553 6.0063 7.9219 8.9925 11.979
2.4723 2.0461 1.9606 1.5673 1.5093 1.4312
8960 16
5 4 3 8 3 5
3.0726 3.9488 6.0492 8.9706 8.955 12.047
1.548 2.5751 1.5387 0.94608 1.4632 1.9868
8961 16
5 4 3 8 3 5
3.0457 3.9584 6.0377 8.9926 9.05 12
1.458 2.4908 1.4944 1.0121 1.4932 2.004
8962 16
5 4 3 8 3 5
2.9628 4.0334 6.0023 9.0948 9.0574 12.015
1.4833 2.4895 1.5069 0.87954 1.4625 2.0099
8963 16
5 4 3 8 3 5
3.0023 3.9261 6.0387 8.9551 8.993 11.976
1.4635 2.5384 1.5062 0.95683 1.5112 2.0668
8964 16
7 5 2 6 8 8
2.0377 2.9347 4.0035 7.5786 9.0163 11.933
1.9369 1.4907 2.0705 1.542 0.97372 1.6149
8965 16
7 5 2 6 8 8
2.0196 3.0032 3.9849 7.4567 9.0537 11.942
2.0842 1.5405 1.9526 1.4968 0.98508 1.5361
8966 16
7 5 2 6 8 8
1.9625 3.042 4.0455 7.511 8.9242 12.001
1.9942 1.4516 2.0035 1.4995 1.0001 1.5299
8967 16
3 4 8 7 5 2
1.9213 3.9792 4.9468 6.0831 7.9994 10.959
1.5381 2.5511 2.0687 1.4499 2.0647 1.5537
8968 16
3 4 8 7 5 2
1.9681 4.0887 5.0017 6.0671 8.0207 11.105
1.4332 2.5823 2.0019 1.4705 2.0446 1.5445
8969 16
3 4 8 7 5 2
1.9712 3.9592 4.9995 6.0584 8.0152 11.009
1.5248 2.4833 1.974 1.5245 2.005 1.5667
8970 16
3 7 5 8 7 8 2 5
2.1269 1.9815 2.9356 5.0045 6.0693 8.9846 11.087 12.03
1.4384 2.0425 1.5273 1.9618 1.3972 0.98282 1.6039 2.0526
8971 16
3 7 5 8 7 8 2 5
2.0798 1.9784 3.0563 5.0582 5.9664 9.0315 10.931 12.043
1.4696 2.0836 1.4697 2.0009 1.4701 1.0099 1.4934 1.9733
8972 16
3 7 5 8 7 8 2 5
1.9544 2.0039 3.0346 5.0029 6.0008 8.9938 10.946 12.116
1.4847 2.0579 1.5716 2.001 1.5283 0.96583 1.5299 2.0259
8973 16
7 2 3 6 5 8 2 8
2.0646 3.927 5.966 7.4833 7.9488 8.964 11.037 12.124
2.0138 2.0091 1.3639 1.5548 2.0356 1.0189 1.5333 1.4649
8974 16
7 2 3 6 5 8 2 8
1.9835 4.0361 5.9638 7.4038 8.0934 9.0015 10.963 12.037
2.0192 2.0236 1.4691 1.4976 2.0273 0.96121 1.4587 1.5273
8975 16
7 2 3 6 5 8 2 8
2.0674 4.0032 5.9488 7.3834 7.9387 9.0325 10.953 11.982
2.0062 1.9885 1.5947 1.4844 2.0261 1.0193 1.4904 1.4906
