42
2437 16
8 7 1 8 8
1.0835 8.1992 8.2379 8.6513 12.285
2.3564 2.6839 2.349 1.4446 1.3578
2438 16
7 5 6 4 2 1 1
4.3801 4.6228 5.7997 6.5276 6.6842 7.8339 14.222
1.5628 1.5611 2.7073 1.3779 1.8357 2.6859 1.5902
2439 16
7 2 6 1 2 7 8 2
1.0998 2.3383 9.5433 10.384 11.286 11.986 13.833 13.904
2.2347 2.0476 1.2895 1.7546 2.2339 2.9117 1.0739 2.0502
2440 16
3 4 5 1 2 4 6
1.4808 3.9626 6.3388 6.466 6.8195 8.8905 9.6452
2.9165 2.2567 2.4184 1.4652 1.7161 1.1138 1.9234
2441 16
6 2 4 2
2.0742 5.5052 6.9114 8.8433
1.5236 2.3198 2.8946 2.6879
2442 16
1 4 3 7
2.053 4.0026 5.99 6.0705
1.6111 2.6472 1.4712 1.4678
2443 16
1 4 3 7
1.9664 3.9044 5.9695 6.0107
1.5344 2.5932 1.5418 1.5452
2444 16
1 4 3 7
1.9227 3.964 6.0504 5.924
1.4467 2.4631 1.4312 1.4692
2445 16
1 4 3 7
2.0376 4.0589 6.0195 5.9793
1.6337 2.5781 1.4686 1.5203
2446 16
2 6 2 8
4.0334 7.5571 7.9862 9.0313
1.9941 1.4997 1.5408 0.96725
2447 16
2 6 2 8
3.9393 7.5797 7.8735 8.9848
1.9527 1.4981 1.5085 0.95152
2448 16
2 6 2 8
3.8865 7.5154 8.0676 9.1162
2.0196 1.558 1.474 0.8551
2449 16
2 6 2 8
4.032 7.4814 8.0786 9.0104
1.9369 1.5388 1.5487 0.85673
2450 16
3 8 3 2 8 5
2.035 5.0115 6.1025 8.0379 8.955 12.068
1.4814 1.9911 1.6022 1.5261 0.96256 1.9256
2451 16
3 8 3 2 8 5
2.0102 5.0096 6.032 7.9894 8.9417 12.026
1.4971 2.0515 1.5129 1.5056 1.0755 2.0006
2452 16
3 8 3 2 8 5
1.9654 4.9426 6.0321 8.0011 8.9473 12.005
1.4852 1.8645 1.461 1.521 1.0319 2.0192
2453 16
3 8 3 2 8 5
1.9114 5.0084 5.9873 7.964 9.0002 12.005
1.5716 1.9874 1.4763 1.5346 1.0637 1.9725
2454 16
3 8 3 2 8 5
6.1117 8.9946 9.0391 10.96 12.001 12.005
1.4837 0.96753 1.5111 1.5123 1.4209 2.0461
2455 16
3 8 3 2 8 5
6.1113 8.9689 9.0651 10.986 12.031 12.025
1.5112 0.95998 1.5172 1.488 1.4747 1.9789
2456 16
3 8 3 2 8 5
5.9796 9.0132 9.0199 11.076 12.02 11.933
1.4848 0.9999 1.5294 1.5559 1.6004 2.027
2457 16
3 8 3 2 8 5
5.987 9.0671 9.0822 10.886 12.041 11.992
1.4687 1.0513 1.4906 1.5276 1.5154 1.9384
2458 16
4 8 1 2 3 8
3.9948 4.9703 5.9454 8.0379 9.0155 11.969
2.5327 2.0349 2.0192 1.5665 1.4826 1.4737
2459 16
4 8 1 2 3 8
3.9794 5.0172 6.0384 7.9491 9.0266 12.039
2.4413 1.9663 2.0996 1.4903 1.6115 1.5264
2460 16
4 8 1 2 3 8
4.0161 4.9888 5.9562 7.9296 9.0587 11.965
2.4504 1.9548 1.9683 1.4675 1.5629 1.5906
2461 16
4 8 1 2 3 8
3.9418 5.0365 6.0554 8.0162 8.9986 12
2.4759 2.0407 1.9732 1.5532 1.4277 1.518
2462 16
5 4 3 8 3 5
2.9665 3.9726 5.9594 9.016 9.0211 12.022
1.5647 2.5366 1.5025 0.98262 1.5344 1.9408
2463 16
5 4 3 8 3 5
2.9499 3.9084 5.9403 9.0013 9.0611 12.051
1.5147 2.4625 1.4718 1.062 1.5451 2.0114
2464 16
5 4 3 8 3 5
3.0351 4.0255 6.0157 8.9587 8.892 12.077
1.478 2.58 1.5125 1.0515 1.5585 2.0244
2465 16
5 4 3 8 3 5
3.0346 3.9679 6.0185 9.0186 8.99 11.977
1.4814 2.5455 1.4272 0.93964 1.4443 1.9491
2466 16
7 5 2 6 8 8
2.1 2.961 4.0597 7.5419 9.0162 11.961
1.981 1.5097 2.011 1.5393 0.99967 1.4634
2467 16
7 5 2 6 8 8
2.078 3.0221 3.9439 7.4411 8.893 11.949
2.0135 1.4479 2.1454 1.4816 0.99852 1.5187
2468 16
7 5 2 6 8 8
1.9908 3.1167 3.9715 7.507 8.9616 11.979
1.9445 1.5606 1.9642 1.5324 0.92158 1.471
2469 16
7 5 2 6 8 8
1.9992 2.9948 3.9753 7.4437 9.0729 12.006
2.0271 1.5729 2.035 1.6205 1.1062 1.4915
2470 16
3 4 8 7 5 2
2.0193 4.0083 5.0216 6.0196 8.0511 10.944
1.4676 2.4588 2.025 1.5324 1.9109 1.3589
2471 16
3 4 8 7 5 2
2.0425 4.0108 5.025 6.07 7.9917 10.992
1.4301 2.45 2.0099 1.4799 2.0476 1.4668
2472 16
3 4 8 7 5 2
1.9806 4.0254 5.0534 6.0116 7.9821 10.901
1.5583 2.4351 1.9821 1.4169 2.011 1.5298
2473 16
3 7 5 8 7 8 2 5
1.9446 1.951 3.1161 5.0231 5.8829 8.9919 11.134 12.01
1.4967 1.9858 1.4111 2.0068 1.4922 1.0149 1.3809 1.9715
2474 16
3 7 5 8 7 8 2 5
1.9399 1.9986 2.9728 5.0465 5.9847 9.0586 10.954 11.916
1.5211 2.0197 1.5049 1.9796 1.599 0.97645 1.5815 1.9615
2475 16
3 7 5 8 7 8 2 5
2.0172 1.9518 2.998 5.0478 5.8677 8.988 11.028 11.972
1.4313 1.994 1.509 2.0006 1.4621 0.94539 1.5325 1.9878
2476 16
7 2 3 6 5 8 2 8
1.9693 4.0628 6.0091 7.4929 7.9626 8.8472 10.968 11.98
1.9667 1.9822 1.5432 1.4037 2.019 1.0646 1.5151 1.5361
2477 16
7 2 3 6 5 8 2 8
2.0195 4.0052 5.9447 7.4821 8.0558 9.0102 11.039 11.974
1.8866 1.9417 1.4399 1.4965 1.9594 1.0465 1.5038 1.4902
2478 16
7 2 3 6 5 8 2 8
2.0164 4.127 6.0516 7.4901 8.0896 9.0269 11.003 11.942
2.0576 1.9997 1.4823 1.4811 2.0496 1.0406 1.5916 1.474
