41
6926 16
8 6 3 2 5 1 2
2.1939 2.6816 3.6878 3.8454 8.0204 9.8684 11.907
2.6416 2.0673 2.0832 1.6691 1.4652 1.4877 1.6376
6927 16
5 7 6 2 6 4 8
0.6124 6.4121 8.5029 10.48 12.784 12.804 13.406
2.3027 1.7188 1.8914 2.3561 2.7996 2.095 1.7539
6928 16
5 8 7 2 8 3 5 3
3.3577 4.2112 6.1479 6.1856 7.9342 8.2518 9.3472 11.871
2.9392 2.8246 1.5658 2.2028 1.081 2.6818 2.1165 1.1348
6929 16
4 2 6 2 5 1
2.5383 3.0017 3.5432 7.1421 9.9347 10.25
2.6536 2.594 2.8134 2.7477 2.7967 1.9431
6930 16
6 5 8 4 5 3 4
4.813 6.6598 7.0147 8.412 9.9257 10.67 13.927
2.9857 1.4318 2.9443 2.1668 2.2809 1.5139 2.0129
6931 16
1 4 3 7
1.9976 4.1119 5.9932 5.9674
1.4818 2.584 1.4855 1.4845
6932 16
1 4 3 7
2.0112 4.0094 5.9535 5.927
1.5302 2.4406 1.5122 1.4672
6933 16
1 4 3 7
2.0027 4.0138 5.9527 5.9255
1.5311 2.485 1.5321 1.4907
6934 16
1 4 3 7
2.0531 3.973 5.9418 6.0353
1.4128 2.6141 1.4935 1.5526
6935 16
2 6 2 8
4.052 7.54 7.9354 8.9991
2.0129 1.5249 1.5275 1.0166
6936 16
2 6 2 8
3.9959 7.4885 7.9316 8.9858
1.9922 1.5026 1.52 0.94766
6937 16
2 6 2 8
4.0158 7.5057 7.9963 9.0089
2.0171 1.4726 1.4821 1.0946
6938 16
2 6 2 8
3.9127 7.6409 7.9379 8.9165
1.9351 1.4676 1.438 0.9951
6939 16
3 8 3 2 8 5
2.0125 5.0012 5.959 7.9668 8.9677 11.972
1.4874 2.0174 1.4705 1.5418 0.937 2.0298
6940 16
3 8 3 2 8 5
1.9927 4.9247 6.0562 7.9222 8.9469 12.014
1.4914 1.9944 1.5525 1.4937 1.031 2.0174
6941 16
3 8 3 2 8 5
1.9856 5.0361 6.067 7.9777 9.1112 12.055
1.4839 2.0179 1.4517 1.4521 1.0596 1.959
6942 16
3 8 3 2 8 5
1.9513 5.0428 5.9657 8.0769 8.9933 12.055
1.5008 2.0629 1.4551 1.5404 1.1298 1.9877
6943 16
3 8 3 2 8 5
5.9248 9.0618 9.0591 10.96 11.932 12.014
1.4429 1.0136 1.483 1.4423 1.4796 1.9463
6944 16
3 8 3 2 8 5
6.0001 9.0058 8.9532 11.03 11.991 12.013
1.5689 1.0027 1.4811 1.5096 1.4856 1.9734
6945 16
3 8 3 2 8 5
6.027 9.0721 8.9563 10.925 12.042 12.074
1.5245 1.0141 1.5229 1.4817 1.4942 1.9853
6946 16
3 8 3 2 8 5
5.9869 8.9454 8.9881 10.989 12.07 11.957
1.449 0.95247 1.4708 1.5373 1.5509 2.0345
6947 16
4 8 1 2 3 8
3.9246 4.9425 6.0087 7.9634 9.0883 11.974
2.4091 1.9973 1.8969 1.324 1.5662 1.5796
6948 16
4 8 1 2 3 8
3.9357 4.9212 6.0588 7.9043 8.9882 11.917
2.509 2.0858 2.0136 1.401 1.5195 1.4579
6949 16
4 8 1 2 3 8
4.0205 5.0411 6.0499 7.9506 8.9855 11.907
2.5062 1.9799 1.9958 1.4865 1.5141 1.517
6950 16
4 8 1 2 3 8
3.9712 4.9804 6.0627 7.9568 9.0396 11.939
2.5198 2.029 2.0574 1.417 1.446 1.4605
6951 16
5 4 3 8 3 5
3.0225 4.0581 5.9395 8.9407 8.9502 11.938
1.5223 2.5394 1.4275 0.99281 1.4221 1.9403
6952 16
5 4 3 8 3 5
2.9759 4.0651 6.0806 9.0269 9.0429 11.99
1.506 2.4765 1.5085 1.0336 1.5453 1.9746
6953 16
5 4 3 8 3 5
2.9783 4.0395 6.0365 9.0674 9.0353 11.993
1.5826 2.5112 1.5589 1.115 1.5197 2.0123
6954 16
5 4 3 8 3 5
2.9585 4.0197 6.0216 9.0083 8.9892 11.949
1.5741 2.4355 1.558 1.0249 1.483 2.0081
6955 16
7 5 2 6 8 8
1.9624 3.0547 3.9976 7.5305 8.9858 11.977
1.9875 1.501 2.035 1.519 0.97995 1.5452
6956 16
7 5 2 6 8 8
1.9762 2.9484 3.9137 7.5118 9.0257 11.895
2.0396 1.4438 1.9667 1.4992 0.9981 1.5359
6957 16
7 5 2 6 8 8
2.0505 3.0096 4.0309 7.5081 8.9055 11.965
1.9699 1.5057 1.9533 1.5229 1.0002 1.5197
6958 16
3 4 8 7 5 2
2.0238 4.0069 4.9289 5.9871 7.9965 11.054
1.4871 2.6095 1.9947 1.4715 2.0978 1.6067
6959 16
3 4 8 7 5 2
1.9903 4.0489 4.897 5.9661 8.0018 11.018
1.5002 2.5112 1.9053 1.5619 2.0244 1.4066
6960 16
3 4 8 7 5 2
1.9358 4.0195 4.9294 6.0667 8.0336 10.976
1.5477 2.5129 2.0785 1.5119 1.879 1.5806
6961 16
3 7 5 8 7 8 2 5
2.0264 2.0208 3.019 5.0556 6.0087 9.0754 10.994 11.944
1.5542 1.9429 1.5449 2.03 1.5624 0.96134 1.4179 1.9636
6962 16
3 7 5 8 7 8 2 5
2.0767 1.8368 3.0945 4.98 6.0173 9.0079 10.965 12.016
1.4992 1.8936 1.5206 2.0238 1.4865 0.91832 1.4511 2.0371
6963 16
3 7 5 8 7 8 2 5
1.9095 1.9271 2.9497 5.0531 5.9884 9.0025 11.035 11.949
1.549 2.0258 1.5644 2.0223 1.4991 0.99505 1.5412 2.0383
6964 16
7 2 3 6 5 8 2 8
1.936 3.9816 5.9488 7.605 8.0684 9.0626 10.97 11.906
1.9993 2.0813 1.447 1.4909 1.9965 1.0358 1.5461 1.5165
6965 16
7 2 3 6 5 8 2 8
2.013 3.9523 6.0889 7.4112 8.033 9.0175 11.006 11.98
2.0148 1.9564 1.6169 1.5139 1.951 0.97812 1.4139 1.5189
6966 16
7 2 3 6 5 8 2 8
2.0076 3.9919 6.0954 7.4678 7.994 8.9264 10.994 12.022
1.9834 1.9781 1.5341 1.5024 2.0332 1.0151 1.4713 1.5777
