42
1009 16
4 4 1 3 5 8
1.4821 4.0502 4.974 6.3809 8.1759 11.78
2.1403 2.1265 2.4036 1.3938 1.2306 1.9272
1010 16
6 1 7 1
4.7395 5.8346 7.2222 12.029
1.0962 1.9051 2.7544 2.3339
1011 16
7 6 2 8 5 2 4
1.9109 2.8452 4.4762 5.8259 7.0801 11.62 13.827
2.835 2.1995 2.8984 1.2346 2.333 2.6143 1.583
1012 16
1 6 8 7
7.5455 9.0065 11.848 12.566
2.0963 1.0252 2.6141 2.0717
1013 16
6 1 5 2 3 5 6 2
1.598 2.9915 3.3878 5.0406 6.865 7.4163 8.514 11.099
1.5519 2.9467 1.2519 1.147 1.6993 2.9791 2.0572 2.1819
1014 16
1 4 3 7
2.0138 3.997 6.0771 6.0003
1.4555 2.4293 1.5042 1.5311
1015 16
1 4 3 7
2.035 4.0643 6.0192 5.9846
1.5138 2.466 1.4556 1.4207
1016 16
1 4 3 7
1.8864 3.9812 5.9601 5.9452
1.49 2.51 1.4346 1.4301
1017 16
1 4 3 7
2.0131 4.0139 6.0579 6.0048
1.4869 2.4809 1.5583 1.4989
1018 16
2 6 2 8
3.9907 7.4662 8.0128 8.9458
1.9789 1.4832 1.5418 0.99142
1019 16
2 6 2 8
3.9364 7.5289 7.961 9.0164
2.0026 1.4547 1.5215 1.0074
1020 16
2 6 2 8
3.9137 7.4387 7.9498 9.0643
2.0105 1.5268 1.4443 1.0343
1021 16
2 6 2 8
3.996 7.4574 8.0621 9.0117
2.0062 1.5857 1.4891 1.0837
1022 16
3 8 3 2 8 5
1.9088 4.8848 6.0462 7.9441 9.006 11.928
1.5293 2.0424 1.4832 1.4555 1.0629 2.0837
1023 16
3 8 3 2 8 5
2.0251 5.0582 5.986 8.0267 9.0074 11.954
1.5673 1.9771 1.4863 1.5441 1.066 2.0393
1024 16
3 8 3 2 8 5
1.9572 4.95 5.9991 8.0385 9.0729 11.954
1.5004 2.0407 1.4272 1.4716 1.0209 2.065
1025 16
3 8 3 2 8 5
2.0508 4.9557 6.0581 8.0386 9.002 12.035
1.5074 2.0013 1.5216 1.4388 1.0219 1.9804
1026 16
3 8 3 2 8 5
5.8991 9.0008 9.007 10.939 11.963 12.041
1.4969 1.025 1.4763 1.5009 1.4656 2.0253
1027 16
3 8 3 2 8 5
6.0347 9.0686 8.9651 10.983 12.089 12.071
1.4687 1.095 1.4828 1.5026 1.4661 2.025
1028 16
3 8 3 2 8 5
6.0064 9.0699 9.0223 10.963 11.976 11.976
1.4437 1.0359 1.5242 1.5069 1.4869 1.8828
1029 16
3 8 3 2 8 5
5.9894 9.0142 9.0578 10.954 11.91 12.017
1.4525 0.97709 1.454 1.4256 1.5256 2.0667
1030 16
4 8 1 2 3 8
4.0728 4.9572 6.0051 8.0122 9.0795 11.978
2.4766 2.0111 1.925 1.4634 1.5593 1.4797
1031 16
4 8 1 2 3 8
4.0799 4.9248 6.0252 8.0809 8.9315 12.022
2.4671 1.9813 2.0489 1.5024 1.5412 1.5424
1032 16
4 8 1 2 3 8
4.0194 4.977 5.9967 7.9961 9.0429 12.103
2.4974 1.9743 1.9322 1.4187 1.5245 1.5195
1033 16
4 8 1 2 3 8
3.9538 5.0532 5.9962 7.9844 9.0364 11.963
2.5265 1.9717 1.9629 1.5466 1.6241 1.4829
1034 16
5 4 3 8 3 5
2.9598 4.05 6.0012 9.0019 9.0362 12.009
1.3801 2.4751 1.5215 0.93113 1.4457 2.0612
1035 16
5 4 3 8 3 5
2.9654 3.9042 5.9918 9.0413 8.9587 11.908
1.4739 2.4207 1.439 0.96086 1.5575 2.0435
1036 16
5 4 3 8 3 5
2.9733 4.047 5.9984 9.0557 8.8973 12.068
1.5299 2.4459 1.5707 0.93192 1.4674 2.0993
1037 16
5 4 3 8 3 5
3.0757 4.1088 5.997 9.0993 9.0208 11.982
1.5029 2.4465 1.4619 0.95801 1.5512 1.9195
1038 16
7 5 2 6 8 8
1.9237 2.9831 4.0236 7.5561 8.9351 12.017
2.0098 1.4974 2.0062 1.5377 1.0378 1.4656
1039 16
7 5 2 6 8 8
2.0256 2.9731 4.0046 7.5583 8.9553 11.888
1.9556 1.5763 1.9839 1.4996 0.94638 1.5107
1040 16
7 5 2 6 8 8
1.9846 2.9536 4.0158 7.5626 9.0324 11.948
1.9771 1.4878 2.0611 1.388 1.0667 1.476
1041 16
7 5 2 6 8 8
2.0863 2.8955 4.0227 7.5628 8.9793 12.013
2.0157 1.5695 2.0235 1.5057 0.98409 1.4442
1042 16
3 4 8 7 5 2
1.9877 3.8821 5.0564 5.9884 7.9969 11.015
1.4465 2.536 2.0807 1.4774 2.0387 1.5117
1043 16
3 4 8 7 5 2
1.987 4.0628 4.9978 5.9198 8.0373 11.008
1.5079 2.5437 2.0098 1.5196 2.0469 1.558
1044 16
3 4 8 7 5 2
2.0463 4.0105 4.9737 5.9766 7.9926 10.976
1.4742 2.4334 2.0178 1.4492 1.9822 1.3781
1045 16
3 7 5 8 7 8 2 5
1.96 1.9039 3.0575 5.061 6.0275 8.9996 10.973 12.057
1.4644 1.9404 1.4583 1.9686 1.5241 0.93133 1.5746 2.0769
1046 16
3 7 5 8 7 8 2 5
1.9565 1.9887 3.1122 5.0463 5.9969 9.003 11.042 12.02
1.5281 2.0671 1.4518 2.0319 1.4474 1.0203 1.4706 1.9575
1047 16
3 7 5 8 7 8 2 5
1.9799 2.0893 3.0282 5.0867 5.9831 9.0278 10.974 11.922
1.5082 1.9723 1.4955 1.9805 1.4977 0.98744 1.4262 1.9683
1048 16
7 2 3 6 5 8 2 8
2.0577 3.9678 6.0021 7.4949 7.9993 9.0254 11.014 11.945
1.9132 2.0567 1.5082 1.4468 2.0235 1.0079 1.5044 1.5524
1049 16
7 2 3 6 5 8 2 8
1.9828 4.0421 5.9635 7.5965 7.944 9.0206 11.003 11.97
1.9042 1.9548 1.5104 1.5087 2.0042 0.97067 1.4717 1.4419
1050 16
7 2 3 6 5 8 2 8
2.0173 3.9204 5.9576 7.4857 8.0843 9.0166 11.098 11.955
1.9078 2.0347 1.4475 1.5247 1.94 1.0031 1.5368 1.574
