42
1051 16
3 4 7 2 8 6 1 7
0.13901 1.1582 4.5874 8.3729 9.1566 10.715 11.618 12.491
1.7558 1.0935 1.3458 1.8765 1.6498 2.5742 2.247 2.1421
1052 16
4 3 7 3 4 1 2 3
3.1742 3.4728 4.721 5.8133 6.6777 6.8871 10.318 11.98
1.457 2.2927 2.282 1.1479 1.5989 2.465 2.7859 2.6022
1053 16
4 3 7 4 7
1.3088 6.7423 9.2466 9.4322 13.213
1.8705 1.9983 2.9781 1.3165 1.3596
1054 16
3 8 7 2
0.53983 10.743 13.644 14.054
1.2857 2.0486 1.305 1.4325
1055 16
3 1 1 4 3 1
0.6799 1.027 4.2053 6.7074 11.683 12.376
2.2838 2.6806 1.3826 1.6118 1.6207 2.5335
1056 16
1 4 3 7
2.0089 3.9471 5.9773 6.0015
1.4507 2.5032 1.3994 1.48
1057 16
1 4 3 7
2.0465 3.9963 6.0809 5.999
1.3957 2.4741 1.4415 1.5175
1058 16
1 4 3 7
2.0283 4.0622 6.0337 5.9472
1.4958 2.5214 1.4566 1.4714
1059 16
1 4 3 7
1.8968 4.0285 5.9888 6.1003
1.5676 2.465 1.408 1.5388
1060 16
2 6 2 8
4.0436 7.4411 8.0221 8.9876
1.913 1.4986 1.5159 0.99104
1061 16
2 6 2 8
4.043 7.5105 7.9877 9.0578
1.9423 1.5598 1.5889 1.0713
1062 16
2 6 2 8
3.9451 7.4394 7.9901 8.9249
2.0457 1.5598 1.47 0.90888
1063 16
2 6 2 8
3.9757 7.4456 8.0472 9.0942
2.1115 1.474 1.5305 0.93167
1064 16
3 8 3 2 8 5
1.9208 5.0277 6.0595 8.0462 9.0683 11.953
1.5404 2.0247 1.5577 1.4925 0.99769 2.0021
1065 16
3 8 3 2 8 5
2.0359 5.0397 6.0355 8.0358 9.0335 11.968
1.4649 2.0059 1.5504 1.5335 1.0259 2.0419
1066 16
3 8 3 2 8 5
2.0297 4.9219 5.9537 7.9659 8.9415 12.012
1.5184 2.0418 1.4988 1.499 1.0137 2.0224
1067 16
3 8 3 2 8 5
2.0083 5.0008 6.0179 8.0721 9.0475 12.009
1.5405 1.9525 1.5185 1.5025 0.98859 1.9662
1068 16
3 8 3 2 8 5
5.9742 8.8632 9.0437 10.944 11.912 11.955
1.4303 1.0367 1.5313 1.5089 1.6068 1.9972
1069 16
3 8 3 2 8 5
6.0204 8.967 8.9915 11.09 11.953 12.066
1.4587 0.99275 1.4618 1.5422 1.4509 2.1041
1070 16
3 8 3 2 8 5
6.0204 8.9324 9.0391 10.904 12.135 11.951
1.4425 1.0345 1.4946 1.4283 1.4969 1.9866
1071 16
3 8 3 2 8 5
6.0293 9.0653 9.0512 10.961 12.033 11.934
1.5691 0.98886 1.6121 1.4115 1.5615 1.9338
1072 16
4 8 1 2 3 8
4.0022 4.925 5.9584 7.9946 8.9658 12.01
2.4353 1.989 1.9532 1.6115 1.5093 1.5031
1073 16
4 8 1 2 3 8
4.0515 5.0315 5.9609 8.0052 8.9171 11.987
2.4683 2.0342 2.114 1.5457 1.433 1.5751
1074 16
4 8 1 2 3 8
3.954 5.0321 6.068 7.977 8.976 11.999
2.5891 1.861 2.026 1.5463 1.5589 1.5522
1075 16
4 8 1 2 3 8
4.049 5.0369 6.0246 7.8732 9.0104 12.027
2.5124 1.9795 1.9775 1.5323 1.493 1.4308
1076 16
5 4 3 8 3 5
3.0151 3.8818 5.9716 9.0213 9.0025 12.07
1.5865 2.5437 1.6305 1.0572 1.5302 2.0678
1077 16
5 4 3 8 3 5
2.9795 4.0236 5.9967 9.0454 8.9177 12.038
1.5227 2.4727 1.5204 1.063 1.4912 2.1044
1078 16
5 4 3 8 3 5
2.9975 3.946 5.9959 9.0677 8.9819 12.035
1.4373 2.5316 1.438 1.0352 1.4207 1.9445
1079 16
5 4 3 8 3 5
3.0034 3.9473 5.9493 8.93 9.0359 11.92
1.5011 2.4965 1.4989 0.91253 1.4483 2.0419
1080 16
7 5 2 6 8 8
1.9706 3.0076 3.8924 7.4759 8.9526 12.016
2.0198 1.5042 1.9573 1.526 1.0244 1.5933
1081 16
7 5 2 6 8 8
2.0675 2.9348 3.9704 7.4943 9.0152 12.061
2.0076 1.5154 2.0251 1.4832 1.019 1.3977
1082 16
7 5 2 6 8 8
2.005 3.018 4.0576 7.4497 8.9935 11.994
2.0407 1.4751 2.025 1.4817 1.0205 1.5679
1083 16
7 5 2 6 8 8
2.038 3.0501 3.9952 7.3583 9.042 11.921
1.9303 1.5362 2.045 1.5029 1.0538 1.4912
1084 16
3 4 8 7 5 2
1.993 3.9656 4.9153 5.9775 8.0583 11.134
1.419 2.5459 2.0626 1.5223 2.0208 1.4936
1085 16
3 4 8 7 5 2
2.0123 4.0154 4.9434 6.0436 7.8645 11.123
1.5436 2.4513 1.9802 1.5762 1.9874 1.5777
1086 16
3 4 8 7 5 2
2.0088 3.9862 4.9798 6.0002 8.0237 10.979
1.5604 2.4845 2.0016 1.533 2.0534 1.5365
1087 16
3 7 5 8 7 8 2 5
1.9943 1.9521 2.9565 5.0831 5.9802 9.0821 11.062 11.941
1.5349 2.0826 1.4921 2.0441 1.4639 1.0291 1.5275 1.9871
1088 16
3 7 5 8 7 8 2 5
2.066 2.0148 2.9985 4.8635 5.9196 9.1517 11 11.968
1.5183 1.9492 1.4732 2.0371 1.4952 1.0882 1.5031 2.0177
1089 16
3 7 5 8 7 8 2 5
1.8992 1.9975 3.0642 5.0264 6.0482 8.9839 10.959 11.977
1.5035 1.9236 1.5176 1.9692 1.4977 0.96174 1.4431 1.9908
1090 16
7 2 3 6 5 8 2 8
2.0403 4.0778 5.9409 7.4871 8.0896 8.9228 11.051 12.058
1.9679 2.0135 1.4934 1.5365 1.9758 0.96715 1.5591 1.5562
1091 16
7 2 3 6 5 8 2 8
2.0232 4.1025 5.9998 7.5322 8.011 9.0109 10.958 12.005
1.9831 1.9361 1.4913 1.5418 2.0006 0.98763 1.482 1.5395
1092 16
7 2 3 6 5 8 2 8
1.9757 3.9533 6.089 7.4927 7.9114 9.0325 11.001 11.937
2.0326 1.9918 1.5695 1.5156 2.1002 0.95927 1.4912 1.5283
