42
5503 16
1 2 6 8 4 3 2
0.0060724 5.3239 7.3092 8.0842 8.5233 10.93 11.903
1.3191 1.2175 2.8608 1.5595 2.0556 1.3356 2.4768
5504 16
8 7 1 7 4 6 3 8
0.4663 3.3995 5.4734 6.4059 9.7884 10.898 11.381 11.927
2.0404 2.8051 1.8176 1.2971 2.0132 1.1947 2.4259 1.4769
5505 16
7 3 8 5 1
0.052916 4.6259 10.384 12.878 14.499
1.0379 2.8295 1.5143 2.5534 1.4738
5506 16
3 4 3 5 3
6.9158 7.2652 11.81 12.266 13.917
1.2874 1.9518 1.1286 1.0742 1.5125
5507 16
5 6 7 5 6 8 8
1.6646 2.0938 2.7421 5.7767 5.953 7.7951 12.895
1.9452 2.7226 2.1981 1.2847 1.1384 2.7453 2.217
5508 16
1 4 3 7
1.9538 3.9906 5.9936 6.0429
1.5217 2.4613 1.3639 1.6022
5509 16
1 4 3 7
1.9482 4.0381 6.0794 6.0239
1.5147 2.4187 1.4167 1.4247
5510 16
1 4 3 7
2.0528 4.0245 5.974 5.9959
1.4593 2.4802 1.4886 1.5694
5511 16
1 4 3 7
2.0452 4.0224 6.0507 5.953
1.5078 2.5281 1.4621 1.5077
5512 16
2 6 2 8
3.9971 7.5057 8.0057 8.933
1.9365 1.5467 1.4856 1.0639
5513 16
2 6 2 8
3.9443 7.4945 8.007 8.9654
1.9828 1.4566 1.466 1.0185
5514 16
2 6 2 8
3.917 7.3239 8.0021 8.9779
2.0811 1.6047 1.4807 0.88106
5515 16
2 6 2 8
3.9816 7.4154 8.0031 8.9307
2.0149 1.4813 1.5341 1.0237
5516 16
3 8 3 2 8 5
2.1278 4.9707 6.0166 7.9534 8.9963 12.067
1.5173 2.0675 1.5614 1.4517 0.9535 1.89
5517 16
3 8 3 2 8 5
1.9765 4.9164 5.99 8.002 9.0213 11.966
1.5187 1.9903 1.466 1.4597 0.9661 2.0654
5518 16
3 8 3 2 8 5
1.9248 5.0296 5.9675 8.0652 8.8913 11.945
1.4669 1.9771 1.4846 1.5093 1.0336 2.0326
5519 16
3 8 3 2 8 5
1.9822 5.0402 6.0169 7.9998 8.9731 11.946
1.5006 2.0223 1.4241 1.4777 0.99714 2.0928
5520 16
3 8 3 2 8 5
6.0121 9.0351 8.9973 10.998 12.088 11.916
1.4843 1.0762 1.4757 1.4806 1.5368 1.9544
5521 16
3 8 3 2 8 5
5.9009 9.0777 8.9572 10.993 12.052 11.985
1.5445 1.0149 1.5073 1.5159 1.4836 1.9976
5522 16
3 8 3 2 8 5
5.9998 8.9738 8.874 10.931 12.016 11.958
1.4887 0.94151 1.4669 1.499 1.4811 2.0782
5523 16
3 8 3 2 8 5
6.0786 9.0038 9.0777 11.033 11.988 11.935
1.4811 1.0176 1.4911 1.5604 1.4909 2.0766
5524 16
4 8 1 2 3 8
3.9616 4.9966 6.0078 8.0806 8.9617 11.962
2.4826 1.9655 1.9846 1.4391 1.4912 1.5215
5525 16
4 8 1 2 3 8
4.0361 4.9246 5.9346 7.9535 8.9532 12.018
2.5486 1.9289 1.9447 1.5053 1.4866 1.4911
5526 16
4 8 1 2 3 8
3.9925 5.039 5.9445 8.0059 9.0049 12.011
2.4607 2.01 1.9744 1.5586 1.53 1.4015
5527 16
4 8 1 2 3 8
3.9606 5.0405 6.0366 7.9841 8.9848 11.978
2.5189 1.9954 1.995 1.5023 1.5205 1.4517
5528 16
5 4 3 8 3 5
2.9554 4.1176 6.0279 8.9605 9.0115 11.953
1.4984 2.4928 1.5137 1.0301 1.5242 2.0405
5529 16
5 4 3 8 3 5
2.9187 4.0076 6.0275 8.9447 8.9279 12.012
1.4188 2.459 1.443 1.0274 1.5085 1.9993
5530 16
5 4 3 8 3 5
3.012 4.0514 5.9943 9.0326 9.0912 12.06
1.6006 2.5632 1.4954 0.9714 1.4758 1.8565
5531 16
5 4 3 8 3 5
2.9377 4.0313 6.0099 8.9938 9.0161 12.063
1.5885 2.5376 1.4506 0.92867 1.5425 2.027
5532 16
7 5 2 6 8 8
2.0751 3.0056 4.0189 7.5939 9.0037 11.97
2.0013 1.4069 2.0893 1.4324 1.0528 1.5097
5533 16
7 5 2 6 8 8
2.0797 3.0343 4.0676 7.5445 8.9827 11.935
2.0551 1.4273 2.0244 1.4792 1.0172 1.4153
5534 16
7 5 2 6 8 8
2.0028 3.0822 3.9861 7.4848 8.9915 12.049
1.9534 1.4633 1.9352 1.4918 1.0543 1.4859
5535 16
7 5 2 6 8 8
2.0005 2.9729 3.9449 7.4834 8.9223 12.159
1.9651 1.5346 2.0466 1.5506 1.0368 1.5097
5536 16
3 4 8 7 5 2
1.873 4.0266 4.9013 5.9654 8.005 10.979
1.3981 2.626 1.9627 1.52 1.8933 1.4885
5537 16
3 4 8 7 5 2
2.0032 3.9772 4.9692 5.9992 8.0237 11.179
1.5384 2.438 1.9878 1.477 2.0321 1.4717
5538 16
3 4 8 7 5 2
1.9137 4.023 4.9741 6.0287 8.0777 10.945
1.4957 2.4697 1.9411 1.5591 2.0604 1.5257
5539 16
3 7 5 8 7 8 2 5
1.9913 1.9947 2.9885 5.0915 5.9927 9.0228 10.989 12.045
1.5459 2.1078 1.5623 2.0097 1.5574 0.88659 1.4411 2.0134
5540 16
3 7 5 8 7 8 2 5
2.0445 1.9491 2.973 4.9793 5.9481 8.9738 11.052 11.978
1.491 2.0295 1.5623 1.9078 1.5673 0.9863 1.395 2.0295
5541 16
3 7 5 8 7 8 2 5
1.9893 1.9844 2.9605 5.0408 5.9834 9.0236 10.926 12.006
1.4668 1.9904 1.5569 1.9739 1.4946 1.0378 1.4694 2.0787
5542 16
7 2 3 6 5 8 2 8
1.9939 3.9795 6.0555 7.5201 7.9392 8.9806 10.947 12.019
2.0562 2.0419 1.4256 1.563 1.9987 0.9949 1.5089 1.4893
5543 16
7 2 3 6 5 8 2 8
2.0927 4.0491 6.0698 7.4976 7.9926 9.032 10.981 12.024
1.9961 1.9543 1.5372 1.524 2.0081 0.98342 1.5753 1.5176
5544 16
7 2 3 6 5 8 2 8
2.0317 4.0087 6.0247 7.5462 8.0097 8.9707 10.999 11.953
1.9797 1.9739 1.4092 1.5313 1.9779 0.99772 1.5544 1.6025
