42
127 16
3 6 8 1 4 3 8 5
1.3702 4.4637 7.5318 8.087 9.0714 10.879 11.115 11.47
1.3319 2.4521 2.6204 1.299 2.0747 1.011 2.8141 2.0872
128 16
1 7 6 3 1 2
2.074 2.3349 3.8162 10.437 10.641 13.037
2.4775 2.4116 1.4305 2.0577 2.3823 1.2292
129 16
4 1 4 3
3.9965 9.386 9.4634 10.137
1.4008 1.7574 2.3658 2.0003
130 16
1 6 7 4 5
0.60378 7.6699 9.967 11.427 12.985
1.9913 2.9268 1.8661 1.7476 2.3825
131 16
6 4 7 6 3 1 7 4
1.4971 2.2278 3.7278 4.1708 5.8164 9.0958 11.289 14.377
1.055 2.5526 2.2457 1.7948 1.6168 2.9096 2.9545 1.3012
132 16
1 4 3 7
1.9391 4.035 5.9924 6.0447
1.5334 2.4718 1.5919 1.4547
133 16
1 4 3 7
1.9209 4.1341 5.9958 6.0383
1.4901 2.4915 1.4859 1.4127
134 16
1 4 3 7
1.9767 4.0532 6.0007 5.9763
1.4395 2.5429 1.4723 1.4965
135 16
1 4 3 7
2.0136 3.9692 5.9264 6.0502
1.457 2.5037 1.5707 1.4796
136 16
2 6 2 8
3.9887 7.4379 7.9518 9.0195
2.0626 1.4177 1.4364 0.96194
137 16
2 6 2 8
4.0052 7.5597 7.9978 8.9346
2.0633 1.47 1.5641 0.99553
138 16
2 6 2 8
4.0205 7.4912 8.054 8.9969
1.9724 1.492 1.4599 1.0201
139 16
2 6 2 8
3.9488 7.5501 8.0549 9.0512
2.046 1.3981 1.511 0.96997
140 16
3 8 3 2 8 5
1.9949 4.9504 6.0744 8.0184 8.978 12.023
1.4481 2.0032 1.5199 1.5095 1.0403 2.0095
141 16
3 8 3 2 8 5
1.962 5.0149 5.9078 8.0126 8.9894 12.024
1.4053 1.9867 1.4945 1.4988 0.96315 1.9386
142 16
3 8 3 2 8 5
2.0479 4.964 5.9146 7.9827 8.9807 12.044
1.5158 2.0444 1.3992 1.4548 0.89771 1.938
143 16
3 8 3 2 8 5
2.0629 5.1527 6.0102 8.0163 8.968 11.974
1.4957 2.0473 1.4303 1.4651 1.0843 1.9504
144 16
3 8 3 2 8 5
6.0228 8.9688 8.9858 11.027 12.037 11.981
1.4961 1.0322 1.5375 1.4944 1.4832 1.9394
145 16
3 8 3 2 8 5
5.8701 9.0044 8.9804 11.044 12.077 12.06
1.4204 0.9889 1.4463 1.5846 1.358 1.955
146 16
3 8 3 2 8 5
6.0081 8.9822 9.08 11.033 12.029 12.035
1.4942 0.95828 1.5007 1.4269 1.5001 2.0092
147 16
3 8 3 2 8 5
5.9527 9.0548 9.0423 11.065 11.957 11.856
1.4417 0.92505 1.5628 1.407 1.3974 1.9528
148 16
4 8 1 2 3 8
3.9853 5.0219 6.1238 7.9841 9.0206 12.098
2.5051 1.9419 2.004 1.5381 1.5375 1.4151
149 16
4 8 1 2 3 8
3.9926 5.0491 5.9942 8.0286 9.0133 11.982
2.5025 2.0686 2.0287 1.573 1.5226 1.5287
150 16
4 8 1 2 3 8
4.084 5.0065 5.9535 7.9909 8.9906 12.034
2.5346 1.9439 1.9416 1.486 1.5186 1.3721
151 16
4 8 1 2 3 8
4.0096 4.9305 6.0526 8.0893 8.9521 12.005
2.5258 2.0679 2.0597 1.513 1.4598 1.5524
152 16
5 4 3 8 3 5
2.9703 4.0865 6.013 8.9051 9.0274 12.04
1.484 2.4902 1.4789 0.97423 1.4613 1.9936
153 16
5 4 3 8 3 5
2.9758 4.0117 5.9861 8.9805 9.0307 12.072
1.5507 2.5185 1.4389 1.0697 1.5459 1.9761
154 16
5 4 3 8 3 5
2.8967 3.9688 5.9893 8.9814 9.053 12.005
1.5562 2.4783 1.4969 0.95048 1.4311 2.0885
155 16
5 4 3 8 3 5
2.9968 4.023 5.9564 8.9761 8.9694 11.929
1.5343 2.5062 1.5516 1.0102 1.4876 2.1012
156 16
7 5 2 6 8 8
2.0275 2.9792 3.9372 7.5294 8.9048 11.962
2.0126 1.5114 2.0611 1.5028 0.96949 1.4654
157 16
7 5 2 6 8 8
1.9318 2.9942 3.8926 7.5468 8.966 11.933
2.0147 1.4811 1.9263 1.5417 0.8965 1.4291
158 16
7 5 2 6 8 8
1.9296 3.0122 4.0249 7.4565 8.9804 11.954
1.9757 1.4685 1.9318 1.4306 1.016 1.4756
159 16
7 5 2 6 8 8
2.0014 2.9775 4.0233 7.5035 8.982 12.028
1.9378 1.4779 1.9987 1.5076 0.93404 1.5547
160 16
3 4 8 7 5 2
1.9798 4.0004 4.8943 6.0299 8.0686 10.975
1.5088 2.4313 2.0065 1.5101 1.9104 1.4542
161 16
3 4 8 7 5 2
2.0825 4.0149 5.0707 5.8861 8.031 11.009
1.5584 2.4283 1.9611 1.4835 2.0079 1.4299
162 16
3 4 8 7 5 2
1.9554 3.9573 4.9698 5.9249 7.9655 11.059
1.594 2.5001 2.0254 1.5851 2.0779 1.5261
163 16
3 7 5 8 7 8 2 5
2.0374 1.9714 3.0463 5.0889 6.0484 8.9452 11.106 12.015
1.488 2.0385 1.3904 2.0268 1.5075 1.0002 1.5441 1.9216
164 16
3 7 5 8 7 8 2 5
1.9576 1.9897 2.9808 5.0862 6.0409 8.9942 11.05 12.002
1.5153 2.0538 1.5472 1.9351 1.5132 0.99508 1.4286 1.9795
165 16
3 7 5 8 7 8 2 5
1.973 1.9783 2.9767 5.1451 5.9734 8.957 11.011 11.894
1.4664 2.0591 1.4189 2.0922 1.4747 1.0367 1.4868 1.9697
166 16
7 2 3 6 5 8 2 8
2.0175 3.943 6.0395 7.5461 8.0117 8.943 11.063 11.971
2.0136 2.0436 1.4843 1.5027 1.9401 0.97807 1.4822 1.5036
167 16
7 2 3 6 5 8 2 8
2.0142 3.9986 5.9478 7.4964 7.9203 8.936 10.982 11.94
2.0773 1.9454 1.5596 1.4426 2.0175 1.0207 1.5131 1.4409
168 16
7 2 3 6 5 8 2 8
2.0853 3.924 6.0311 7.3883 7.9756 9.0759 10.996 11.995
1.8919 2.0133 1.4958 1.5084 2.076 1.0554 1.5094 1.6038
