41
9837 16
5 2 6 8 8
0.72999 3.7769 4.2873 4.6009 7.9899
2.8661 1.7158 2.9125 2.1983 2.5157
9838 16
8 3 8 8
0.56695 2.0423 2.2299 13.249
1.3539 2.3904 1.7038 2.4698
9839 16
7 2 8 6 7 2
0.038468 0.093312 1.1637 5.4973 8.342 9.3743
2.1967 2.1866 1.5799 2.1179 2.909 1.0177
9840 16
6 6 4 8 7 4
0.078674 2.521 4.3037 8.6281 11.256 12.996
1.9975 1.306 1.9523 1.8914 2.4062 2.9626
9841 16
1 7 5 3 4
0.21025 4.7842 10.566 13.342 13.956
2.2946 2.8828 1.0723 2.1709 1.5427
9842 16
1 4 3 7
2.0898 4.0503 5.9807 6.0927
1.5828 2.4828 1.4478 1.4645
9843 16
1 4 3 7
2.0025 4.054 6.0509 5.9835
1.576 2.5022 1.608 1.4623
9844 16
1 4 3 7
2.0278 3.9699 5.993 6.0769
1.5128 2.4539 1.5107 1.4853
9845 16
1 4 3 7
1.9279 4.0218 6.0112 5.949
1.5127 2.4983 1.4857 1.4274
9846 16
2 6 2 8
3.9646 7.4359 8.0097 9.0072
1.9819 1.448 1.5136 0.96393
9847 16
2 6 2 8
3.9792 7.5288 8.052 8.9936
1.9996 1.4344 1.4692 0.98942
9848 16
2 6 2 8
3.9158 7.5303 8.0507 9.0741
1.9833 1.4723 1.5665 1.0142
9849 16
2 6 2 8
3.9487 7.4845 8.0451 9.0535
1.9165 1.481 1.5249 1.0244
9850 16
3 8 3 2 8 5
1.968 4.9134 6.024 8.0768 9.088 11.997
1.4964 2.0536 1.5079 1.4517 1.0335 2.0205
9851 16
3 8 3 2 8 5
2.021 5.0871 5.924 8.0127 8.8962 12.037
1.4874 2.0105 1.5074 1.5282 0.86153 1.9762
9852 16
3 8 3 2 8 5
1.9611 5.0355 5.9757 8.0301 9.0402 12.057
1.5666 1.9737 1.5295 1.4792 1.0408 1.9118
9853 16
3 8 3 2 8 5
2.1187 4.9428 5.9877 8.0502 9.0638 11.993
1.548 2.0405 1.4705 1.5504 0.99557 2.0321
9854 16
3 8 3 2 8 5
6.0212 9.0152 9.0152 11.049 11.987 11.962
1.5672 0.97161 1.5358 1.5894 1.5054 1.8664
9855 16
3 8 3 2 8 5
5.9364 8.9673 8.9339 11.022 11.995 12.014
1.5771 0.96121 1.535 1.4392 1.5201 1.9852
9856 16
3 8 3 2 8 5
6.047 9.0235 9.0655 11.064 11.995 12.017
1.5772 1.0044 1.5431 1.5306 1.5739 1.9826
9857 16
3 8 3 2 8 5
6.0113 8.9223 8.9989 10.926 11.919 11.948
1.4939 1.0353 1.449 1.5444 1.4464 1.9792
9858 16
4 8 1 2 3 8
4.005 4.9499 5.9372 7.9696 9.0787 12.036
2.5321 1.9783 1.9505 1.4484 1.4899 1.5153
9859 16
4 8 1 2 3 8
3.9821 4.9859 5.9446 7.9695 8.9881 12.011
2.5993 1.9883 2.0023 1.5258 1.4822 1.5181
9860 16
4 8 1 2 3 8
4.0021 4.9641 6.0635 8.0145 9.0075 12.043
2.4799 2.0368 2.0128 1.5891 1.6172 1.4357
9861 16
4 8 1 2 3 8
3.9393 4.8876 6.0145 8.0256 8.9564 11.982
2.5045 1.9679 1.9667 1.599 1.4343 1.514
9862 16
5 4 3 8 3 5
3.0142 4.0133 6.0257 9.0672 9.0511 12.056
1.5046 2.6195 1.444 0.94181 1.444 1.9999
9863 16
5 4 3 8 3 5
3.0475 3.9208 6.0191 8.9596 9.0207 12.062
1.5445 2.5339 1.3905 1.0848 1.4481 1.9489
9864 16
5 4 3 8 3 5
3.0422 3.9573 6.0176 8.9991 8.9974 12.015
1.5632 2.456 1.5334 0.98758 1.5035 1.943
9865 16
5 4 3 8 3 5
3.0507 3.9281 5.9848 8.9257 9.0009 12.041
1.5287 2.4994 1.4785 1.0286 1.5393 1.9322
9866 16
7 5 2 6 8 8
2.0059 3.0561 3.9333 7.5016 9.0296 11.956
2.0146 1.487 1.8954 1.5603 0.97035 1.5209
9867 16
7 5 2 6 8 8
1.9773 3.0033 3.992 7.4893 9.0547 12.053
1.9901 1.466 1.9345 1.3328 1.0914 1.4897
9868 16
7 5 2 6 8 8
1.998 2.9899 3.9258 7.4121 8.9319 12.089
1.9956 1.52 1.9881 1.5596 0.93505 1.5334
9869 16
3 4 8 7 5 2
2.126 3.9615 5.0909 5.98 7.9387 11.044
1.5934 2.4167 1.9979 1.5002 1.9485 1.5284
9870 16
3 4 8 7 5 2
1.9735 4.0099 4.9958 6.0868 7.9901 10.986
1.3863 2.5016 1.9817 1.5474 2.0663 1.5439
9871 16
3 4 8 7 5 2
1.9316 4.0037 4.9402 6.0168 8.0859 10.971
1.5226 2.4468 2.0259 1.4739 1.9698 1.5339
9872 16
3 7 5 8 7 8 2 5
1.9742 1.9794 2.9648 4.9502 5.9719 9.0218 11.003 11.988
1.5793 2.0016 1.4686 2.0863 1.5313 0.99512 1.4721 2.005
9873 16
3 7 5 8 7 8 2 5
2.0603 1.991 3.0512 5.0217 5.9938 9.0116 11.039 11.923
1.5008 1.9922 1.3904 1.9863 1.5727 1.0116 1.4396 2.042
9874 16
3 7 5 8 7 8 2 5
2.0062 2.0312 2.9789 5.021 6.0306 8.9745 10.983 11.978
1.5258 2.0587 1.5662 1.9859 1.5246 1.0296 1.4766 2.0137
9875 16
7 2 3 6 5 8 2 8
1.9922 3.8932 6.0212 7.4624 8.0407 8.9405 11.008 12.082
1.9634 2.0083 1.4924 1.4628 1.9073 1.0977 1.3952 1.5416
9876 16
7 2 3 6 5 8 2 8
2.037 3.9582 5.9933 7.4935 8.0114 9.0165 11.017 11.975
1.9642 1.992 1.4379 1.5161 1.9314 0.8685 1.5562 1.5058
9877 16
7 2 3 6 5 8 2 8
1.9779 4.027 5.9741 7.5122 8.0196 8.8732 10.989 11.996
1.9527 1.973 1.4241 1.4881 1.954 0.97853 1.5455 1.436
