42
3529 16
4 6 5 1
1.2907 2.6064 11.937 14.073
2.8692 1.8634 1.8723 1.4006
3530 16
8 6 2 3
3.7777 4.6532 8.3174 11.861
2.7928 2.7064 1.353 1.6594
3531 16
8 6 1 8 5 7 3 8
1.4492 3.6074 4.6216 5.8959 5.9891 8.1741 8.2861 10.469
2.4414 2.5314 1.7594 1.6001 1.1221 1.7075 1.7344 1.7514
3532 16
8 7 1 2 7 1 6 3
0.093738 3.2508 5.784 8.9675 9.9432 12.843 12.948 13.872
2.3242 2.1617 1.5402 2.5758 1.2822 2.1625 1.674 1.8732
3533 16
7 5 5 6 5 7 2
0.30733 2.2633 6.0186 6.0793 11.444 13.032 13.094
1.1405 1.0095 2.5563 1.2102 1.3397 1.1042 2.6956
3534 16
1 4 3 7
2.0878 4.0207 5.9187 5.9785
1.512 2.5256 1.5641 1.5189
3535 16
1 4 3 7
1.9253 3.9963 5.9498 6.0104
1.5651 2.5251 1.497 1.4001
3536 16
1 4 3 7
1.9732 3.9685 5.9998 6.0019
1.4662 2.5205 1.5659 1.532
3537 16
1 4 3 7
2.0494 3.9456 5.9654 5.9944
1.5397 2.4432 1.6212 1.4696
3538 16
2 6 2 8
4.0124 7.5268 8.0887 9.0012
1.9276 1.4494 1.5617 1.0325
3539 16
2 6 2 8
3.9579 7.4383 8.0325 9.004
2.0237 1.383 1.4646 1.0246
3540 16
2 6 2 8
3.9674 7.4708 7.9887 8.9684
1.99 1.5236 1.4182 1.0661
3541 16
2 6 2 8
3.9672 7.5306 7.9711 9.0491
2.0003 1.4948 1.5597 0.99382
3542 16
3 8 3 2 8 5
1.9532 5.0327 6.0388 8.0456 8.8878 11.954
1.4929 1.9639 1.4497 1.4003 0.90491 1.985
3543 16
3 8 3 2 8 5
2.0011 5.0922 6.002 7.9768 9.0546 12.003
1.4992 1.9565 1.5165 1.5144 0.91927 1.9971
3544 16
3 8 3 2 8 5
1.9952 4.8964 6.047 7.9423 8.9861 12.002
1.5155 2.1082 1.5576 1.4886 0.93063 1.9649
3545 16
3 8 3 2 8 5
2.0546 4.9829 6.0253 7.9976 8.9842 11.965
1.4229 2.0248 1.5275 1.5542 1.1007 1.904
3546 16
3 8 3 2 8 5
6.014 9.017 8.9939 10.887 11.963 12.089
1.5552 0.94796 1.428 1.5849 1.5597 2.0392
3547 16
3 8 3 2 8 5
6.0176 8.972 8.9693 10.951 11.895 12.01
1.4555 1.0024 1.4693 1.4433 1.604 1.9312
3548 16
3 8 3 2 8 5
6.034 9.0518 8.9882 10.985 12.027 11.973
1.4718 1.0059 1.5492 1.511 1.4244 1.9886
3549 16
3 8 3 2 8 5
6.0818 8.9632 8.9392 10.931 12.011 11.933
1.4918 0.92482 1.5063 1.5877 1.5243 1.9658
3550 16
4 8 1 2 3 8
3.9733 5.0033 5.9262 8.0265 9.0723 12.045
2.4653 1.9393 1.9865 1.4696 1.4771 1.4998
3551 16
4 8 1 2 3 8
4.0597 5.0272 5.982 8.0345 8.993 12.033
2.4966 2.0068 1.9357 1.4415 1.4805 1.4858
3552 16
4 8 1 2 3 8
3.9269 4.9525 6.0312 7.9714 8.978 11.949
2.522 2.0507 1.9577 1.5164 1.5647 1.4979
3553 16
4 8 1 2 3 8
4.0098 5.0242 5.9489 7.9937 8.9185 12.071
2.5143 1.9932 1.9615 1.5225 1.4904 1.4424
3554 16
5 4 3 8 3 5
2.9393 3.9526 6.0291 9.0457 8.9297 11.896
1.5022 2.4731 1.5032 0.98952 1.5604 1.9811
3555 16
5 4 3 8 3 5
2.9157 3.9821 5.9543 9.1502 9.0124 11.922
1.5014 2.5838 1.5197 0.9805 1.4607 2.0882
3556 16
5 4 3 8 3 5
3.0346 3.994 5.8921 8.9699 9.0342 12.045
1.5235 2.4731 1.4749 0.97594 1.5114 1.9354
3557 16
5 4 3 8 3 5
3.0533 4.0867 5.9825 8.9601 9.0427 11.989
1.4821 2.5582 1.4267 1.0191 1.4377 1.9285
3558 16
7 5 2 6 8 8
2.0686 3.0778 4.1152 7.4828 8.9361 11.924
2.0014 1.5112 2.0505 1.5389 1.0457 1.4952
3559 16
7 5 2 6 8 8
1.9446 2.9686 3.9828 7.5603 9.0548 12.013
1.9798 1.5509 1.9963 1.512 1.0511 1.4875
3560 16
7 5 2 6 8 8
1.9055 3.0027 4.1028 7.45 8.9464 11.974
2.0278 1.5628 1.9577 1.5461 0.95925 1.4792
3561 16
7 5 2 6 8 8
2.1099 2.9887 4.0207 7.4669 8.9712 12.046
1.9324 1.3422 1.9916 1.4595 1.053 1.4038
3562 16
3 4 8 7 5 2
2.0344 3.981 4.9725 5.89 7.9617 11.066
1.573 2.5128 2.0005 1.4618 2.1176 1.5073
3563 16
3 4 8 7 5 2
2.0022 4.0402 5.0296 6.0828 8.0729 11.05
1.4281 2.5415 2.0703 1.5648 1.9933 1.4277
3564 16
3 4 8 7 5 2
2.0174 3.9431 5.017 6.0265 7.9696 11
1.5264 2.5443 1.9433 1.4859 1.9663 1.4975
3565 16
3 7 5 8 7 8 2 5
1.9316 1.9492 3.0081 5.0341 5.9968 8.9215 10.968 12.059
1.5586 1.9897 1.4646 1.9829 1.4159 0.98769 1.3949 1.9263
3566 16
3 7 5 8 7 8 2 5
2.0603 1.9663 2.9424 5.0417 5.9511 8.9724 11.023 12
1.4387 1.9091 1.5225 1.94 1.4769 1.0246 1.4885 1.9549
3567 16
3 7 5 8 7 8 2 5
1.989 1.9346 2.9467 4.9588 5.9998 8.9518 10.968 11.935
1.4952 1.9885 1.577 2.0506 1.4462 1.0025 1.491 2.0321
3568 16
7 2 3 6 5 8 2 8
2.029 4.0036 6.0103 7.5208 8.0232 8.9802 10.953 12.132
1.9788 1.9624 1.5174 1.4606 1.9329 1.1487 1.5167 1.5425
3569 16
7 2 3 6 5 8 2 8
2.0431 4.0385 5.9903 7.5176 8.0332 9.0062 10.994 11.94
2.0683 1.9887 1.5957 1.6111 1.9289 0.93948 1.5255 1.4198
3570 16
7 2 3 6 5 8 2 8
2.0128 4.0077 6.0096 7.4921 8.0488 9.0061 11.012 12.017
1.9118 1.9939 1.493 1.3887 1.9681 1.0576 1.4459 1.538
