42
6637 16
4 6 5 3 6 2
4.1979 8.4566 8.6827 10.03 10.213 13.628
1.9078 1.3863 2.2068 1.8604 2.0082 1.623
6638 16
6 4 2 5 3 4 8 6
2.0463 7.8067 9.0626 9.816 12.736 13.638 14.009 14.151
2.9855 1.5906 1.2179 2.4805 2.6265 2.0861 1.2041 1.2731
6639 16
1 2 6 8 5 1 5
1.3255 3.4205 3.9183 6.6287 6.8614 8.0041 9.3467
2.9958 1.6932 2.0957 2.0004 2.4271 2.6224 1.1358
6640 16
5 1 7 1
2.6214 4.389 12.394 12.526
2.3935 2.491 1.5555 1.4998
6641 16
4 3 1 8 1 3 4 3
0.8957 1.456 2.2591 3.7097 4.9648 6.1128 8.3837 10.095
2.5289 1.0964 1.6903 2.4221 2.2339 2.2193 2.3891 1.4484
6642 16
1 4 3 7
1.9829 4.0691 6.0162 5.9972
1.4545 2.4629 1.4956 1.5329
6643 16
1 4 3 7
1.9966 3.9536 6.0349 6.0383
1.4401 2.4716 1.4802 1.4968
6644 16
1 4 3 7
2.0113 4.0979 5.9955 5.953
1.4675 2.5452 1.4144 1.5815
6645 16
1 4 3 7
2.0321 4.0683 5.9443 6.0327
1.4264 2.4416 1.4088 1.5313
6646 16
2 6 2 8
3.9903 7.4652 7.9652 9.0006
1.9777 1.5189 1.5839 0.92548
6647 16
2 6 2 8
4.0667 7.5747 7.9594 8.9653
1.9503 1.3977 1.4948 0.9979
6648 16
2 6 2 8
4.0343 7.4605 7.9608 9.033
2.0476 1.4068 1.4817 0.99623
6649 16
2 6 2 8
3.9015 7.5212 8.0466 8.9831
1.9987 1.5535 1.5444 0.94892
6650 16
3 8 3 2 8 5
1.9723 4.9942 6.0385 8.015 9.0443 12.036
1.5541 2.0998 1.5604 1.4274 0.96155 2.0557
6651 16
3 8 3 2 8 5
1.9831 5.0219 5.9233 8.0562 9.0491 12.032
1.5862 1.988 1.4844 1.4497 1.0293 2.0682
6652 16
3 8 3 2 8 5
1.9209 4.8813 6.0515 7.9986 9.0043 12.022
1.5003 2.0614 1.5248 1.5386 0.9981 1.9594
6653 16
3 8 3 2 8 5
1.9892 4.9839 5.9626 7.9264 9.0269 11.987
1.4215 2.0578 1.4978 1.4701 0.95589 1.9786
6654 16
3 8 3 2 8 5
6.0278 9.0857 8.9485 11.009 12.114 12.019
1.4646 1.0188 1.5231 1.4795 1.5684 2.0414
6655 16
3 8 3 2 8 5
5.9844 9.0048 8.949 10.982 12.063 11.978
1.4217 0.99109 1.4588 1.5532 1.516 1.9941
6656 16
3 8 3 2 8 5
6.0137 8.9976 8.9948 10.995 12.068 12.001
1.4993 0.96578 1.5595 1.5292 1.5319 2.0979
6657 16
3 8 3 2 8 5
5.9859 8.9355 9.0702 10.995 11.918 12.009
1.5541 0.96568 1.4754 1.4683 1.545 2.0418
6658 16
4 8 1 2 3 8
3.9456 4.9751 5.9583 7.9331 9.0117 11.983
2.4473 1.9312 1.9176 1.4461 1.482 1.5607
6659 16
4 8 1 2 3 8
3.9889 4.9924 6.0143 7.9558 8.9724 12.043
2.5205 1.9138 2.0349 1.5097 1.4844 1.5467
6660 16
4 8 1 2 3 8
4.0466 5.0945 5.9803 8.0614 8.9549 12.039
2.3588 2.0663 2.0005 1.5758 1.4848 1.5109
6661 16
4 8 1 2 3 8
3.9907 4.9497 6.0568 8.0027 9.0737 11.933
2.4822 1.9452 1.9708 1.5709 1.5295 1.5496
6662 16
5 4 3 8 3 5
2.9601 3.9725 6.0039 8.9515 9.0045 11.947
1.4534 2.4809 1.4907 0.97066 1.4822 2.0219
6663 16
5 4 3 8 3 5
2.9353 3.976 6.0322 8.9553 9.0193 12.004
1.5494 2.4657 1.5031 0.9679 1.5758 2.043
6664 16
5 4 3 8 3 5
2.988 3.912 6.0008 9.1123 9.013 12.024
1.4919 2.5769 1.4857 0.96241 1.4686 1.9649
6665 16
5 4 3 8 3 5
2.9904 3.9997 6.0499 8.9158 9.0665 12.016
1.4609 2.4649 1.4338 0.9876 1.474 1.939
6666 16
7 5 2 6 8 8
2.0303 2.9618 4.004 7.4654 9.075 12.001
1.899 1.5179 2.0002 1.4517 0.99835 1.3993
6667 16
7 5 2 6 8 8
2.0086 2.9719 4.0036 7.5299 8.9214 11.889
2.0626 1.5678 2.0076 1.498 0.94179 1.4462
6668 16
7 5 2 6 8 8
1.9958 2.9526 3.8697 7.4946 8.9728 12.071
2.0068 1.5777 1.9992 1.4338 0.97218 1.481
6669 16
7 5 2 6 8 8
2.0282 2.9905 4.014 7.4652 9.0362 12.095
2.0453 1.5016 2.0408 1.5591 1.0524 1.421
6670 16
3 4 8 7 5 2
1.9583 4.0829 4.9991 5.9617 8.0679 10.988
1.4495 2.5541 2.0623 1.4858 2.022 1.5267
6671 16
3 4 8 7 5 2
2.0615 4.0254 5.1328 6.0009 7.9091 10.939
1.4335 2.4791 1.9388 1.521 2.0253 1.4378
6672 16
3 4 8 7 5 2
1.9242 4.0306 5.0164 6.0274 7.9116 11.024
1.4511 2.4903 2.0189 1.4533 2.057 1.4429
6673 16
3 7 5 8 7 8 2 5
2.0327 2.006 2.9451 5.033 5.9495 9.0188 10.997 11.925
1.5078 2.0476 1.5029 2.0764 1.5247 1.0304 1.4899 1.9354
6674 16
3 7 5 8 7 8 2 5
1.9606 1.9944 2.9547 5.0258 5.9798 8.9818 11.036 11.943
1.4874 2.0219 1.3956 1.9865 1.4326 1.0489 1.4334 2.0026
6675 16
3 7 5 8 7 8 2 5
1.9688 1.9673 3.0706 5.0952 5.9981 8.9914 11.002 11.902
1.3882 2.0476 1.5084 2.0371 1.4351 0.94685 1.6028 1.9028
6676 16
7 2 3 6 5 8 2 8
2.0391 3.983 6.0074 7.5425 8.0343 9.0263 10.933 12.048
1.9844 2.0078 1.5035 1.4553 1.9492 1.0257 1.5043 1.4631
6677 16
7 2 3 6 5 8 2 8
1.9307 3.9376 5.8772 7.5144 8.0092 9.0614 11.071 11.971
1.9497 1.9563 1.5792 1.5223 1.9327 0.98814 1.5332 1.4363
6678 16
7 2 3 6 5 8 2 8
2.0594 3.9998 6.0388 7.5315 8.0827 8.9678 11.052 12.026
1.9988 2.0228 1.5629 1.491 1.9668 1.0573 1.4778 1.4479
