41
9099 16
3 2 1 4 5 1 8
1.8222 2.0716 2.6228 2.983 7.268 7.334 10.723
1.4659 1.2413 2.9679 1.6953 2.2787 2.0213 1.2522
9100 16
8 7 1 5 8 8 5 4
0.23286 0.52706 2.4567 3.0299 4.6299 11.073 11.968 13.704
1.4992 2.2032 1.1584 1.8547 1.791 2.4853 1.2668 1.393
9101 16
2 3 8 6 4 5
3.8939 6.9088 9.2655 10.076 12.386 12.488
1.8382 2.9057 1.7223 2.0197 1.6839 1.5821
9102 16
6 1 3 8 2
1.1328 2.1088 6.1983 6.3377 14.194
2.466 1.9694 1.3171 1.7768 1.1894
9103 16
6 4 8 3
1.9595 8.0863 10.88 11.947
2.8262 2.0362 2.3812 2.7336
9104 16
1 4 3 7
1.9637 3.97 6.002 5.9531
1.5083 2.4835 1.501 1.4672
9105 16
1 4 3 7
1.9862 3.9754 5.9676 5.8878
1.4863 2.5414 1.4997 1.5708
9106 16
1 4 3 7
1.9354 3.9991 6.0038 6.0077
1.5315 2.4779 1.4401 1.4953
9107 16
1 4 3 7
2.0238 3.9262 6.0513 6.0164
1.4425 2.5239 1.4553 1.4418
9108 16
2 6 2 8
4.0381 7.5774 8.048 9.0151
2.0834 1.5179 1.4972 0.88079
9109 16
2 6 2 8
4.0574 7.504 8.0299 9.0497
2.0504 1.3908 1.5048 0.97864
9110 16
2 6 2 8
3.9774 7.4899 7.9792 8.9674
1.9651 1.4956 1.5264 0.97436
9111 16
2 6 2 8
3.9727 7.4216 8.0249 8.911
1.9084 1.4695 1.4302 1.0269
9112 16
3 8 3 2 8 5
1.9534 4.9917 5.991 8.011 9.046 12.022
1.5586 1.8981 1.5167 1.4554 1.0686 2.0853
9113 16
3 8 3 2 8 5
1.9591 5.066 5.8931 8.0329 8.9778 12.022
1.4054 1.9849 1.4429 1.5157 0.97277 2.0068
9114 16
3 8 3 2 8 5
1.9589 4.9956 6.0177 7.9677 9.0341 11.969
1.4742 2.018 1.4791 1.4705 1.0305 2.022
9115 16
3 8 3 2 8 5
2.0273 5.015 6.0259 8.008 9.0224 12.06
1.4916 1.8921 1.5291 1.5671 1.0653 1.9873
9116 16
3 8 3 2 8 5
5.9536 8.9933 8.9908 11.001 11.955 11.991
1.4544 1.0073 1.5655 1.4665 1.5455 1.9721
9117 16
3 8 3 2 8 5
6.0414 8.9881 8.9783 11.036 11.946 12.111
1.4426 0.93059 1.526 1.4873 1.5009 2.0694
9118 16
3 8 3 2 8 5
6.0005 8.942 8.9656 10.998 11.934 12.047
1.4868 0.96032 1.3934 1.4314 1.5166 1.9565
9119 16
3 8 3 2 8 5
6.0392 9.0341 9.0397 11.002 12.062 11.995
1.4776 0.98056 1.4804 1.4649 1.4862 1.9596
9120 16
4 8 1 2 3 8
4.0186 5.0099 6.0743 8.0127 8.9804 12.043
2.5529 2.0431 1.9435 1.5102 1.4801 1.5203
9121 16
4 8 1 2 3 8
3.9393 5.065 5.8861 7.8899 8.9711 11.969
2.5014 1.9974 1.9589 1.508 1.388 1.4405
9122 16
4 8 1 2 3 8
4.0897 4.9878 5.9298 7.9306 8.9503 12.073
2.4418 2.0574 2.0311 1.4859 1.5083 1.476
9123 16
4 8 1 2 3 8
3.9423 5.0052 6.0381 7.9814 9.004 11.833
2.5396 1.9693 2.0011 1.5432 1.441 1.5217
9124 16
5 4 3 8 3 5
2.9882 3.959 5.9969 9.0286 9.0205 12.073
1.4444 2.5557 1.4613 1.0414 1.4585 1.9779
9125 16
5 4 3 8 3 5
3.015 3.9381 6.0355 8.9945 8.9435 12.025
1.4739 2.4978 1.459 0.96157 1.4235 1.9754
9126 16
5 4 3 8 3 5
2.9651 4.0418 6.0513 9.0427 9.0128 12.034
1.5174 2.4407 1.503 0.97516 1.4903 1.8951
9127 16
5 4 3 8 3 5
3.0057 3.9568 6.035 9.01 9.0568 12.061
1.4646 2.5147 1.4365 1.0071 1.4562 2.0521
9128 16
7 5 2 6 8 8
1.9534 3.0597 4.0485 7.5149 8.9358 12.005
2.0169 1.5119 1.9483 1.4797 0.96402 1.5196
9129 16
7 5 2 6 8 8
2.0028 2.9128 4.0201 7.417 9.0526 12.022
1.8736 1.4891 2.0653 1.4578 0.92734 1.4753
9130 16
7 5 2 6 8 8
1.9635 2.9127 4.0161 7.6034 9.0037 12.034
1.9448 1.5168 2.0558 1.5204 0.9385 1.5621
9131 16
3 4 8 7 5 2
2.0189 3.9177 4.9661 6.0441 7.9546 10.949
1.5129 2.5427 1.9844 1.4724 2.0341 1.498
9132 16
3 4 8 7 5 2
1.9837 3.9721 4.9692 5.9752 7.9625 11.084
1.5374 2.5233 2.0249 1.5363 1.9866 1.5281
9133 16
3 4 8 7 5 2
2.0521 4.0192 5.0379 6.1062 7.9831 10.979
1.4606 2.5594 1.9153 1.3894 2.0205 1.4392
9134 16
3 7 5 8 7 8 2 5
1.9152 2.0214 3.0359 5.011 6.0379 9.0475 10.963 12.048
1.4941 2.0335 1.5508 1.8772 1.4955 1.0443 1.4892 1.9734
9135 16
3 7 5 8 7 8 2 5
2.08 2.0155 2.9004 4.9777 6.0777 9.085 11.029 12.053
1.5325 1.9543 1.5867 1.9905 1.496 0.94476 1.4151 2.0025
9136 16
3 7 5 8 7 8 2 5
2.033 1.9567 3.1103 5.0163 5.9306 9.0162 11.049 11.983
1.4851 2.0415 1.507 1.9764 1.5079 1.0384 1.5087 1.9268
9137 16
7 2 3 6 5 8 2 8
1.9423 4.02 6.0144 7.4472 8.0625 8.9367 10.942 12.03
2.1109 2.0012 1.5365 1.4675 2.0048 0.97327 1.4982 1.4794
9138 16
7 2 3 6 5 8 2 8
2.0106 3.9735 6.01 7.4976 7.9471 8.9087 10.943 12.021
2.038 2.0122 1.5124 1.5675 2.0202 0.99775 1.5336 1.5103
9139 16
7 2 3 6 5 8 2 8
2.0385 4.0317 5.8939 7.594 8.016 8.9936 11.041 11.998
1.9834 1.9855 1.4644 1.5076 1.961 1.0536 1.4896 1.5019
