42
253 16
1 2 2 8 3 4
0.96665 1.0365 7.1666 7.6288 12.161 12.885
2.189 2.0051 2.1746 1.2197 1.4234 1.6391
254 16
6 8 1 7 2 1 2
1.5379 5.2831 5.7444 6.5397 6.7271 11.14 11.753
2.3632 1.7522 1.6387 2.4499 2.5511 2.2354 2.2679
255 16
6 8 8 4 7 3 5 8
3.0545 4.4727 6.6959 6.9158 7.0125 7.4695 8.6348 10.164
2.7696 1.2598 2.1832 1.0219 1.5585 1.2015 1.0939 1.8602
256 16
3 8 4 1 6
6.9999 8.5328 9.4822 10.048 11.083
2.7892 1.5177 2.7832 1.1863 2.2292
257 16
6 1 2 5 7
0.7319 0.84314 6.5683 8.9985 9.0274
2.674 2.955 1.5286 1.6022 1.3539
258 16
1 4 3 7
2.0087 4.058 5.9433 5.9879
1.4889 2.5174 1.4712 1.5831
259 16
1 4 3 7
1.9437 3.9992 6.0507 6.0477
1.4783 2.5938 1.4595 1.4964
260 16
1 4 3 7
1.9922 3.9777 5.9667 5.9134
1.5381 2.4909 1.4708 1.5673
261 16
1 4 3 7
1.983 3.9075 5.956 6.048
1.4733 2.4767 1.5072 1.5312
262 16
2 6 2 8
3.9658 7.5013 8.0045 9.0228
1.9474 1.4562 1.5128 0.9153
263 16
2 6 2 8
4.0174 7.4853 8.0558 9.0394
1.9559 1.5271 1.458 0.9599
264 16
2 6 2 8
3.8946 7.4731 8.1038 8.9731
1.9423 1.4701 1.5248 1.0025
265 16
2 6 2 8
4.0283 7.4854 8.0233 9.0218
1.9207 1.4768 1.4241 0.98677
266 16
3 8 3 2 8 5
2.0576 5.0671 5.9893 7.9657 9.057 11.986
1.5596 2.0614 1.5249 1.4275 0.94691 2.0812
267 16
3 8 3 2 8 5
2.0697 5.0439 6.0319 7.9851 8.9707 11.954
1.4564 2.0067 1.5173 1.4809 1.027 2.0218
268 16
3 8 3 2 8 5
2.0072 4.9239 5.863 8.0199 8.9495 12.047
1.4553 1.9671 1.524 1.4372 1.0648 2.0136
269 16
3 8 3 2 8 5
1.9683 4.9635 5.8924 7.9443 8.9623 11.986
1.4997 1.9871 1.434 1.4812 0.96747 2.0264
270 16
3 8 3 2 8 5
5.9388 9.0436 8.9964 10.955 12.022 11.947
1.6114 0.93498 1.477 1.538 1.6158 2.0005
271 16
3 8 3 2 8 5
6.0603 8.9825 8.9652 11.036 11.966 11.998
1.4601 1.0499 1.4647 1.546 1.4437 2.0143
272 16
3 8 3 2 8 5
5.9398 9.0463 9.0546 10.956 11.973 11.96
1.4297 0.98877 1.4848 1.5169 1.4924 1.9835
273 16
3 8 3 2 8 5
6.0399 9.0605 9.0556 10.987 12.075 11.954
1.4791 1.0449 1.4838 1.4954 1.4517 1.9554
274 16
4 8 1 2 3 8
3.9874 4.9879 5.9874 7.965 8.9821 11.957
2.4706 1.9425 1.9596 1.5571 1.4719 1.5458
275 16
4 8 1 2 3 8
4.0019 4.9919 6.0607 7.9922 9.0079 11.939
2.5199 1.9602 1.9825 1.5278 1.5067 1.5456
276 16
4 8 1 2 3 8
4.0521 4.9399 6.0206 8.0234 9.074 12.023
2.4235 1.9599 1.9859 1.4908 1.4442 1.4825
277 16
4 8 1 2 3 8
4.009 5.0667 6.0743 7.9004 8.9841 11.941
2.5179 1.9878 2.1108 1.502 1.5003 1.4731
278 16
5 4 3 8 3 5
3.027 4.0191 5.9468 9.0363 8.9748 12.036
1.4453 2.4474 1.5228 1.029 1.489 2.0132
279 16
5 4 3 8 3 5
2.9215 4.0125 6.0033 9.0031 8.8947 11.897
1.4623 2.4515 1.5148 0.98444 1.527 2.0061
280 16
5 4 3 8 3 5
2.9843 4.0068 5.9458 9.1548 9.0388 12.032
1.53 2.5259 1.4763 0.96901 1.4997 2.0473
281 16
5 4 3 8 3 5
3.1021 4.0359 5.9556 8.9719 9.0512 12.031
1.4973 2.5514 1.5044 1.0217 1.5006 1.9886
282 16
7 5 2 6 8 8
2.0095 3.0184 3.9906 7.4875 8.8975 11.915
2.0333 1.4571 1.9342 1.5223 1.0508 1.4376
283 16
7 5 2 6 8 8
1.9597 3.0261 4.0278 7.5808 8.9846 11.937
1.9675 1.4767 1.9535 1.579 1.0324 1.5635
284 16
7 5 2 6 8 8
2.0568 3.0148 3.9685 7.5359 9.048 12.09
1.9425 1.5437 2.0208 1.569 1.0015 1.5164
285 16
7 5 2 6 8 8
1.8774 3.0568 3.9747 7.506 9.0096 12
2.0264 1.4631 2.0616 1.4923 1.0784 1.5089
286 16
3 4 8 7 5 2
1.9566 4.0028 4.9968 5.9279 7.9773 11.001
1.603 2.5451 2.0281 1.5421 2.0589 1.4604
287 16
3 4 8 7 5 2
2.0718 3.986 4.986 6.0211 7.9267 11.009
1.4906 2.5291 2.057 1.4796 2.0319 1.4588
288 16
3 4 8 7 5 2
1.9595 3.9959 5.0239 6.1089 8.0874 11.037
1.5697 2.5231 2.0343 1.5334 2.0521 1.5112
289 16
3 7 5 8 7 8 2 5
1.9738 2.0957 2.9349 4.9515 6.0097 9.0428 11.039 12.009
1.5118 1.9522 1.4375 2.0578 1.5137 0.99199 1.5959 2.0421
290 16
3 7 5 8 7 8 2 5
2.008 1.9509 3.0067 4.9742 5.9828 9.0163 10.952 11.959
1.4302 1.9301 1.4811 2.0404 1.5106 0.92677 1.4134 2.065
291 16
3 7 5 8 7 8 2 5
2.0658 2.0066 2.9911 5.0638 5.9154 9.0295 10.96 11.947
1.4133 2.0097 1.3831 1.9839 1.4732 0.96401 1.4653 1.9877
292 16
7 2 3 6 5 8 2 8
2.0022 3.9752 5.9365 7.4429 8.0272 9.0108 11.033 12.059
2.0623 2.0193 1.4378 1.5775 1.9918 1.0334 1.4729 1.4437
293 16
7 2 3 6 5 8 2 8
2.0311 4.0278 6.0257 7.4894 8.0693 9.1 11.06 12.079
1.9874 2.0675 1.4191 1.5811 1.9402 1.0068 1.534 1.5428
294 16
7 2 3 6 5 8 2 8
1.946 4.0478 5.9582 7.5106 7.9735 9.0233 10.959 12.004
1.9641 2.036 1.4962 1.4436 1.9325 1.0065 1.4666 1.5134
