41
6844 16
2 6 7 3
0.017211 4.9108 9.3539 12.989
1.7724 2.9473 2.4512 2.8374
6845 16
4 7 5 3 2 8
3.9736 5.2324 5.421 9.7032 10.774 12.514
2.2438 1.4327 2.8165 2.9476 1.6799 2.0987
6846 16
3 6 5 7
1.7899 10.686 12.422 12.729
2.0285 2.4558 1.7392 1.0363
6847 16
3 1 2 1 1 5 1
0.43133 3.3631 6.3987 7.6402 11.568 12.611 13.367
1.6639 2.6619 1.2665 2.7755 1.6413 2.7343 1.6186
6848 16
4 1 6 8
1.5755 6.4073 6.9037 13.236
1.4053 2.529 1.9309 2.5234
6849 16
1 4 3 7
1.993 4.031 6.0079 5.9717
1.4912 2.5109 1.6101 1.4612
6850 16
1 4 3 7
1.9832 3.886 5.9005 5.9734
1.5178 2.4516 1.5416 1.5313
6851 16
1 4 3 7
2.022 4.0969 6.0105 6.0206
1.4656 2.5399 1.5944 1.5429
6852 16
1 4 3 7
1.9899 3.9573 6.0078 6.0642
1.5574 2.5423 1.5101 1.3608
6853 16
2 6 2 8
4.0078 7.4519 7.9645 9.0216
2.0555 1.4955 1.5002 1.0068
6854 16
2 6 2 8
3.9693 7.5393 8.079 9.0624
1.9553 1.4481 1.4999 0.99525
6855 16
2 6 2 8
4.0281 7.4216 7.9655 9.0819
2.024 1.4076 1.481 1.0062
6856 16
2 6 2 8
3.9532 7.4596 8.1207 9.013
2.0452 1.474 1.5223 1.0227
6857 16
3 8 3 2 8 5
1.9191 5.1283 6.0526 8.0208 8.9918 11.999
1.4827 1.9307 1.4927 1.4441 0.91249 2.0103
6858 16
3 8 3 2 8 5
1.9451 4.9868 5.9245 7.9624 8.9963 12.022
1.6642 1.9823 1.5197 1.5602 1.0375 1.945
6859 16
3 8 3 2 8 5
2.0537 5.0206 6.0187 7.9721 9.034 12.028
1.5153 2.0386 1.5309 1.4697 1.0391 1.9751
6860 16
3 8 3 2 8 5
1.9223 4.9575 6.0092 8.0117 9.0197 12.023
1.4839 2.0474 1.4991 1.5222 0.93734 1.9869
6861 16
3 8 3 2 8 5
5.969 8.8912 8.947 11.009 11.979 12.038
1.4751 1.0007 1.4156 1.5073 1.4404 2.0198
6862 16
3 8 3 2 8 5
6.0328 9.0371 8.9835 11.027 11.963 12.023
1.4668 1.0248 1.5869 1.4655 1.5848 1.9534
6863 16
3 8 3 2 8 5
6.0373 8.9756 8.9656 11.043 12.093 12.047
1.4942 1.0665 1.4615 1.5206 1.5831 2.058
6864 16
3 8 3 2 8 5
5.954 9.0145 9.1183 11.021 11.984 11.883
1.4904 0.98455 1.4636 1.4793 1.4716 1.9647
6865 16
4 8 1 2 3 8
3.9794 5.0804 6.0556 7.9426 9.0536 12.015
2.5037 1.9732 2.0484 1.4875 1.5732 1.523
6866 16
4 8 1 2 3 8
3.986 5.0288 5.9897 8.0388 8.9726 11.898
2.5313 2.0194 2.0253 1.5459 1.5471 1.528
6867 16
4 8 1 2 3 8
4.0735 4.9754 6.0703 8.0557 9.0319 12.022
2.553 1.9229 2.0982 1.5268 1.5501 1.5511
6868 16
4 8 1 2 3 8
4.0339 4.9745 6.0083 7.9288 9.015 11.945
2.448 1.979 2.0198 1.5279 1.5121 1.529
6869 16
5 4 3 8 3 5
2.8982 3.9899 5.985 8.8164 8.9117 12.06
1.5501 2.4633 1.5518 0.98855 1.5749 2.0042
6870 16
5 4 3 8 3 5
3.0962 3.9672 5.9771 8.9969 8.9353 11.934
1.4807 2.4396 1.4953 1.028 1.4636 1.9022
6871 16
5 4 3 8 3 5
2.9733 3.9769 5.9772 8.9462 8.9637 11.948
1.4736 2.4939 1.3994 0.99765 1.4018 1.9881
6872 16
5 4 3 8 3 5
2.9806 4.0366 5.9468 9.0504 8.97 12.037
1.4777 2.5751 1.4762 0.98901 1.535 2.0459
6873 16
7 5 2 6 8 8
2.0169 3.018 4.038 7.5062 8.9777 11.959
1.9605 1.5327 2.0665 1.5396 0.99511 1.4885
6874 16
7 5 2 6 8 8
2.0024 3.1002 3.9537 7.4393 8.9911 12.083
1.957 1.4607 1.9393 1.5402 1.0343 1.4819
6875 16
7 5 2 6 8 8
1.8935 2.9786 3.9382 7.5095 9.0175 11.994
1.9133 1.4706 1.9598 1.4902 1.0122 1.5034
6876 16
3 4 8 7 5 2
2.072 4.0416 4.9366 6.0441 8.0002 11.075
1.5333 2.4447 2.0046 1.4705 1.9532 1.4428
6877 16
3 4 8 7 5 2
1.9768 3.9541 5.0243 5.9732 7.9867 11.029
1.4382 2.5299 2.0194 1.457 1.9759 1.4988
6878 16
3 4 8 7 5 2
2.0366 3.9774 4.9747 6.0775 7.9827 11.021
1.5224 2.4411 2.021 1.4325 1.9997 1.5903
6879 16
3 7 5 8 7 8 2 5
1.996 1.9588 2.9874 5.076 6.0141 9.0208 10.952 11.975
1.503 1.9049 1.4884 2.0722 1.4337 1.0137 1.4494 2.0352
6880 16
3 7 5 8 7 8 2 5
2.0183 1.9698 2.9665 4.9801 6.0219 8.93 10.999 12.028
1.481 1.9906 1.5291 2.0076 1.416 0.97025 1.4983 1.9891
6881 16
3 7 5 8 7 8 2 5
2.0215 1.9704 3.0453 4.9546 5.9895 8.9889 11.026 12.052
1.421 1.9864 1.5061 1.9572 1.524 0.94895 1.4049 1.9887
6882 16
7 2 3 6 5 8 2 8
2.004 3.9897 5.9922 7.4752 8.0376 9.0338 11.107 11.982
2.0108 1.9838 1.481 1.5391 2.0093 1.025 1.5591 1.3643
6883 16
7 2 3 6 5 8 2 8
2.0035 4.1236 6.0372 7.4635 8.0255 9.0605 11.014 11.995
2.0367 1.9947 1.4438 1.466 1.9635 1.0318 1.4985 1.5184
6884 16
7 2 3 6 5 8 2 8
1.9977 3.9624 5.9504 7.4763 8.0843 8.991 11.072 12.086
2.0459 1.9628 1.503 1.4522 2.0472 0.95812 1.5498 1.4801
