42
2395 16
5 6 8 7 1 2 4
0.3062 2.7333 3.2674 6.763 7.3178 11.839 12.66
2.1651 2.4656 2.1661 1.9845 1.4024 1.1595 1.4938
2396 16
2 4 6 8
0.4487 1.1451 1.4233 8.6102
2.9742 1.2298 2.0156 1.4643
2397 16
7 3 4 3 2 2
0.81341 1.1954 4.4912 5.5327 5.8349 14.004
2.552 1.6074 2.5333 2.2812 2.0386 1.5291
2398 16
3 5 3 7
0.59423 1.7409 8.4983 13.396
1.3951 1.7663 2.369 1.5514
2399 16
1 5 1 8 4 4 5
0.62297 3.0496 4.9986 5.3151 6.5631 9.9368 9.9542
2.3849 2.3467 1.6255 2.8646 1.9577 1.5466 2.5036
2400 16
1 4 3 7
1.8686 3.9566 6.0605 5.9432
1.5218 2.5155 1.476 1.4921
2401 16
1 4 3 7
2.0818 4.0399 5.9469 6.0027
1.4571 2.6194 1.4367 1.4763
2402 16
1 4 3 7
1.9597 4.083 6.0608 5.9709
1.4813 2.472 1.432 1.4998
2403 16
1 4 3 7
1.8999 4.0616 6.0748 5.9882
1.5341 2.5446 1.496 1.4771
2404 16
2 6 2 8
4.0037 7.4375 7.9469 9.011
2.0014 1.541 1.496 0.99128
2405 16
2 6 2 8
4.0109 7.4958 7.9132 8.9847
1.9861 1.493 1.5233 0.9903
2406 16
2 6 2 8
3.9451 7.3917 7.9536 8.9531
1.9945 1.4502 1.5449 0.97383
2407 16
2 6 2 8
3.9595 7.4913 7.9831 8.9921
2.053 1.5477 1.508 1.0145
2408 16
3 8 3 2 8 5
2.0731 5.0082 6.0045 7.9437 8.9795 12.007
1.5476 2.0746 1.5254 1.4789 1.0522 1.9745
2409 16
3 8 3 2 8 5
1.999 5.0262 6.0597 7.9939 9.0106 11.954
1.5182 1.9609 1.5036 1.531 0.93159 2.0215
2410 16
3 8 3 2 8 5
2.0129 5.0463 6.0649 8.001 8.9396 11.934
1.573 2.0041 1.4904 1.4777 1.0041 1.9885
2411 16
3 8 3 2 8 5
2.0915 4.9925 5.9969 7.9428 8.9682 11.955
1.4893 2.0192 1.5181 1.5446 1.1218 1.9755
2412 16
3 8 3 2 8 5
6.0211 9.0177 9.0491 11.08 11.97 12.034
1.5324 0.99341 1.5036 1.542 1.4657 2.0129
2413 16
3 8 3 2 8 5
5.9837 9.0107 8.9813 11.031 11.978 12.047
1.4915 0.99625 1.4686 1.3561 1.5686 2.0142
2414 16
3 8 3 2 8 5
6.0887 8.9007 8.9906 10.985 11.937 11.958
1.5006 0.92453 1.4248 1.4602 1.4841 1.9465
2415 16
3 8 3 2 8 5
6.0362 8.9905 9.0647 11.086 11.982 12.019
1.5141 1.0365 1.4507 1.5157 1.4458 1.9521
2416 16
4 8 1 2 3 8
4.0369 5.1114 5.8919 8.007 8.976 12.023
2.4669 1.9013 1.8571 1.5171 1.4628 1.4953
2417 16
4 8 1 2 3 8
4.0045 5.0024 5.9863 8.0051 9.0043 12.086
2.5393 2.009 2.0232 1.5598 1.4851 1.5227
2418 16
4 8 1 2 3 8
4.0761 4.954 5.881 7.935 9.0464 11.869
2.4915 2.0696 2.0712 1.4737 1.5321 1.4993
2419 16
4 8 1 2 3 8
4.0004 5.058 6.0832 8.0016 9.0236 11.868
2.572 1.9408 2.0003 1.3793 1.481 1.538
2420 16
5 4 3 8 3 5
3.0567 4.0746 6.0251 8.9649 9.0492 12.011
1.4226 2.5318 1.6203 0.95526 1.5348 1.8947
2421 16
5 4 3 8 3 5
2.9953 4.042 6.0464 9.1086 9.0282 12.035
1.4653 2.4708 1.5604 0.96107 1.5442 1.8908
2422 16
5 4 3 8 3 5
2.944 3.9871 6.0162 9.0591 8.9825 12.036
1.5385 2.5422 1.5689 1.0139 1.4765 1.9558
2423 16
5 4 3 8 3 5
3.0016 4.0793 5.9369 9.115 8.9961 11.965
1.5176 2.4796 1.6376 0.97026 1.5231 2.076
2424 16
7 5 2 6 8 8
2.0246 3.0566 3.9973 7.4729 8.9749 12.029
1.9952 1.4497 1.9814 1.5616 1.0839 1.5891
2425 16
7 5 2 6 8 8
2.0225 3.0654 3.9105 7.4958 8.9681 11.948
2.0518 1.6493 2.0152 1.5689 1.0514 1.5024
2426 16
7 5 2 6 8 8
2.0137 3.0458 4.0337 7.4425 9.0881 12.005
1.9116 1.4807 1.9855 1.5458 1.0067 1.58
2427 16
7 5 2 6 8 8
1.9913 3.022 3.9686 7.4773 9.0305 11.99
1.9746 1.4933 1.9101 1.5657 0.98543 1.4622
2428 16
3 4 8 7 5 2
1.9943 4.0225 4.9349 5.9891 8.0021 10.967
1.5141 2.4702 1.914 1.5224 1.9235 1.5126
2429 16
3 4 8 7 5 2
2.0009 3.9663 4.9633 5.8948 7.9399 11.013
1.5396 2.5551 2.0605 1.5151 1.9836 1.4376
2430 16
3 4 8 7 5 2
1.9691 3.9723 5.0051 6.066 7.9279 10.995
1.5049 2.5056 1.944 1.4664 2.0878 1.4112
2431 16
3 7 5 8 7 8 2 5
2.0539 2.0764 2.9663 4.9799 5.911 9.0492 11.048 12.046
1.5398 1.9625 1.48 2.0159 1.5103 1.0499 1.5325 1.9524
2432 16
3 7 5 8 7 8 2 5
1.9 1.9422 2.978 4.9892 5.9311 8.9772 11.072 12.016
1.552 2.0061 1.5093 1.9475 1.5609 0.96896 1.5249 1.9995
2433 16
3 7 5 8 7 8 2 5
1.9949 2.0492 2.9816 4.9692 6.0969 9.0434 11.099 11.93
1.5504 2.0203 1.5 1.983 1.534 0.98834 1.4626 2.0211
2434 16
7 2 3 6 5 8 2 8
1.9927 3.8345 6.0496 7.4187 7.9812 9.0008 11.064 12.074
2.0586 1.9421 1.4632 1.4342 1.9991 1.0073 1.475 1.4377
2435 16
7 2 3 6 5 8 2 8
1.9679 4.025 6.0854 7.5358 7.9617 8.9171 10.956 11.999
2.1304 1.9944 1.5069 1.4311 2.0019 0.94282 1.5108 1.5036
2436 16
7 2 3 6 5 8 2 8
2.0614 3.9992 6.0367 7.4032 8.0207 8.9818 10.978 11.877
1.9364 2.0515 1.4618 1.5194 2.0897 0.99948 1.4749 1.4885
