42
4789 16
4 1 6 3 8 1
1.6358 3.2973 3.3535 6.3365 11.17 11.385
1.0758 1.8527 1.5839 1.2887 2.1613 1.7376
4790 16
7 5 8 5 3 6
1.7094 5.9206 5.9355 11.218 12.327 12.513
2.8389 2.5166 2.5334 1.6064 1.0083 1.1453
4791 16
6 5 7 8 3 6 4
3.8489 4.0823 4.7409 4.9519 8.1759 10.455 11.451
2.1687 2.0217 1.4595 1.879 1.2718 1.8699 2.5195
4792 16
7 8 1 7
0.94483 1.3965 8.6844 11.227
1.5869 1.5812 1.8824 1.6318
4793 16
6 5 1 3 8 5
0.87932 2.0034 4.8259 9.4934 10.337 13.545
2.1819 2.0982 2.8164 1.068 2.2828 1.4793
4794 16
1 4 3 7
2.0285 4.0208 5.9877 5.9924
1.5907 2.5471 1.5175 1.3983
4795 16
1 4 3 7
1.9898 4.0134 6.0591 5.9969
1.5011 2.5295 1.462 1.538
4796 16
1 4 3 7
1.9427 3.936 5.9588 6.0924
1.5465 2.4815 1.474 1.5568
4797 16
1 4 3 7
1.9684 4.0157 6.0017 6.0348
1.457 2.5396 1.5025 1.4822
4798 16
2 6 2 8
3.8512 7.5367 8.017 9.0472
1.9069 1.502 1.5742 1.0607
4799 16
2 6 2 8
3.9471 7.4431 7.9176 8.9631
2.0926 1.4546 1.5033 0.91526
4800 16
2 6 2 8
3.9643 7.5697 7.9852 9.0111
1.9349 1.5317 1.5801 0.99453
4801 16
2 6 2 8
3.9977 7.4954 8.0637 9.0286
1.9813 1.5429 1.5292 1.0121
4802 16
3 8 3 2 8 5
1.9856 4.9539 6.0154 7.9623 9.0875 11.96
1.4822 2.0318 1.5272 1.5029 0.96555 1.9974
4803 16
3 8 3 2 8 5
2.0016 4.9734 5.9999 7.9367 8.8979 12.003
1.5999 1.987 1.4986 1.4864 0.92615 2.0566
4804 16
3 8 3 2 8 5
2.0784 4.968 6.0392 8.0859 9.0748 11.926
1.5142 1.9395 1.5855 1.4728 0.98054 2.0326
4805 16
3 8 3 2 8 5
1.9706 5.0013 6.083 8.0386 8.9089 12.03
1.4934 2.0156 1.5042 1.4822 1.0079 2.0222
4806 16
3 8 3 2 8 5
6.0113 9.0297 8.9981 10.898 11.985 11.969
1.5017 1.0464 1.5402 1.4695 1.4984 1.9981
4807 16
3 8 3 2 8 5
5.973 9.0009 9.0866 10.985 11.948 12.05
1.456 0.96934 1.4844 1.5166 1.6362 2.0724
4808 16
3 8 3 2 8 5
6.0867 8.9753 9.0535 11.092 12.078 12.014
1.5415 0.95111 1.4278 1.5139 1.4956 2.0443
4809 16
3 8 3 2 8 5
6.0229 8.8771 8.9646 11.015 12.156 12.014
1.4919 1.0124 1.5157 1.4472 1.5663 1.9919
4810 16
4 8 1 2 3 8
3.9922 4.927 5.9452 8.0061 8.9886 12.061
2.5055 1.987 1.9732 1.4599 1.4992 1.5546
4811 16
4 8 1 2 3 8
4.0029 5.0005 6.0002 7.9783 8.9319 11.972
2.4397 2.0127 2.0017 1.5343 1.4095 1.5398
4812 16
4 8 1 2 3 8
3.9553 4.9165 6.0797 7.9788 8.9561 12.046
2.6239 2.0614 1.9742 1.5366 1.479 1.5486
4813 16
4 8 1 2 3 8
4.0065 4.9487 5.9191 8.0055 8.9928 11.88
2.4715 2.0252 2.1256 1.529 1.5196 1.4689
4814 16
5 4 3 8 3 5
3.0884 4.0005 6.1019 8.9122 9.1256 11.976
1.5048 2.4884 1.5464 1.0006 1.5484 1.9661
4815 16
5 4 3 8 3 5
2.991 3.9606 6.0314 9.0218 9.0261 11.984
1.5966 2.6331 1.4865 1.022 1.5267 1.9974
4816 16
5 4 3 8 3 5
2.8986 4.0099 6.0216 9.0768 8.8823 11.87
1.5033 2.4468 1.5013 0.90183 1.5406 1.9677
4817 16
5 4 3 8 3 5
2.9786 4.0202 6.0655 8.9735 8.9788 12.019
1.5201 2.4915 1.479 0.94823 1.4459 1.9889
4818 16
7 5 2 6 8 8
1.9792 2.9849 3.905 7.4778 8.9401 11.93
1.9595 1.46 2.0693 1.478 0.98181 1.5541
4819 16
7 5 2 6 8 8
1.9302 3.0746 4.0759 7.5917 9.0954 11.994
2.0196 1.4862 1.9475 1.4792 1.0253 1.4495
4820 16
7 5 2 6 8 8
2.0161 3.0002 3.9984 7.5029 8.8805 11.964
1.9891 1.5511 2.0454 1.5157 1.0012 1.5413
4821 16
7 5 2 6 8 8
2.069 3.0307 4.09 7.5721 8.9102 11.93
2.0209 1.5283 1.9494 1.4635 0.93394 1.5029
4822 16
3 4 8 7 5 2
1.9688 3.9781 5.0641 5.9708 8.0316 10.925
1.4824 2.4431 2.0486 1.5593 1.9472 1.4934
4823 16
3 4 8 7 5 2
1.9607 3.9849 5.0054 5.917 8.0143 10.97
1.5183 2.4392 2.0278 1.5067 1.9434 1.4709
4824 16
3 4 8 7 5 2
1.9945 4.0153 4.9291 5.991 7.9677 10.987
1.4873 2.447 2.0084 1.4903 1.9357 1.4794
4825 16
3 7 5 8 7 8 2 5
1.9858 1.9426 3.0509 4.9743 6.0788 8.954 11.018 11.965
1.3299 1.9227 1.5655 2.0021 1.5166 1.0283 1.4898 1.9794
4826 16
3 7 5 8 7 8 2 5
1.9653 2.0077 3.0831 4.9494 5.9628 8.9702 10.933 12.09
1.5073 2.0414 1.5502 1.9851 1.4805 1.0099 1.5924 2.0244
4827 16
3 7 5 8 7 8 2 5
1.9816 2.0419 3.0192 4.9168 5.9664 8.9391 10.994 11.931
1.4447 2.0809 1.4558 2.0108 1.5247 0.91865 1.4813 1.9978
4828 16
7 2 3 6 5 8 2 8
2.0015 4.0325 6.0505 7.4843 7.9077 8.9867 11.109 11.926
2.0291 1.9742 1.5583 1.4739 1.9627 1.0844 1.5388 1.4204
4829 16
7 2 3 6 5 8 2 8
1.9823 4.0255 6.0517 7.4654 8.0042 9.0431 11.041 11.999
2.056 2.0977 1.4684 1.535 1.9795 1.0513 1.5529 1.4455
4830 16
7 2 3 6 5 8 2 8
2.1145 3.9211 6.0621 7.5517 7.9812 9.0171 10.941 11.934
1.989 1.9784 1.4389 1.5422 1.9984 0.91574 1.4828 1.5052
