41
7541 16
7 8 5 6 3 8 7
0.83702 4.846 6.4386 7.3252 9.3159 10.501 12.246
2.6213 2.9437 2.5411 1.9349 1.1127 1.9902 2.7809
7542 16
8 3 1 2 8 6
6.2835 6.7275 6.8845 7.7936 8.6021 13.922
2.0006 1.7691 1.5326 1.4536 2.1265 1.773
7543 16
3 7 6 1
0.51718 1.9648 2.6348 3.2725
1.6302 1.5686 2.1008 2.1661
7544 16
8 2 8 3
2.5249 5.173 8.2052 11.703
1.7589 2.8746 2.6095 2.4061
7545 16
3 3 7 1 5
0.69025 4.6139 7.8511 10.709 12.151
2.3615 1.0125 1.0932 1.8691 1.8038
7546 16
1 4 3 7
2.0837 3.9669 6.0968 6.0721
1.4706 2.602 1.4963 1.4718
7547 16
1 4 3 7
2.0558 3.9497 5.9204 5.9799
1.5012 2.5387 1.4483 1.4495
7548 16
1 4 3 7
1.9288 4.0204 6.0426 6.0643
1.4576 2.5785 1.5683 1.4911
7549 16
1 4 3 7
1.9829 3.9475 5.9085 5.9719
1.5694 2.5717 1.4754 1.5751
7550 16
2 6 2 8
3.9482 7.5366 7.9735 8.9769
1.9292 1.4913 1.4564 0.93667
7551 16
2 6 2 8
4.029 7.4792 7.9765 9.0271
1.9804 1.454 1.4797 1.0471
7552 16
2 6 2 8
3.9902 7.5061 8.0206 8.9875
2.0211 1.5397 1.5209 1.0075
7553 16
2 6 2 8
4.0122 7.4509 8.0122 9.0388
1.9976 1.4336 1.557 0.98706
7554 16
3 8 3 2 8 5
1.9906 4.9888 6.0445 7.9923 9.0578 12.034
1.479 1.981 1.4864 1.4727 0.99355 1.9264
7555 16
3 8 3 2 8 5
2.0698 4.9669 6.0893 8.0095 8.971 11.864
1.5088 1.8907 1.3432 1.5271 1.0266 2.1139
7556 16
3 8 3 2 8 5
1.9698 5.0538 5.8982 7.9901 9.0232 12.045
1.5823 2.0502 1.4648 1.4743 0.99372 1.9099
7557 16
3 8 3 2 8 5
1.9337 4.9414 6.0607 8.0299 9.0004 12.041
1.4649 1.9699 1.469 1.4884 0.91049 2.0206
7558 16
3 8 3 2 8 5
5.9321 8.9308 9.0922 10.958 12.006 11.965
1.4646 0.95022 1.5408 1.5222 1.4345 2.0144
7559 16
3 8 3 2 8 5
6.0789 8.9219 8.9885 11.038 12.073 12.044
1.5156 0.9543 1.4616 1.463 1.4933 1.9604
7560 16
3 8 3 2 8 5
6.0081 8.9307 9.1122 11.009 11.923 12.008
1.4142 0.97173 1.6007 1.476 1.5067 1.9895
7561 16
3 8 3 2 8 5
5.9562 8.9592 9.0297 10.969 11.972 12.007
1.4309 1.0575 1.4899 1.5333 1.4844 2.0126
7562 16
4 8 1 2 3 8
4.0331 4.9981 6.0146 8.0073 9.0127 12.007
2.4634 1.9829 2.0008 1.5152 1.4132 1.4594
7563 16
4 8 1 2 3 8
4.0193 5.0806 6.0369 8.0391 8.906 11.99
2.4927 1.9891 2.0137 1.5301 1.5206 1.5024
7564 16
4 8 1 2 3 8
4.0181 5.0137 5.9928 7.9975 8.9941 12.072
2.5554 2.0465 2.0912 1.6369 1.472 1.4946
7565 16
4 8 1 2 3 8
3.9436 5.0135 6.0007 7.9904 9.0461 12.03
2.5448 2.0906 2.1236 1.483 1.5354 1.6121
7566 16
5 4 3 8 3 5
2.932 3.9841 6.0108 8.8906 8.9302 11.932
1.5552 2.3807 1.4408 0.95652 1.5086 1.9896
7567 16
5 4 3 8 3 5
3.0714 4.0627 6.022 8.9822 8.975 11.975
1.4505 2.4014 1.5248 0.95542 1.499 1.9465
7568 16
5 4 3 8 3 5
2.9798 3.9708 5.9992 8.9815 9.0523 12.009
1.4642 2.383 1.4794 1.0329 1.4444 1.9763
7569 16
5 4 3 8 3 5
2.9964 4.0129 6.0133 8.8958 9.0408 12.078
1.4832 2.4715 1.4784 0.89416 1.4389 2.0115
7570 16
7 5 2 6 8 8
1.9845 3.0838 3.9508 7.5302 8.9562 12.125
2.028 1.4864 1.971 1.5389 1.0114 1.5092
7571 16
7 5 2 6 8 8
2.0226 3.0708 4.0678 7.5402 8.9503 12.049
1.9985 1.5084 1.9642 1.4983 1.0474 1.4884
7572 16
7 5 2 6 8 8
2.0143 2.9177 3.9662 7.4558 9.0602 11.956
2.0139 1.5047 1.9507 1.5635 1.0239 1.5197
7573 16
3 4 8 7 5 2
1.9413 4.0074 4.9058 6.0972 8.0205 11.072
1.5294 2.5124 2.1066 1.4645 1.9859 1.518
7574 16
3 4 8 7 5 2
2.0059 3.9827 4.9797 5.9621 7.9631 10.994
1.4523 2.5676 1.9725 1.5343 1.9468 1.4981
7575 16
3 4 8 7 5 2
2.0189 3.9552 5.0078 5.9616 8.0301 11.044
1.4706 2.4583 1.9514 1.4558 1.9877 1.5486
7576 16
3 7 5 8 7 8 2 5
1.9314 2.0695 3.0811 4.9753 5.9162 9.0577 11.031 11.968
1.5016 1.9618 1.5236 1.9731 1.5395 1.0255 1.5626 1.9139
7577 16
3 7 5 8 7 8 2 5
1.9936 2.0319 3.1062 4.9877 6.0348 8.9489 10.955 12.015
1.5242 1.9917 1.4982 2.0304 1.4752 0.88651 1.488 1.9436
7578 16
3 7 5 8 7 8 2 5
1.985 2.006 3.0574 4.9512 6.0817 9.0588 11.06 12.025
1.4581 1.9869 1.509 2.0167 1.4894 0.88818 1.4914 1.9226
7579 16
7 2 3 6 5 8 2 8
1.9202 3.9305 6.0257 7.4523 7.9916 8.9776 10.991 12.057
2.004 1.9584 1.5185 1.4511 1.9892 0.93804 1.4594 1.5473
7580 16
7 2 3 6 5 8 2 8
1.9864 3.9687 5.9758 7.5664 8.0027 9.0198 10.994 11.86
1.9544 2.0653 1.4066 1.5203 1.9579 1.0802 1.4944 1.4429
7581 16
7 2 3 6 5 8 2 8
2.0162 3.993 6.0106 7.4466 7.9821 9.0038 10.919 12.077
1.9868 1.99 1.522 1.4437 2.0123 1.0042 1.4869 1.5069
