41
7418 16
8 2 4 3 3 1 7
1.3337 6.3309 7.7799 7.9879 9.0734 10.454 13.34
1.5299 1.7362 2.5435 1.0146 2.1497 2.2101 1.4787
7419 16
4 3 4 6 1 6 2 8
2.3028 2.3431 4.0214 7.4982 11.498 11.711 11.802 12.163
1.2138 1.9491 2.9409 1.2503 1.3576 1.4426 1.8208 1.35
7420 16
8 2 3 5 5 8
4.926 5.3526 5.6148 6.2442 8.4018 11.647
1.383 1.2307 1.1718 1.5932 2.8498 1.2021
7421 16
4 5 2 4
3.6482 11.141 11.353 12.898
1.7771 2.3399 2.4379 2.0645
7422 16
6 3 2 5 1
0.1107 1.2079 7.6681 7.727 12.85
1.415 2.927 1.4121 1.6234 2.3869
7423 16
1 4 3 7
2.0628 4.0383 6.1223 6.0317
1.4866 2.5177 1.3915 1.4756
7424 16
1 4 3 7
1.9341 3.9045 6.0152 6.0378
1.5102 2.4864 1.5844 1.4358
7425 16
1 4 3 7
1.9852 3.9781 5.9779 5.9848
1.522 2.4933 1.4864 1.4452
7426 16
1 4 3 7
2.0913 4.0143 6.0009 6.0671
1.474 2.4934 1.5539 1.4103
7427 16
2 6 2 8
4.0075 7.4674 7.9779 8.9237
2.0675 1.4672 1.4768 1.022
7428 16
2 6 2 8
4.062 7.5093 7.9244 9.012
1.9151 1.4685 1.5165 1.0954
7429 16
2 6 2 8
4.0083 7.5105 8.0037 8.9738
2.0009 1.5124 1.5364 0.9561
7430 16
2 6 2 8
4.0201 7.5153 8.0365 8.9939
2.0267 1.4322 1.5018 0.99157
7431 16
3 8 3 2 8 5
2.0027 5.051 6.0083 8.0283 9.0449 12.004
1.4851 2.0145 1.5015 1.5109 1.0094 2.0505
7432 16
3 8 3 2 8 5
1.9366 4.9894 6.1022 7.9721 8.9926 11.946
1.5145 1.9382 1.4516 1.5386 1.0476 1.9117
7433 16
3 8 3 2 8 5
2.0957 4.9202 5.9999 7.9729 8.92 12.026
1.4377 2.0221 1.5295 1.5064 0.99041 1.9876
7434 16
3 8 3 2 8 5
2.0118 4.8435 6.0841 8.0172 9.0134 11.902
1.4331 1.984 1.5544 1.4929 0.95777 2.0046
7435 16
3 8 3 2 8 5
6.0261 8.9993 9.0128 10.974 11.973 11.977
1.5238 1.0524 1.4608 1.4474 1.4157 2.0094
7436 16
3 8 3 2 8 5
5.9492 8.9934 9.0264 10.853 12 12.039
1.4823 1.1566 1.5699 1.5033 1.3827 2.0363
7437 16
3 8 3 2 8 5
5.97 9.0342 8.9883 11.019 12.066 12.036
1.5833 1.0103 1.5499 1.4636 1.486 1.8698
7438 16
3 8 3 2 8 5
6.0485 9.0015 8.9908 10.86 11.964 11.963
1.3562 0.96579 1.6278 1.5933 1.4767 2.0459
7439 16
4 8 1 2 3 8
4.0287 4.936 5.9885 7.9937 8.9627 12.134
2.5871 2.034 2.0466 1.4779 1.4737 1.5184
7440 16
4 8 1 2 3 8
3.939 5.011 6.0083 7.9621 9.0534 12.035
2.5278 1.9574 1.9668 1.3956 1.5099 1.503
7441 16
4 8 1 2 3 8
3.9831 5.0189 5.9748 8.0308 9.0328 11.971
2.5476 2.0344 2.0822 1.5074 1.6159 1.5392
7442 16
4 8 1 2 3 8
4.0313 5.0427 5.9925 7.9586 9.0385 12.103
2.5235 1.9293 1.9327 1.4645 1.5121 1.4687
7443 16
5 4 3 8 3 5
3.0347 4.0379 6.0216 9.0286 9.0412 11.949
1.5324 2.5166 1.4547 1.0427 1.3885 1.9254
7444 16
5 4 3 8 3 5
3.0198 3.9754 6.0375 8.9966 8.9695 11.992
1.5392 2.4237 1.5549 0.88927 1.5107 2.0274
7445 16
5 4 3 8 3 5
2.9337 4.016 5.934 8.9483 8.9659 11.957
1.5527 2.4513 1.5079 1.029 1.5119 2.0128
7446 16
5 4 3 8 3 5
3.0684 4.0731 5.9772 8.9941 8.9789 12.1
1.4144 2.501 1.5286 1.011 1.5392 2.0182
7447 16
7 5 2 6 8 8
1.9427 2.9109 4.0274 7.5102 9.0066 12.026
1.9852 1.5031 1.8992 1.5135 0.98831 1.5523
7448 16
7 5 2 6 8 8
2.0199 3.003 3.9162 7.4789 9.0387 12.006
2.0219 1.4659 1.9779 1.44 0.94053 1.504
7449 16
7 5 2 6 8 8
2.0567 3.015 3.9341 7.4593 8.9462 11.942
1.9482 1.4581 1.938 1.5539 1.0328 1.501
7450 16
3 4 8 7 5 2
2.0149 4.0211 4.9283 5.9349 7.9623 10.946
1.5208 2.4517 1.9882 1.5412 1.9645 1.4723
7451 16
3 4 8 7 5 2
1.994 4.0148 4.934 6.0773 8.0578 10.945
1.4037 2.4402 2.0981 1.4054 1.9888 1.5682
7452 16
3 4 8 7 5 2
1.9983 4.0103 5.0151 5.9978 7.94 11.017
1.4545 2.5213 1.9595 1.3974 2.0009 1.5019
7453 16
3 7 5 8 7 8 2 5
2.0063 2.0178 3.0504 4.9512 6.03 9.0093 10.991 12.034
1.5459 1.8897 1.494 1.9659 1.397 0.91855 1.4645 2.0128
7454 16
3 7 5 8 7 8 2 5
1.929 2.0093 2.9897 4.9907 5.9761 9.0054 11.002 12.034
1.4873 2.0751 1.4558 1.9618 1.4809 0.96368 1.5093 1.9375
7455 16
3 7 5 8 7 8 2 5
2.0453 1.9956 2.9399 4.9502 5.9838 9.1704 10.976 12.014
1.438 1.982 1.4358 2.0113 1.4973 0.93744 1.5265 1.9905
7456 16
7 2 3 6 5 8 2 8
2.0173 4.0498 6.008 7.5328 7.9527 8.9213 11.057 11.992
2.0339 2.0746 1.4735 1.5136 1.9344 1.0293 1.4977 1.514
7457 16
7 2 3 6 5 8 2 8
2.0746 4.0737 5.9351 7.4345 7.9144 9.0981 10.984 11.966
1.975 1.921 1.5217 1.5308 1.9984 0.88929 1.5685 1.5317
7458 16
7 2 3 6 5 8 2 8
1.9968 4.1285 6.0184 7.4835 8.1099 8.9978 10.972 11.998
2.07 1.9555 1.5192 1.5497 2.0327 1.0158 1.4769 1.591
