42
3991 16
4 6 2 1 1 6
3.1336 5.2874 5.9256 10.139 11.967 14.137
1.2692 2.3034 2.6315 1.2797 1.3261 1.4301
3992 16
2 6 2 1 6 5 7 1
0.53578 5.8406 6.1372 6.5468 7.6337 8.8353 9.72 11.352
2.0902 1.4338 1.6753 2.0491 1.6439 2.5472 1.1521 1.7732
3993 16
7 8 7 8
1.3246 4.0575 5.8771 12.471
1.6769 2.2536 1.5494 1.6537
3994 16
3 4 3 2 6 3
2.0938 6.2908 6.9406 7.3043 7.473 10.955
2.9013 1.4264 1.1796 1.4427 1.0398 2.834
3995 16
3 6 1 3 7
0.0039551 1.5838 9.3673 9.77 10.222
1.2771 2.6568 1.6395 1.8091 2.4057
3996 16
1 4 3 7
1.9862 3.9511 5.9933 5.9481
1.4139 2.4794 1.4722 1.4592
3997 16
1 4 3 7
1.9621 4.0117 5.9964 5.9802
1.4529 2.5048 1.4088 1.5044
3998 16
1 4 3 7
2.0773 3.9383 6.0884 5.9801
1.5197 2.4974 1.4711 1.5187
3999 16
1 4 3 7
1.9794 3.9171 5.971 5.999
1.5011 2.505 1.5715 1.4763
4000 16
2 6 2 8
4.0286 7.501 7.9494 8.9817
1.9933 1.4654 1.4759 1.031
4001 16
2 6 2 8
4.0212 7.5429 7.9239 8.9494
2.0419 1.543 1.5611 1.0649
4002 16
2 6 2 8
4.0508 7.5949 8.032 9.0226
2.0176 1.4265 1.5496 1.0011
4003 16
2 6 2 8
3.9764 7.4463 7.8356 8.9509
1.9814 1.5383 1.4989 1.007
4004 16
3 8 3 2 8 5
1.9651 4.9292 6.0007 8.0744 9.036 12.014
1.3785 2.0566 1.4658 1.4582 1.0213 2.0033
4005 16
3 8 3 2 8 5
1.8789 5.0219 6.0584 7.9715 8.9846 12.009
1.4122 2.0194 1.5218 1.4466 1.005 1.9903
4006 16
3 8 3 2 8 5
2.074 4.9619 5.9969 8.0501 8.9653 12.015
1.5135 2.0445 1.4889 1.5652 1.0039 2.0731
4007 16
3 8 3 2 8 5
1.983 4.9802 6.008 7.9956 8.9713 11.978
1.4891 1.9908 1.4148 1.5778 0.981 1.9536
4008 16
3 8 3 2 8 5
5.9192 8.9717 9.0586 10.977 12.012 11.977
1.512 1.057 1.4329 1.5056 1.5577 1.9531
4009 16
3 8 3 2 8 5
5.9986 8.9603 9.0489 10.927 12.018 11.988
1.4967 0.90865 1.5824 1.4505 1.5781 1.9895
4010 16
3 8 3 2 8 5
5.9819 8.9673 8.9759 10.972 12.033 11.956
1.404 0.87774 1.5135 1.4658 1.5153 1.9699
4011 16
3 8 3 2 8 5
5.9954 8.9808 9.088 10.947 12.039 11.955
1.5921 1.0063 1.5867 1.4704 1.4183 1.9499
4012 16
4 8 1 2 3 8
3.9971 5.0216 5.9738 7.9347 9.0032 12.013
2.5652 2.0319 1.9656 1.4865 1.4897 1.5588
4013 16
4 8 1 2 3 8
4.0368 5.039 6.0092 7.9326 8.9277 11.924
2.4992 1.9479 2.0367 1.5317 1.4972 1.4629
4014 16
4 8 1 2 3 8
4.0022 4.9403 5.9602 7.9685 9.041 12.109
2.467 2.091 1.9994 1.418 1.5577 1.5224
4015 16
4 8 1 2 3 8
3.9842 5.0376 6.0098 8.0289 9.0481 11.933
2.5305 1.9319 2.0683 1.4729 1.5485 1.472
4016 16
5 4 3 8 3 5
2.9842 4.0311 5.8592 8.9994 9.0678 12.099
1.4069 2.4814 1.5441 1.0203 1.4364 2.0175
4017 16
5 4 3 8 3 5
3.0496 4.0198 6.0612 9.0242 8.9305 12.024
1.5526 2.4994 1.4883 0.92002 1.5374 1.9434
4018 16
5 4 3 8 3 5
2.9741 4.0213 5.9088 8.9969 9.0176 12.038
1.5419 2.533 1.4456 1.0014 1.5196 1.9839
4019 16
5 4 3 8 3 5
3.0579 3.9705 5.9615 8.9967 8.9613 12.015
1.5532 2.52 1.4914 0.88005 1.5497 2.0621
4020 16
7 5 2 6 8 8
1.9902 2.9523 3.9166 7.5495 9.0256 12.032
1.9891 1.6212 1.9868 1.5654 0.94421 1.4905
4021 16
7 5 2 6 8 8
1.906 3.1062 4.0434 7.4736 8.9842 11.929
2.0188 1.5191 2.0366 1.5355 0.96986 1.4912
4022 16
7 5 2 6 8 8
1.9424 3.0109 3.9841 7.4887 8.9482 12.034
2.0863 1.4833 1.9907 1.4752 0.96721 1.44
4023 16
7 5 2 6 8 8
2.0374 3.0651 3.9732 7.496 9.078 12.017
2.0285 1.4765 1.9405 1.5281 0.99301 1.446
4024 16
3 4 8 7 5 2
2.0156 3.9529 4.9658 5.9105 8.0176 10.97
1.4618 2.5659 1.9748 1.4224 2.0266 1.5715
4025 16
3 4 8 7 5 2
1.9699 3.9873 5.0378 5.8659 8.0223 10.992
1.5479 2.5578 2.0185 1.4911 1.9132 1.4143
4026 16
3 4 8 7 5 2
1.9644 4.0043 5.0055 5.9753 7.9669 11.006
1.5494 2.6047 1.9731 1.4466 1.9855 1.5094
4027 16
3 7 5 8 7 8 2 5
2.0008 1.9804 2.9848 5.0845 6.1028 8.9346 10.933 12.062
1.4928 2.0165 1.528 2.0341 1.4402 1.1124 1.5729 1.9649
4028 16
3 7 5 8 7 8 2 5
1.9885 1.9667 3.0479 4.9603 5.98 9.0356 10.955 12.003
1.4254 1.9442 1.493 1.9558 1.4124 0.9642 1.4661 2.1173
4029 16
3 7 5 8 7 8 2 5
2.0265 2.0867 3.0277 4.9525 5.9544 9.0342 10.932 11.965
1.4352 1.9798 1.5021 1.9707 1.459 0.94905 1.4557 2.0076
4030 16
7 2 3 6 5 8 2 8
2.0441 4.0023 6.0178 7.4374 8.0274 9.007 10.955 12.038
1.9828 1.9686 1.5458 1.5961 2.0361 1.0244 1.4593 1.6017
4031 16
7 2 3 6 5 8 2 8
1.9545 4.0237 5.9697 7.4744 7.9897 8.9905 11.094 11.91
1.9634 1.9818 1.4319 1.5288 1.9335 1.0443 1.5143 1.4324
4032 16
7 2 3 6 5 8 2 8
1.9076 3.9958 6.0094 7.4411 8.0537 9.1251 11.007 12.067
2.089 2.0137 1.4479 1.5089 2.0941 0.99166 1.4826 1.5262
