42
2857 16
7 1 8 2 5 6
0.017584 2.2182 3.0448 5.5455 9.1478 14.519
2.9174 2.4907 2.2201 2.1103 1.7415 1.1956
2858 16
5 2 1 5 8 7 2 1
2.3786 7.5234 8.262 8.9069 9.0147 9.7033 10.998 12.047
2.8583 1.9977 2.7692 2.923 1.6274 1.0524 1.3876 1.7226
2859 16
6 2 7 8 3 2 8 3
1.7937 3.0396 6.3844 6.903 9.17 10.658 13.491 13.587
2.6772 2.2492 2.0809 2.5539 1.1529 1.9043 1.7312 1.5696
2860 16
5 4 7 8
2.9577 8.5406 11.35 13.406
1.246 1.1813 2.4789 1.4148
2861 16
8 6 5 4
2.1344 5.1916 8.8372 10.08
2.1176 1.2289 1.6234 1.9481
2862 16
1 4 3 7
1.911 4.0002 6.0548 5.937
1.4895 2.5544 1.5468 1.496
2863 16
1 4 3 7
1.9301 4.014 6.0285 6.0419
1.4578 2.4244 1.509 1.508
2864 16
1 4 3 7
1.9708 4.0488 5.9999 5.9892
1.495 2.498 1.4491 1.4417
2865 16
1 4 3 7
1.9615 3.9963 5.9683 6.0175
1.4926 2.5465 1.4907 1.5484
2866 16
2 6 2 8
4.0902 7.4127 8.0356 8.9916
1.9746 1.4666 1.5727 0.96764
2867 16
2 6 2 8
4.0336 7.5101 7.8989 9.0493
1.9921 1.502 1.4981 0.99111
2868 16
2 6 2 8
3.9037 7.5762 7.8545 9.0486
2.0713 1.4847 1.473 1.0577
2869 16
2 6 2 8
3.9942 7.53 7.9628 9.0234
1.9557 1.4832 1.4866 0.90706
2870 16
3 8 3 2 8 5
1.9938 5.0207 6.0654 7.9534 8.9405 12.032
1.457 1.9993 1.4847 1.4403 1.0671 2.0154
2871 16
3 8 3 2 8 5
2.0747 5.0126 5.9909 8.0577 9.0845 12.029
1.5586 1.9417 1.5042 1.4528 0.98574 1.9343
2872 16
3 8 3 2 8 5
2.035 5.0288 5.9225 8.023 8.9753 11.956
1.4398 2.0112 1.4998 1.5052 0.97647 1.9888
2873 16
3 8 3 2 8 5
1.9163 4.9946 6.013 7.9862 8.9979 11.983
1.4489 2.0366 1.4185 1.4762 1.0722 2.0415
2874 16
3 8 3 2 8 5
6.0417 8.9188 9.033 10.923 12.145 11.907
1.5006 0.91851 1.4716 1.5948 1.5666 2.0073
2875 16
3 8 3 2 8 5
6.0127 8.9415 8.9463 11.01 12.05 12.036
1.4745 1.0156 1.5671 1.4855 1.4908 1.9967
2876 16
3 8 3 2 8 5
5.9957 9.0343 9.047 10.93 12.015 12.024
1.5133 1.0243 1.4497 1.5727 1.4405 2.0447
2877 16
3 8 3 2 8 5
6.035 8.9782 9.0602 10.922 11.943 11.963
1.5381 0.98587 1.568 1.4485 1.4515 1.9628
2878 16
4 8 1 2 3 8
3.9821 5.0114 6.0772 8.0941 8.933 11.99
2.4927 2.0118 1.9959 1.4836 1.4467 1.4658
2879 16
4 8 1 2 3 8
3.9585 5.0698 6.021 7.9537 9.0417 11.92
2.5571 1.9945 1.9746 1.4839 1.5314 1.5627
2880 16
4 8 1 2 3 8
3.9769 5.0036 6.018 7.9743 8.9563 11.908
2.5429 2.001 1.918 1.5188 1.5433 1.5176
2881 16
4 8 1 2 3 8
3.9793 4.9895 6.0815 7.9877 9.1219 11.934
2.5093 2.0028 1.9484 1.5587 1.4821 1.4885
2882 16
5 4 3 8 3 5
2.9712 3.9298 6.0604 9.0075 9.0033 12.014
1.5888 2.5243 1.5566 1.0763 1.491 2.0144
2883 16
5 4 3 8 3 5
2.9522 4.0318 6.0432 9.0197 8.9891 11.975
1.5616 2.3804 1.4589 1.0195 1.4971 2.0312
2884 16
5 4 3 8 3 5
2.89 4.0079 6.0148 9.0338 8.9223 11.963
1.499 2.4355 1.4463 0.94338 1.5072 1.9919
2885 16
5 4 3 8 3 5
2.9383 4.0105 6.0121 9.0594 8.988 11.951
1.4499 2.5585 1.5129 0.96133 1.5154 1.9956
2886 16
7 5 2 6 8 8
1.992 2.9977 3.9991 7.4823 8.9724 11.996
1.9627 1.4336 2.0202 1.5898 0.9348 1.5408
2887 16
7 5 2 6 8 8
2 2.9754 3.9285 7.4499 8.9561 11.954
1.9967 1.4415 2.0202 1.5283 0.91254 1.4872
2888 16
7 5 2 6 8 8
2.0502 2.9573 3.9535 7.5128 8.9669 12.039
1.9567 1.5066 2.0782 1.439 0.98518 1.4682
2889 16
7 5 2 6 8 8
2.0023 2.9778 3.9699 7.4477 8.962 12.071
1.9914 1.4906 2.044 1.5024 1.0268 1.483
2890 16
3 4 8 7 5 2
1.9971 4.03 4.879 5.96 7.9363 10.972
1.5975 2.4859 1.9901 1.5358 2.0127 1.61
2891 16
3 4 8 7 5 2
2.0652 4.019 5.0383 6.0338 8.0994 11.05
1.5025 2.5753 1.9379 1.5568 1.9258 1.4825
2892 16
3 4 8 7 5 2
1.9315 4.0158 4.9238 6.0044 8.0354 11.016
1.5352 2.5066 2.0346 1.4996 1.9361 1.4558
2893 16
3 7 5 8 7 8 2 5
1.9601 1.9517 3.0691 4.9847 6.0248 9.0188 11.066 12.087
1.5586 1.9999 1.4364 2.0348 1.5459 1.0428 1.5707 1.9041
2894 16
3 7 5 8 7 8 2 5
1.9648 2.031 3.0166 5.0298 6.0021 8.9831 10.93 11.927
1.402 1.9905 1.5215 1.9525 1.4962 0.95242 1.5298 1.8881
2895 16
3 7 5 8 7 8 2 5
2.0402 1.9751 3.067 4.9387 5.9787 9.0173 11.078 12.032
1.5206 1.9491 1.5517 2.0168 1.5117 0.95403 1.5536 2.0287
2896 16
7 2 3 6 5 8 2 8
2.0019 4.0274 5.9455 7.4585 8.0718 8.9964 11.046 11.914
1.9568 2.0182 1.3441 1.46 2.0544 1.0441 1.537 1.4257
2897 16
7 2 3 6 5 8 2 8
2.0294 4.0045 6.0157 7.5873 8.0426 9.0521 10.926 12.016
1.9617 2.0447 1.4663 1.4444 2.0241 0.97523 1.4944 1.45
2898 16
7 2 3 6 5 8 2 8
1.9815 4.0311 5.9657 7.4792 8.0891 8.9484 10.989 11.991
2.0098 2.0225 1.5225 1.5064 1.9721 1.0443 1.4423 1.5352
