42
2017 16
4 1 7 2 4 6 1
2.2502 3.3803 4.9842 5.5914 8.1288 8.6571 14.049
1.6541 1.1666 2.5215 2.6298 2.0396 1.6702 1.5844
2018 16
6 6 4 8 5 3 2
4.5751 7.4111 9.4023 9.6317 10.825 11.074 13.139
1.0083 2.8672 2.8505 2.1627 2.8753 1.7071 1.3045
2019 16
5 6 4 1 8 3 2 1
1.7719 6.682 8.7889 9.0383 9.7055 10.252 10.818 10.928
1.0238 2.1204 1.7538 1.5724 1.6516 2.8889 2.7765 2.9632
2020 16
4 7 8 4 7
1.1216 5.0537 6.8265 12.59 12.709
1.2458 2.195 2.4356 2.9548 1.5821
2021 16
7 8 6 1 7 8 2 6
3.3515 4.0039 4.4957 5.0218 7.6224 12.775 13.511 13.984
1.085 1.6181 1.8289 1.5665 1.6543 1.3941 2.4308 1.2031
2022 16
1 4 3 7
2.0149 4.047 6.0051 6.0168
1.4272 2.4153 1.4688 1.5515
2023 16
1 4 3 7
1.9468 4.0033 6.0566 6.0226
1.4373 2.4661 1.504 1.517
2024 16
1 4 3 7
2.0285 3.9788 5.9933 5.9099
1.5227 2.572 1.5002 1.4886
2025 16
1 4 3 7
2.0476 3.9854 5.9863 5.8986
1.465 2.5162 1.5749 1.5382
2026 16
2 6 2 8
4.0191 7.4864 7.9577 8.9516
2.0484 1.5566 1.5285 0.95991
2027 16
2 6 2 8
4.1158 7.4974 8.0297 8.9754
2.0286 1.4148 1.4141 0.95901
2028 16
2 6 2 8
4.0048 7.558 7.9531 8.9775
1.9635 1.5145 1.4584 0.91961
2029 16
2 6 2 8
4.0518 7.5204 7.8791 9.0093
2.0187 1.4993 1.457 0.98847
2030 16
3 8 3 2 8 5
1.9358 4.9839 5.9771 7.9455 8.9683 11.977
1.4828 2.0309 1.5592 1.4963 1.0122 1.9721
2031 16
3 8 3 2 8 5
1.9945 4.9434 5.9171 7.9662 8.9968 11.895
1.5071 2.0351 1.4585 1.4759 1.0032 2.0496
2032 16
3 8 3 2 8 5
2.0491 4.9886 6.0224 7.9717 8.9591 11.999
1.6 1.9927 1.4775 1.4511 0.998 2.0031
2033 16
3 8 3 2 8 5
2.0269 4.9898 6.0003 7.9343 8.9409 11.994
1.4554 1.9844 1.5167 1.5005 0.9405 1.9768
2034 16
3 8 3 2 8 5
6.0727 8.958 8.987 10.978 12.025 11.957
1.4929 1.0326 1.526 1.4905 1.5009 2.0171
2035 16
3 8 3 2 8 5
6.0519 8.9806 9.0744 10.845 12.082 11.979
1.4122 1.0163 1.4864 1.5259 1.5296 2.0644
2036 16
3 8 3 2 8 5
6.1268 9.0123 8.953 10.993 12.012 12.012
1.4707 0.98653 1.6087 1.4654 1.5376 2.0159
2037 16
3 8 3 2 8 5
5.9039 9.0342 9.0176 11.018 12.011 11.99
1.5421 0.98699 1.5662 1.4789 1.4757 1.9572
2038 16
4 8 1 2 3 8
4.041 5.0394 6.0475 8.0322 8.9357 11.951
2.4804 1.8941 2.0947 1.4488 1.5013 1.4331
2039 16
4 8 1 2 3 8
3.9871 5.0638 6.0328 8.0052 9.1171 12.069
2.4918 1.9882 2.0075 1.5015 1.4017 1.5857
2040 16
4 8 1 2 3 8
4.0894 4.9245 6.0067 7.9937 8.8967 12.001
2.4348 2.0904 2.0006 1.5474 1.4778 1.5247
2041 16
4 8 1 2 3 8
3.996 5.0704 6.009 8.0043 8.9388 12.043
2.4425 1.9673 1.9708 1.4632 1.5354 1.557
2042 16
5 4 3 8 3 5
3.0159 4.0019 6.1002 8.9827 8.9848 12.056
1.5191 2.4948 1.5247 1.0152 1.541 1.9981
2043 16
5 4 3 8 3 5
2.9431 3.9908 6.0294 9.022 8.9871 11.998
1.5042 2.4659 1.5913 1.0338 1.4823 1.9705
2044 16
5 4 3 8 3 5
3.0106 4.0052 5.9988 8.9323 8.9903 11.949
1.5068 2.5615 1.452 1.0148 1.5276 2.0134
2045 16
5 4 3 8 3 5
3.0064 4.0362 6.0429 8.915 9.0333 11.972
1.4893 2.4752 1.4917 1.0231 1.4751 2.0312
2046 16
7 5 2 6 8 8
2.048 2.8335 4.0114 7.4067 8.8887 12.016
1.9916 1.6195 1.9824 1.4685 0.98566 1.4728
2047 16
7 5 2 6 8 8
2.051 2.976 4.035 7.4792 9.0335 12.032
2.0189 1.5531 2.0032 1.4894 1.0313 1.5943
2048 16
7 5 2 6 8 8
2.0237 2.9714 4.006 7.4332 8.9715 11.997
2.0375 1.4819 2.0112 1.4693 0.97204 1.5804
2049 16
7 5 2 6 8 8
1.9481 3.0308 3.9346 7.5226 8.9879 12.066
1.9672 1.5253 1.9567 1.4469 1.0202 1.4995
2050 16
3 4 8 7 5 2
2.0195 3.8766 4.9042 5.9738 8.0102 11.056
1.5717 2.4741 2.0536 1.4858 2.0056 1.5347
2051 16
3 4 8 7 5 2
1.9452 3.9411 5.0163 5.9082 8.012 11.037
1.5087 2.4469 2.0113 1.5362 2.0096 1.5064
2052 16
3 4 8 7 5 2
1.9809 3.9272 4.9651 5.9999 7.97 10.979
1.4709 2.5156 1.9784 1.4263 2.0623 1.5413
2053 16
3 7 5 8 7 8 2 5
1.9902 1.965 3.038 5.0368 5.9938 9.0278 10.961 12.055
1.4712 1.9917 1.482 1.9031 1.5159 1.0453 1.5417 1.9753
2054 16
3 7 5 8 7 8 2 5
2.0432 1.9463 2.9691 4.9773 5.9856 8.9153 11.018 11.974
1.5458 2.0276 1.4726 1.977 1.4492 0.98796 1.5425 2.0037
2055 16
3 7 5 8 7 8 2 5
2.067 1.9288 2.9742 4.9953 6.0365 8.9582 10.989 11.96
1.5466 2.1208 1.53 2.0394 1.5379 1.0438 1.5016 2.05
2056 16
7 2 3 6 5 8 2 8
2.0205 4.0302 6.0019 7.4258 8.0099 9.0613 10.995 11.905
1.9779 2.0077 1.4939 1.4739 1.9836 0.96793 1.5015 1.5199
2057 16
7 2 3 6 5 8 2 8
2.0194 4.023 5.9866 7.4528 7.9945 8.9602 10.913 11.943
1.9782 1.9754 1.5535 1.4336 2.0143 1.0165 1.3833 1.5645
2058 16
7 2 3 6 5 8 2 8
1.981 4.0723 5.9751 7.4957 7.9534 8.9234 10.976 12.057
1.9301 1.9822 1.5536 1.5079 2.092 0.9328 1.4207 1.5457
