41
6885 16
7 8 4 5 6 7
0.59199 2.1148 5.2109 5.6196 9.601 14.071
1.7622 1.5984 1.999 1.3621 2.6018 1.3619
6886 16
5 7 6 8 1 2
0.20669 4.0161 4.968 7.5206 9.6175 14.081
2.9047 1.4949 1.8868 1.7019 2.3487 1.8587
6887 16
1 5 8 6 3 4 7 8
1.3146 5.779 6.1681 6.8891 6.8959 8.0848 13.424 13.951
2.2801 2.2935 1.4769 2.7764 1.4716 2.4866 1.6864 1.7508
6888 16
3 4 5 3
1.4271 6.1249 8.5616 10.076
2.2507 1.6462 2.3756 1.5956
6889 16
1 4 3 4 6 4
2.3556 5.0148 5.8702 7.8547 8.0329 12.54
1.4037 1.7456 2.4866 2.9121 1.8692 1.4218
6890 16
1 4 3 7
2.0395 4.0062 6.0455 5.9534
1.5518 2.5086 1.5473 1.5154
6891 16
1 4 3 7
1.9554 4.0101 5.9426 5.9651
1.4731 2.5081 1.4933 1.5247
6892 16
1 4 3 7
1.9564 3.9946 5.9476 6.0234
1.4669 2.496 1.458 1.5217
6893 16
1 4 3 7
1.9984 4.0734 5.9706 6.0545
1.4538 2.5277 1.4347 1.5197
6894 16
2 6 2 8
4.0615 7.3778 8.024 9.0995
1.9422 1.5643 1.5444 0.99087
6895 16
2 6 2 8
4.0399 7.4671 7.9599 8.9804
1.9413 1.48 1.4974 0.98501
6896 16
2 6 2 8
3.9537 7.5397 8.0767 9.0083
1.9692 1.4765 1.5628 0.95698
6897 16
2 6 2 8
3.9137 7.4365 7.9926 9.0027
1.9467 1.3977 1.5857 1.0341
6898 16
3 8 3 2 8 5
2.0812 4.9031 6.0119 7.9342 8.9915 12.005
1.5288 2.006 1.5869 1.5247 1.0152 1.9513
6899 16
3 8 3 2 8 5
1.9214 4.9755 5.952 8.0544 8.9606 11.939
1.4937 2.0351 1.5306 1.5445 0.98338 2.0177
6900 16
3 8 3 2 8 5
1.9635 4.9296 5.9727 8.0235 8.9287 11.924
1.4498 2.0307 1.6148 1.401 1.1159 1.9216
6901 16
3 8 3 2 8 5
2.0289 4.9938 5.9621 8.0182 8.9251 12.015
1.5184 1.9472 1.5866 1.5468 0.99498 1.9647
6902 16
3 8 3 2 8 5
6.0911 8.9665 8.9527 11.019 12.019 12.023
1.483 1.0632 1.4841 1.5202 1.4654 2.0517
6903 16
3 8 3 2 8 5
6.0135 8.9773 9.016 10.97 12.07 11.954
1.4158 1.0451 1.5543 1.4629 1.4907 1.9303
6904 16
3 8 3 2 8 5
6.0413 8.9833 9.0228 11.031 11.968 12.03
1.5944 0.92751 1.4263 1.4567 1.4567 2.0651
6905 16
3 8 3 2 8 5
5.9813 8.9756 9.0183 11.093 12.025 12.063
1.4844 1.0136 1.4794 1.4803 1.4365 2.0413
6906 16
4 8 1 2 3 8
4.0481 5.0574 5.9215 7.9599 9.0449 11.926
2.5875 1.9625 2.1089 1.4566 1.5402 1.4969
6907 16
4 8 1 2 3 8
4.0095 4.9304 5.9701 7.9965 8.9911 12.09
2.4482 1.9803 2.0308 1.4372 1.3858 1.4756
6908 16
4 8 1 2 3 8
3.9705 5.0184 6.0366 7.973 8.9826 12.051
2.5474 2.0278 2.0205 1.5265 1.4239 1.4653
6909 16
4 8 1 2 3 8
4.0307 4.9062 5.9383 8.0194 8.9468 12.063
2.5024 1.9956 2.0387 1.5123 1.4879 1.5788
6910 16
5 4 3 8 3 5
2.9508 3.9883 6.0845 9.0294 8.9864 11.998
1.4847 2.553 1.5445 1.0199 1.5037 2.0011
6911 16
5 4 3 8 3 5
3.0515 3.9471 5.951 8.9401 9.069 12.043
1.5807 2.3959 1.5402 0.89076 1.4094 2.0661
6912 16
5 4 3 8 3 5
3.0601 3.979 5.952 8.9676 8.9834 12.04
1.5562 2.5308 1.5009 1.0032 1.5118 2.0717
6913 16
5 4 3 8 3 5
2.9799 4.0212 5.9698 9.1207 8.986 12.004
1.4568 2.3913 1.5113 1.002 1.4837 1.9873
6914 16
7 5 2 6 8 8
1.9692 2.989 3.9315 7.3923 8.943 12.046
1.935 1.6225 2.1092 1.4748 0.97047 1.5154
6915 16
7 5 2 6 8 8
1.9101 2.948 4.0338 7.5393 8.9649 12.024
2.0024 1.4661 2.017 1.5453 1.0111 1.5313
6916 16
7 5 2 6 8 8
2.0317 2.9644 4.0031 7.3861 9.0218 12.029
1.9955 1.5005 1.954 1.5564 1.0288 1.4826
6917 16
3 4 8 7 5 2
2.0027 3.9407 4.9378 6.0514 7.9829 11.008
1.5328 2.5767 1.9938 1.5673 2.0579 1.5367
6918 16
3 4 8 7 5 2
1.9587 4.0334 4.9906 6.0448 8.0319 10.928
1.5151 2.5566 1.9001 1.5418 1.9695 1.525
6919 16
3 4 8 7 5 2
2.0023 4.031 4.947 6.0072 7.9474 10.956
1.5608 2.4805 1.998 1.4855 1.9731 1.4983
6920 16
3 7 5 8 7 8 2 5
1.9749 2.0588 2.9369 4.9524 6.0378 8.998 11.018 12.017
1.4509 2.0847 1.5355 1.9625 1.5297 1.0515 1.5219 1.9907
6921 16
3 7 5 8 7 8 2 5
1.9082 1.9937 3.0254 5.0025 6.0227 8.9603 11.019 11.983
1.4968 2.0355 1.4669 1.9729 1.5196 0.9668 1.5037 2.039
6922 16
3 7 5 8 7 8 2 5
1.9375 1.9988 2.969 5.0034 6.0897 8.8932 11.045 12.016
1.5113 1.9908 1.4858 2.0223 1.5104 0.9928 1.5202 1.9688
6923 16
7 2 3 6 5 8 2 8
2.0419 4.049 5.9799 7.5893 7.9533 8.9044 10.931 12.073
2.0058 1.9994 1.4368 1.5621 2.0411 0.95317 1.4012 1.4685
6924 16
7 2 3 6 5 8 2 8
1.993 3.996 5.9562 7.5262 8.0447 9.0758 10.966 12.037
2.0056 2.0235 1.4322 1.4937 2.0082 1.007 1.5319 1.5863
6925 16
7 2 3 6 5 8 2 8
2.0255 4.0308 6.0618 7.4462 7.9649 8.9712 10.951 11.966
1.9697 2.0337 1.5228 1.4161 1.9294 1.025 1.5108 1.5337
