42
3865 16
7 5 3 6 4 5 8 7
1.6631 2.2964 5.3127 5.7431 6.9142 7.7144 10.737 14.497
1.6801 1.3137 2.5829 2.652 1.3022 1.2383 1.1342 1.4815
3866 16
5 1 7 2 1 4 5 6
0.1303 1.3906 2.0933 5.4247 6.121 11.812 12.068 14.103
2.7989 2.0922 2.8932 1.4611 1.2623 2.4742 2.3134 1.7527
3867 16
1 6 1 7 6
3.4887 3.841 5.3958 5.8743 7.0685
1.0531 2.5108 2.7029 1.1222 1.4064
3868 16
6 1 4 5 2 6 4 5
3.9133 5.0746 5.5025 7.1444 9.3201 11.14 11.531 12.651
1.8525 2.1045 2.4597 2.3842 2.1654 2.3969 2.79 1.1258
3869 16
2 1 8 5 3 8 1
1.3898 5.4007 5.7656 7.9972 8.9162 10.115 10.477
1.0196 1.3408 1.595 1.7548 2.4161 1.8665 2.7076
3870 16
1 4 3 7
2.0227 3.996 5.9685 6.0402
1.4919 2.4993 1.5172 1.4273
3871 16
1 4 3 7
1.9105 4.0044 6.0605 5.9372
1.3362 2.5357 1.6017 1.5785
3872 16
1 4 3 7
1.9814 4.0081 5.9477 6.0093
1.5288 2.5413 1.3845 1.5314
3873 16
1 4 3 7
2.0038 4.0359 6.085 5.9881
1.4729 2.5033 1.4987 1.4952
3874 16
2 6 2 8
4.0562 7.4663 7.9005 9.0222
2.0239 1.4672 1.5412 1.0993
3875 16
2 6 2 8
3.972 7.4496 8.0126 9.0268
1.9529 1.505 1.4158 0.97537
3876 16
2 6 2 8
3.9943 7.4559 7.8938 8.9379
1.9967 1.5433 1.52 0.99022
3877 16
2 6 2 8
4.0667 7.4993 8.0018 8.9216
1.9713 1.4774 1.464 1.0367
3878 16
3 8 3 2 8 5
1.9396 4.8867 5.9675 8.0777 8.94 11.969
1.5158 2.0452 1.5624 1.4732 0.9914 1.9547
3879 16
3 8 3 2 8 5
2.0168 5.0572 5.9644 8.0077 9.0096 11.945
1.5067 1.8969 1.4412 1.4534 0.93814 1.9853
3880 16
3 8 3 2 8 5
2.0275 4.9919 6.0094 8.1361 9.0331 12.007
1.6671 1.9909 1.4762 1.533 1.0085 2.0247
3881 16
3 8 3 2 8 5
2.0185 5.0547 5.9069 8.024 8.9426 11.949
1.4282 1.9549 1.5696 1.562 0.98744 1.9295
3882 16
3 8 3 2 8 5
5.9915 8.9824 8.9846 11.01 11.99 11.942
1.4133 1.0406 1.5948 1.3815 1.4432 2.0439
3883 16
3 8 3 2 8 5
5.9332 9.0043 8.9318 11.011 12.136 12.092
1.5577 0.96384 1.5482 1.4894 1.5381 1.9481
3884 16
3 8 3 2 8 5
6.0628 9.0169 8.9359 10.963 11.938 12.041
1.5035 1.0017 1.4487 1.6048 1.5145 1.9998
3885 16
3 8 3 2 8 5
6.0019 9.0169 9.0015 11.007 12.136 12.07
1.5171 0.9853 1.5298 1.4303 1.4968 2.0674
3886 16
4 8 1 2 3 8
3.9754 4.9916 5.9123 8.0062 9.0575 12.072
2.4866 2.0684 1.9877 1.3874 1.5049 1.4733
3887 16
4 8 1 2 3 8
3.883 5.0658 5.9889 7.9293 8.9769 12.091
2.5335 1.985 1.9596 1.5275 1.5031 1.4674
3888 16
4 8 1 2 3 8
4.0001 5.0046 5.9871 8.0065 8.979 11.988
2.5843 2.0018 1.9761 1.5452 1.5667 1.524
3889 16
4 8 1 2 3 8
4.0008 4.9515 5.9374 8.0205 8.9687 12.019
2.4915 1.9681 2.0213 1.5323 1.4132 1.4736
3890 16
5 4 3 8 3 5
3.0065 3.9831 5.9963 9.0771 8.9996 11.97
1.491 2.5256 1.5319 1.0537 1.455 2.044
3891 16
5 4 3 8 3 5
3.03 3.9729 5.9176 9.0688 9.099 11.999
1.4802 2.464 1.4976 1.0269 1.4628 1.9995
3892 16
5 4 3 8 3 5
3.0095 4.0795 6.0301 9.0134 9.0656 12.056
1.4881 2.409 1.4511 1.0648 1.5744 1.9172
3893 16
5 4 3 8 3 5
2.9896 3.9939 6.0932 9.0452 8.9759 11.963
1.5261 2.4974 1.4753 0.92321 1.5009 2.0147
3894 16
7 5 2 6 8 8
1.9337 2.9389 3.9216 7.5521 8.9905 12.038
2.0666 1.505 1.978 1.4896 1.0264 1.5432
3895 16
7 5 2 6 8 8
1.9689 2.9947 3.9887 7.3858 8.9543 11.976
1.9769 1.5506 1.9012 1.6142 1.0661 1.5349
3896 16
7 5 2 6 8 8
1.9694 3.0667 3.9182 7.445 8.972 11.953
1.9215 1.5099 1.9996 1.5686 0.9883 1.517
3897 16
7 5 2 6 8 8
1.9269 3.0055 3.9114 7.4696 8.9139 12.019
1.9557 1.4797 2.0691 1.4828 0.95841 1.5781
3898 16
3 4 8 7 5 2
1.9571 3.915 5.0918 6.0441 8.0375 11.06
1.4868 2.4462 1.9561 1.4869 2.1168 1.4694
3899 16
3 4 8 7 5 2
2.0189 4.0578 5.0062 5.9556 7.8984 10.955
1.4259 2.501 2.0299 1.472 2.0519 1.5776
3900 16
3 4 8 7 5 2
2.0111 3.9951 5.0409 6.1151 8.0362 10.964
1.5187 2.5866 1.9743 1.4664 1.9545 1.5873
3901 16
3 7 5 8 7 8 2 5
1.9871 1.9573 3.09 4.9477 5.9287 9.0585 11.004 11.97
1.4155 1.9927 1.4422 1.9248 1.491 0.9807 1.4011 1.9754
3902 16
3 7 5 8 7 8 2 5
1.9326 1.9132 2.9986 5.0301 5.9353 9.0645 10.943 11.924
1.4828 1.9078 1.4946 2.0755 1.5482 0.97011 1.4452 1.9788
3903 16
3 7 5 8 7 8 2 5
2.029 2.0326 2.9928 5.0732 6.0052 8.9788 10.974 12.002
1.4929 2.0649 1.4926 2.068 1.5425 1.0033 1.5666 2.0681
3904 16
7 2 3 6 5 8 2 8
1.946 4.0221 5.9831 7.4661 8.0461 9.0038 11.044 11.977
2.0367 2.0223 1.5718 1.5625 1.995 0.95234 1.4898 1.6415
3905 16
7 2 3 6 5 8 2 8
1.9581 4.0005 5.9612 7.4128 8.0117 8.9527 11.073 12.063
1.997 2.0424 1.4547 1.4808 2.0178 1.0616 1.4637 1.6703
3906 16
7 2 3 6 5 8 2 8
2.0222 3.883 5.9482 7.4877 8.0242 9.0956 10.908 12.017
2.0101 1.9532 1.4597 1.4976 1.9568 0.97708 1.5681 1.4786
