41
8156 16
8 6 1 4 4 2
3.4181 4.5114 5.4035 8.836 10.994 14.337
2.5223 1.2304 2.8506 1.6146 1.9094 1.6445
8157 16
7 8 5 2 7 5
5.6099 6.2846 7.7519 8.798 9.9848 14.07
2.2601 2.7604 2.8536 1.5434 1.6766 1.1963
8158 16
7 2 5 2
0.84866 2.3642 2.4956 6.5346
1.1194 2.1382 2.9012 1.0004
8159 16
7 6 4 2 8
0.25894 3.8096 4.3514 6.0716 7.3985
2.518 1.719 2.9593 2.1752 1.48
8160 16
8 7 8 2 7
4.57 9.5596 10.751 10.82 11.617
1.9114 1.8313 2.6898 2.1118 2.6169
8161 16
1 4 3 7
1.9448 3.9503 5.9769 6.0224
1.4623 2.5767 1.4626 1.4947
8162 16
1 4 3 7
1.9959 4.0338 5.948 6.001
1.5398 2.5591 1.5338 1.3887
8163 16
1 4 3 7
2.0479 4.0639 5.9103 6.0363
1.5621 2.4618 1.5051 1.4457
8164 16
1 4 3 7
1.9043 4.0751 5.9888 6.1017
1.5944 2.4772 1.4456 1.5228
8165 16
2 6 2 8
4.0414 7.5526 8.0241 9.0937
1.9505 1.48 1.5237 0.98023
8166 16
2 6 2 8
4.0151 7.4997 7.974 8.9764
2.0067 1.388 1.4827 1.0553
8167 16
2 6 2 8
3.9024 7.5677 7.9915 9.0127
2.0011 1.4039 1.4918 0.93116
8168 16
2 6 2 8
3.9836 7.5463 7.9937 8.9625
1.9852 1.5188 1.3798 0.91457
8169 16
3 8 3 2 8 5
2.0395 4.9733 5.9365 8.1173 9.0093 11.966
1.4753 1.9505 1.5 1.5036 0.96342 2.065
8170 16
3 8 3 2 8 5
2.0702 4.9718 6.024 7.992 9.0121 12.002
1.4695 2.0095 1.5839 1.3787 0.94465 2.0215
8171 16
3 8 3 2 8 5
1.9722 5.1246 5.9542 8.0411 9.0056 12.03
1.4751 1.9873 1.4452 1.4477 1.0107 2.0195
8172 16
3 8 3 2 8 5
2.0247 5.0507 6.0449 7.9602 8.9618 12.005
1.4952 2.0444 1.5745 1.4888 0.95063 2.0588
8173 16
3 8 3 2 8 5
6.0364 8.9035 8.9818 10.952 12.02 12.082
1.4322 0.94361 1.3943 1.544 1.5136 2.0674
8174 16
3 8 3 2 8 5
6.0342 9.0412 8.9013 11.174 12.058 11.99
1.5342 1.0136 1.438 1.4247 1.4824 2.0056
8175 16
3 8 3 2 8 5
5.9391 9.0363 8.9135 11.054 12.047 11.996
1.4732 1.0732 1.4539 1.4733 1.5417 2.0139
8176 16
3 8 3 2 8 5
6.0566 8.9699 9.1102 11.029 12.027 11.972
1.467 0.99878 1.4662 1.5627 1.4432 1.9526
8177 16
4 8 1 2 3 8
4.047 4.9924 5.9894 8.0611 9.0386 12.038
2.452 1.9594 2.0662 1.4762 1.4679 1.5097
8178 16
4 8 1 2 3 8
3.936 4.9443 5.9614 8.0319 8.9819 12.057
2.525 2.1067 1.9758 1.5153 1.49 1.5604
8179 16
4 8 1 2 3 8
3.9699 5.0659 6.0467 7.9957 8.9969 11.969
2.4437 2.0045 2.0364 1.5596 1.4981 1.4831
8180 16
4 8 1 2 3 8
3.9562 5.0572 6.0379 7.9491 8.9501 11.982
2.5151 2.0425 2.0119 1.4985 1.5283 1.469
8181 16
5 4 3 8 3 5
3.0024 4.0578 5.9777 8.9932 9.0682 12.082
1.5161 2.6796 1.4936 1.0804 1.3642 1.9754
8182 16
5 4 3 8 3 5
3.0092 4.051 6.0351 9.0373 8.9961 12.009
1.5368 2.5244 1.4972 1.0166 1.5559 2.0531
8183 16
5 4 3 8 3 5
3.024 3.9738 5.9468 9.015 9.0615 12.102
1.5065 2.3539 1.5485 1.0614 1.5236 1.8968
8184 16
5 4 3 8 3 5
3.0413 4.0474 6.0593 9.0259 8.9523 12.114
1.52 2.5419 1.457 0.98983 1.4797 2.0777
8185 16
7 5 2 6 8 8
2.1002 3.0236 3.9591 7.5822 9.0551 11.986
2.0093 1.5056 2.019 1.4613 1.083 1.553
8186 16
7 5 2 6 8 8
1.9555 2.9442 4.0061 7.546 8.9087 12.096
2.0038 1.5613 1.9726 1.5299 1.0294 1.5671
8187 16
7 5 2 6 8 8
2.0666 3.0526 3.9944 7.5451 8.9947 11.942
2.0536 1.5765 1.928 1.618 0.97652 1.5948
8188 16
3 4 8 7 5 2
1.949 3.9632 4.9317 6.0392 8.0406 10.918
1.3956 2.4958 1.9381 1.5603 2.044 1.454
8189 16
3 4 8 7 5 2
2.0352 3.9593 5.0935 5.9764 8.0289 10.999
1.5715 2.571 2.0287 1.4819 1.9778 1.5499
8190 16
3 4 8 7 5 2
1.9528 4.0366 4.9164 5.9476 7.9487 10.933
1.5041 2.4148 1.9536 1.5483 1.925 1.4421
8191 16
3 7 5 8 7 8 2 5
2.0517 2.0779 3.0486 5.0114 6.0541 8.9968 11.044 12.066
1.4523 2.0348 1.561 2.0437 1.4972 1.0364 1.4342 1.9755
8192 16
3 7 5 8 7 8 2 5
2.0469 2.0961 3.0041 5.0616 6.0658 8.9599 11.002 11.943
1.4316 2.058 1.4977 1.9515 1.5473 0.87492 1.5124 1.9998
8193 16
3 7 5 8 7 8 2 5
2.0475 1.9161 2.9813 4.999 5.985 8.9484 11.001 11.975
1.4698 1.97 1.4653 2.0386 1.4844 0.94317 1.5157 1.9718
8194 16
7 2 3 6 5 8 2 8
1.9174 4.0631 5.9546 7.3844 7.9656 8.987 10.946 12.009
1.9334 1.9325 1.5426 1.4391 2.0276 1.0886 1.6344 1.5551
8195 16
7 2 3 6 5 8 2 8
1.9262 3.8862 6.0192 7.4467 7.9929 8.9693 11.08 12.025
2.0799 1.9439 1.523 1.4697 2.0309 1.0278 1.425 1.5095
8196 16
7 2 3 6 5 8 2 8
1.909 4.0047 5.9329 7.5428 7.9578 8.944 10.92 11.995
2.0888 2.0255 1.4156 1.4998 1.9593 1.0213 1.5097 1.5004
