41
8607 16
5 5 7 6
2.957 5.8324 8.2083 9.3013
1.1912 1.6149 1.7193 1.9533
8608 16
8 7 6 4 7 8 4 8
2.0274 2.4334 4.3757 5.2483 6.2502 6.6222 9.4625 11.858
2.5845 2.5026 2.18 2.0817 1.8135 1.2754 1.3239 2.0368
8609 16
7 8 7 1
2.4907 4.5918 6.314 8.8818
2.9957 2.6498 2.696 1.322
8610 16
1 1 2 5
2.1183 6.1349 6.5408 7.3322
1.1483 2.5132 1.1154 2.2117
8611 16
6 1 4 3 3
0.3357 0.39089 1.3352 8.3017 13.688
2.6106 2.5707 1.7222 1.3541 1.4583
8612 16
1 4 3 7
2.0527 4.0702 6.0727 6.0419
1.4802 2.494 1.5757 1.4846
8613 16
1 4 3 7
1.9822 4.014 5.9625 5.9815
1.4585 2.545 1.5094 1.5927
8614 16
1 4 3 7
2.0207 3.9433 5.9984 6.0152
1.53 2.6066 1.4946 1.5338
8615 16
1 4 3 7
2.0278 4.0533 6.0047 5.999
1.4871 2.488 1.4353 1.522
8616 16
2 6 2 8
3.9603 7.468 7.9381 9.0348
2.0804 1.5784 1.5269 1.0087
8617 16
2 6 2 8
3.98 7.5062 8.0213 9.037
1.9672 1.5085 1.5251 0.99522
8618 16
2 6 2 8
4.0105 7.4702 8.0033 8.9636
2.0673 1.5489 1.5089 1.0101
8619 16
2 6 2 8
3.9805 7.4898 8.0389 8.941
2.0098 1.4197 1.5027 1.0583
8620 16
3 8 3 2 8 5
2.0084 5.0783 6.0464 8.0568 9.0537 11.942
1.5012 1.9561 1.5001 1.5114 0.93026 2.0008
8621 16
3 8 3 2 8 5
2.0226 5.061 6.0551 7.9904 8.965 11.96
1.5006 1.9553 1.5256 1.5516 1.0274 2.0069
8622 16
3 8 3 2 8 5
2.0006 5.0147 6.0371 7.9819 8.9608 11.904
1.5113 2.0563 1.4329 1.427 0.99707 1.9288
8623 16
3 8 3 2 8 5
2.0191 4.9205 5.9627 7.967 8.9756 12.039
1.4961 1.9874 1.4603 1.476 1.0377 1.9468
8624 16
3 8 3 2 8 5
6.0448 8.9821 9.0196 10.938 12.019 11.972
1.5525 1.0764 1.4914 1.4853 1.4097 1.9739
8625 16
3 8 3 2 8 5
6.0207 8.9735 9.0362 11 12.017 11.925
1.4483 0.97263 1.4987 1.5143 1.5715 2.1321
8626 16
3 8 3 2 8 5
6.0158 8.9949 9.0604 11.012 11.952 12.056
1.4922 0.96672 1.4882 1.5125 1.4198 2.0309
8627 16
3 8 3 2 8 5
5.9994 9.0675 9.0174 11.02 12.057 11.953
1.5104 0.89733 1.4859 1.446 1.6008 1.9203
8628 16
4 8 1 2 3 8
3.9608 5.0318 5.9213 8.0216 8.9284 12.014
2.5609 2.1248 1.9756 1.4942 1.537 1.5951
8629 16
4 8 1 2 3 8
4.0226 4.9903 5.9856 7.9294 9.0135 11.952
2.475 1.939 1.9978 1.5404 1.4895 1.4552
8630 16
4 8 1 2 3 8
4.0737 5.0432 6.0411 7.9773 9.0648 12.024
2.5004 1.9817 2.0076 1.5082 1.5623 1.5212
8631 16
4 8 1 2 3 8
4.0312 5.0152 5.9305 8.0206 8.965 11.95
2.5508 1.9089 2.0413 1.4376 1.5195 1.4258
8632 16
5 4 3 8 3 5
2.9347 4.0746 5.9577 9.0017 9.0748 12.122
1.5228 2.6102 1.4573 1.072 1.5066 2.0301
8633 16
5 4 3 8 3 5
2.9892 4.0143 6.0019 8.9892 9.0333 12.01
1.5054 2.4539 1.4033 0.9574 1.4341 2.0081
8634 16
5 4 3 8 3 5
3.0555 3.9517 6.0606 9.036 8.9758 11.995
1.5545 2.5618 1.5592 1.0281 1.6036 1.9854
8635 16
5 4 3 8 3 5
3.0168 3.9639 5.9475 8.9671 9.0427 12.112
1.5849 2.5055 1.5753 0.9738 1.4891 1.994
8636 16
7 5 2 6 8 8
1.9625 3.0484 4.0479 7.5575 9.0525 11.964
1.9489 1.5505 2.0306 1.4975 0.9384 1.5043
8637 16
7 5 2 6 8 8
1.9682 2.9776 3.9415 7.4283 8.9629 12.044
2.0351 1.4957 1.983 1.4956 0.95865 1.5351
8638 16
7 5 2 6 8 8
1.8146 2.9323 3.9239 7.5736 9.0443 12.013
2.0038 1.5024 1.9451 1.5453 0.93734 1.5514
8639 16
3 4 8 7 5 2
1.9734 3.9228 5.0065 6.0213 8.0752 10.932
1.491 2.5184 2.0427 1.608 2.0173 1.5619
8640 16
3 4 8 7 5 2
2.04 4.0724 5.0089 5.9723 7.9666 11.038
1.5032 2.4287 1.9445 1.4972 2.0536 1.5065
8641 16
3 4 8 7 5 2
2.0244 3.9773 5.0326 5.9303 7.9793 11.098
1.5048 2.4829 1.9652 1.5361 2.0344 1.5715
8642 16
3 7 5 8 7 8 2 5
2.0507 1.9855 3.0537 5.005 6.0523 8.8695 11.041 11.971
1.5343 2.0205 1.5136 1.9321 1.4861 0.96696 1.5064 2.0495
8643 16
3 7 5 8 7 8 2 5
2.0953 2.0294 3.0326 4.9523 5.9879 9.1107 11.012 11.987
1.4693 1.9877 1.4393 1.9364 1.5256 0.92963 1.5049 2.0424
8644 16
3 7 5 8 7 8 2 5
2.0509 1.9624 3.0032 4.9815 6.0079 9.029 11.003 11.994
1.4713 1.8775 1.3877 2.018 1.5067 0.98343 1.594 2.0383
8645 16
7 2 3 6 5 8 2 8
2.0217 4.0808 5.9317 7.5713 8.0257 8.9463 11.013 11.953
2.1106 2.0724 1.5232 1.521 2.0017 1.0483 1.495 1.4959
8646 16
7 2 3 6 5 8 2 8
2.0649 3.9427 5.9779 7.4871 7.9484 9.0519 10.973 11.969
1.9589 1.9235 1.4263 1.456 1.9988 0.90737 1.4957 1.4852
8647 16
7 2 3 6 5 8 2 8
2.0679 4.0139 6.03 7.4875 8.0439 8.941 11.021 11.992
2.07 2.0376 1.5847 1.4429 1.9254 1.0705 1.4803 1.532
