42
715 16
7 3 7 8 5 6 3 5
1.3872 4.8907 6.964 9.3609 9.9673 10.081 10.28 13.975
1.4397 1.5745 1.1035 1.6161 1.9144 1.9829 2.0075 1.2008
716 16
1 5 8 7
1.7772 5.0896 7.7636 9.5345
1.8278 1.3634 2.0356 2.4454
717 16
4 1 4 5 8 2 4
1.2614 1.6628 4.0752 4.8751 5.2969 6.6855 10.38
2.5508 2.5603 1.9014 1.4753 1.9647 2.3837 2.6205
718 16
4 2 5 5
1.1566 4.5294 4.7244 11.787
2.6455 1.0459 2.0879 1.4489
719 16
7 1 6 6
3.7528 5.2841 12.388 14.144
2.2735 1.4274 1.7181 1.5124
720 16
1 4 3 7
2.0333 3.9712 6.0505 6.0012
1.6548 2.4786 1.4947 1.4568
721 16
1 4 3 7
1.9742 4.0402 6.0562 6.0221
1.4423 2.4243 1.4249 1.4387
722 16
1 4 3 7
2.1402 4.0371 5.9483 6.01
1.4176 2.5347 1.562 1.5481
723 16
1 4 3 7
1.957 4.068 6.0188 6.0334
1.5434 2.4851 1.5136 1.4891
724 16
2 6 2 8
3.9978 7.5116 7.9143 8.9993
1.9683 1.4757 1.5647 1.0261
725 16
2 6 2 8
4.0332 7.5784 8.0135 9.0073
2.0048 1.4564 1.4347 0.99146
726 16
2 6 2 8
4.0015 7.5558 7.9785 8.9764
1.9921 1.6473 1.5043 0.97209
727 16
2 6 2 8
3.9937 7.4627 7.9241 9.0637
1.9438 1.4677 1.5949 0.89875
728 16
3 8 3 2 8 5
1.9425 5.0507 5.9501 8.0684 8.9667 11.945
1.5133 2.0769 1.4571 1.4413 1.118 1.9009
729 16
3 8 3 2 8 5
1.9754 5.0406 6.0813 8.0446 9.0615 11.871
1.4347 2.0033 1.5478 1.508 0.96672 2.093
730 16
3 8 3 2 8 5
1.9478 5.0332 5.9547 8.074 8.95 11.963
1.4743 1.9918 1.4352 1.5097 0.97756 2.0106
731 16
3 8 3 2 8 5
2.0261 4.9908 6.0715 8.0257 9.0101 12.078
1.4945 2.0322 1.5649 1.5147 0.98173 2.0472
732 16
3 8 3 2 8 5
6.0423 8.9735 9.1149 10.95 11.946 11.927
1.51 1.0069 1.5042 1.5757 1.5064 2.0437
733 16
3 8 3 2 8 5
6.0543 9.0781 8.9225 11.028 12.007 11.972
1.463 0.91203 1.4437 1.5306 1.466 2.0345
734 16
3 8 3 2 8 5
5.98 8.8706 8.9885 11.001 12.074 12.006
1.5267 0.88322 1.4776 1.4977 1.4545 2.0514
735 16
3 8 3 2 8 5
5.9972 9.0192 9.0086 10.985 11.961 11.958
1.4617 1.0578 1.4698 1.4691 1.5274 1.9849
736 16
4 8 1 2 3 8
3.9744 5.0079 6.0202 8.0926 8.9643 11.953
2.5009 1.9871 1.9592 1.5798 1.5279 1.5155
737 16
4 8 1 2 3 8
4.1078 4.934 6.0882 7.8384 8.9724 11.941
2.4979 2.1071 2.004 1.5719 1.5601 1.4374
738 16
4 8 1 2 3 8
3.8956 5.0269 6.0537 7.9858 9.0129 12.077
2.4852 2.0272 2.0684 1.5365 1.4634 1.5118
739 16
4 8 1 2 3 8
3.987 4.8661 6.0288 7.9784 8.95 12.08
2.4583 2.0535 1.9956 1.4351 1.5226 1.5075
740 16
5 4 3 8 3 5
3.0773 3.9805 6.0021 8.965 8.9816 12.027
1.4282 2.4426 1.566 0.94564 1.5361 1.9632
741 16
5 4 3 8 3 5
3.0733 3.9573 6.0145 9.037 9.0086 11.955
1.4904 2.4285 1.5624 1.0546 1.4653 1.9363
742 16
5 4 3 8 3 5
2.9828 3.9604 6.0847 9.0151 9.0309 11.98
1.5584 2.5092 1.4912 0.92985 1.3588 2.0139
743 16
5 4 3 8 3 5
2.9447 3.919 6.0726 8.9908 9.0062 12.047
1.4519 2.5756 1.4695 0.94588 1.4946 2.07
744 16
7 5 2 6 8 8
1.8917 2.9966 4.0034 7.464 8.954 12.022
2.0607 1.5752 2.0295 1.499 0.96149 1.455
745 16
7 5 2 6 8 8
1.9506 3.0413 4.0224 7.5032 8.9965 12.097
2.0293 1.521 2.0703 1.4819 1.0186 1.4988
746 16
7 5 2 6 8 8
1.944 2.9755 4.0322 7.5489 9.0109 11.91
2.0573 1.4296 1.9929 1.5044 1.0514 1.4736
747 16
7 5 2 6 8 8
2.0003 3.0451 4.044 7.5331 8.9827 12.056
1.963 1.5079 1.9626 1.4899 0.97207 1.4915
748 16
3 4 8 7 5 2
2.0348 4.0115 4.8904 6.1053 7.9359 10.947
1.4779 2.4534 2.0554 1.5195 2.0421 1.512
749 16
3 4 8 7 5 2
2.0259 4.0335 4.9956 6.0825 7.9774 11.001
1.5076 2.557 2.0265 1.5108 2.0393 1.5099
750 16
3 4 8 7 5 2
2.02 4.003 4.9592 6.0493 7.9628 11.035
1.4978 2.5156 1.9903 1.5429 1.9368 1.4665
751 16
3 7 5 8 7 8 2 5
2.0192 2.0442 3.0465 4.9881 6.0151 9.0129 10.941 12.001
1.4319 1.9625 1.6373 1.9611 1.5346 1.0397 1.5062 2.0427
752 16
3 7 5 8 7 8 2 5
2.13 2.0078 3.0658 5.0035 5.9711 8.966 10.991 11.939
1.4805 1.8994 1.4531 1.9207 1.5342 1.0752 1.4889 1.9959
753 16
3 7 5 8 7 8 2 5
2.0133 1.9531 3.081 4.9958 5.9668 9.0233 10.958 12.038
1.4659 2.0155 1.4101 2.0491 1.5662 1.0381 1.4622 1.9365
754 16
7 2 3 6 5 8 2 8
2.0109 4.0003 5.9987 7.4602 8.062 9.0455 10.94 11.897
1.9691 2.0611 1.4861 1.5301 1.9129 1.0189 1.4191 1.5365
755 16
7 2 3 6 5 8 2 8
2.0525 4.0071 5.9296 7.4451 8.0535 9.0141 11.016 12.035
1.95 2.0122 1.4222 1.5173 1.9282 0.96919 1.4363 1.5262
756 16
7 2 3 6 5 8 2 8
1.9823 4.0443 5.932 7.5289 7.8641 9.0966 11.073 11.952
1.9387 1.9787 1.4892 1.5545 2.0285 1.0912 1.4947 1.4625
