41
8976 16
4 7 6 4 1 7
0.60049 0.66093 1.57 7.8195 10.504 10.715
2.7599 2.8358 2.3006 1.0745 2.8732 2.8437
8977 16
7 3 1 3 5
2.25 3.2233 7.157 7.3332 12.275
1.2037 1.5225 2.2851 2.4745 1.9601
8978 16
4 7 1 4 2 6 3 7
5.2299 9.6388 9.9339 10.101 11.701 12.202 12.412 12.735
1.8993 2.8512 2.7217 2.2124 1.5688 2.8659 2.6226 1.8596
8979 16
3 7 8 6
6.4251 7.7269 9.1904 11.69
1.2907 2.2357 2.1 2.4353
8980 16
8 3 1 6 8 3
2.7421 3.8699 4.6194 5.4694 8.5162 10.701
2.9875 1.66 1.5003 2.3497 2.2483 1.6806
8981 16
1 4 3 7
2.0118 3.9949 5.8858 5.9188
1.3445 2.5039 1.5366 1.5493
8982 16
1 4 3 7
1.9354 3.9988 5.943 5.9506
1.5715 2.4417 1.5278 1.5582
8983 16
1 4 3 7
1.8768 4.0071 5.9324 6.0224
1.5041 2.489 1.527 1.5654
8984 16
1 4 3 7
1.9546 3.967 6.0249 6.1033
1.5476 2.5563 1.4413 1.4819
8985 16
2 6 2 8
4.0228 7.4793 8.0476 8.9822
1.9433 1.4905 1.4664 0.86382
8986 16
2 6 2 8
3.9878 7.59 8.0537 8.9791
2.0214 1.5225 1.422 0.98658
8987 16
2 6 2 8
3.993 7.5872 8.0109 8.9355
1.9857 1.4995 1.4713 0.9736
8988 16
2 6 2 8
3.9522 7.4731 7.9722 8.9561
1.9704 1.5623 1.4584 0.97834
8989 16
3 8 3 2 8 5
2.0489 4.9379 5.9797 7.9863 9.0047 11.915
1.5723 1.976 1.5566 1.448 0.99803 1.9409
8990 16
3 8 3 2 8 5
2.0265 4.9693 6.0159 8.0389 9.0091 11.923
1.5015 1.9943 1.3878 1.4431 0.9817 1.933
8991 16
3 8 3 2 8 5
1.9262 5.0473 6.042 8.0425 9.0558 12.076
1.523 1.9783 1.5034 1.4998 1.048 1.9074
8992 16
3 8 3 2 8 5
2.0227 5.0081 5.978 7.9492 9.0303 12.046
1.5559 1.892 1.5128 1.506 0.9999 2.0118
8993 16
3 8 3 2 8 5
5.9449 8.9709 8.9831 10.965 12.059 12.004
1.5049 0.90308 1.5161 1.4623 1.5425 2.0303
8994 16
3 8 3 2 8 5
6.0307 8.9942 9.0493 11.047 12.065 12.091
1.4364 0.93103 1.4355 1.489 1.4488 2.0076
8995 16
3 8 3 2 8 5
5.9922 8.9993 8.9237 10.965 12.059 12.063
1.538 0.96591 1.5371 1.5185 1.5196 2.051
8996 16
3 8 3 2 8 5
6.0436 9.0154 9.0849 10.949 12.012 11.963
1.4084 1.0948 1.4954 1.438 1.4624 2.0324
8997 16
4 8 1 2 3 8
3.9789 5.1008 6.0372 7.9187 8.9917 11.997
2.55 2.0044 1.9163 1.4296 1.4856 1.5369
8998 16
4 8 1 2 3 8
4.0325 4.9794 6.0356 8.0109 9.0405 11.994
2.4347 2.0702 2.1298 1.5049 1.4954 1.5267
8999 16
4 8 1 2 3 8
3.9604 5.028 6.0157 8.0399 9.0975 11.996
2.4961 2.0094 1.9753 1.4971 1.5511 1.381
9000 16
4 8 1 2 3 8
4.0019 5.0073 5.9713 7.9579 8.9687 12.076
2.5349 2.0478 1.9458 1.5341 1.5407 1.4173
9001 16
5 4 3 8 3 5
3.0031 4.023 6.0038 9.0566 9.0046 11.958
1.4707 2.5153 1.455 1.0628 1.4412 2.0918
9002 16
5 4 3 8 3 5
3.0155 3.9904 6.0586 9.0234 8.9375 12.003
1.4975 2.5354 1.5175 0.9992 1.5361 1.9906
9003 16
5 4 3 8 3 5
2.9427 4.0146 6.0002 8.9362 8.9707 12.066
1.5488 2.4675 1.4583 1.0336 1.5644 2.0066
9004 16
5 4 3 8 3 5
3.0054 4.0533 6.0745 8.9975 9.1111 11.932
1.4692 2.5144 1.4434 1.0023 1.4798 2.0004
9005 16
7 5 2 6 8 8
1.9902 2.9644 3.8814 7.502 9.0336 12.025
1.9477 1.5261 1.9081 1.4589 0.95311 1.5497
9006 16
7 5 2 6 8 8
1.9932 3.0212 4.0278 7.473 8.9672 12.024
1.881 1.5244 2.0051 1.4963 1.0578 1.5123
9007 16
7 5 2 6 8 8
1.9791 2.889 4.0571 7.5303 9.0687 12.046
2.1148 1.5222 2.0703 1.5752 0.90267 1.4216
9008 16
3 4 8 7 5 2
2.0048 3.9898 5.0762 5.9821 8.0172 10.963
1.527 2.4424 1.9173 1.5499 2.0156 1.4692
9009 16
3 4 8 7 5 2
1.9105 3.918 4.9886 6.0946 8.0053 10.945
1.4276 2.5295 2.004 1.5006 2.0522 1.4584
9010 16
3 4 8 7 5 2
2.0186 3.9373 5.0526 6.0283 7.9574 10.953
1.4272 2.4303 1.9753 1.5804 2.0129 1.495
9011 16
3 7 5 8 7 8 2 5
1.8443 1.9749 3.0647 5.0592 5.9788 8.9476 10.86 11.965
1.5119 2.0178 1.5209 1.9653 1.5145 1.0227 1.4722 1.8506
9012 16
3 7 5 8 7 8 2 5
1.9923 2.0113 2.9569 5.0895 6.025 8.9858 10.965 11.954
1.4217 1.9483 1.5238 1.9827 1.528 0.92237 1.4891 2.0382
9013 16
3 7 5 8 7 8 2 5
2.0046 1.9462 2.9936 4.9838 5.963 8.9336 10.98 11.981
1.5162 2.0494 1.4678 2.0101 1.4889 0.99956 1.4351 1.9721
9014 16
7 2 3 6 5 8 2 8
2.0167 3.9794 5.9745 7.5763 7.9677 9.1287 11.029 12.085
1.9864 2.0562 1.5225 1.4683 2.0499 1.016 1.5003 1.4726
9015 16
7 2 3 6 5 8 2 8
1.9787 3.9942 5.9904 7.4009 8.0186 8.9222 11.084 11.971
1.9596 2.0707 1.4822 1.5193 1.9849 0.95977 1.4045 1.5354
9016 16
7 2 3 6 5 8 2 8
2.0587 3.9539 6.0512 7.4953 7.9783 8.971 10.966 12.14
2.028 1.9827 1.4653 1.4279 1.9399 1.044 1.4687 1.5045
