42
4117 16
8 7 5 6 6 1
4.1623 4.367 6.1106 6.326 9.0815 9.8764
2.3593 2.4253 1.3118 1.3927 2.9438 1.7261
4118 16
2 5 2 3 5 4
0.30318 1.3967 7.6822 8.5764 9.5236 12.474
2.2545 2.0091 2.1441 1.9005 1.6828 2.5304
4119 16
2 7 4 8
0.9094 1.0167 1.1381 11.761
1.9179 1.4912 2.4963 1.4671
4120 16
8 2 5 6 1 2 6
0.80321 1.1427 1.7989 7.1368 10.02 11.66 11.691
1.3771 1.2011 2.7888 2.4037 1.3856 2.3982 1.9845
4121 16
1 8 7 4
2.7385 4.5108 7.9693 9.7834
2.9137 2.4053 2.1983 1.767
4122 16
1 4 3 7
1.9787 4.0361 5.9439 6.0749
1.5096 2.4584 1.4884 1.4574
4123 16
1 4 3 7
1.9998 3.9729 5.9495 6.0553
1.535 2.5148 1.5939 1.4427
4124 16
1 4 3 7
1.9847 3.9297 6.0472 5.961
1.4611 2.4624 1.5317 1.4489
4125 16
1 4 3 7
1.9632 4.0558 6.0282 6.0204
1.48 2.4521 1.382 1.5351
4126 16
2 6 2 8
4.0359 7.4152 7.9728 9.0022
2.0201 1.523 1.473 0.98274
4127 16
2 6 2 8
3.9767 7.4932 7.953 8.9957
1.9963 1.4045 1.5522 1.065
4128 16
2 6 2 8
3.96 7.4861 7.9602 8.9247
1.9084 1.3718 1.4689 1.0184
4129 16
2 6 2 8
4.0463 7.5316 8.018 8.9847
2.0026 1.4653 1.4969 1.0201
4130 16
3 8 3 2 8 5
1.9947 4.9139 5.9906 7.9538 8.9728 11.997
1.5782 2.0519 1.4622 1.4916 1.0685 2.1236
4131 16
3 8 3 2 8 5
1.9182 4.976 5.9837 8.0359 9.0373 11.936
1.4045 1.8655 1.4343 1.4749 1.047 1.9314
4132 16
3 8 3 2 8 5
1.98 4.9874 6.0407 8.0822 9.0083 11.969
1.4547 2.0592 1.5039 1.4693 1.0408 2.0343
4133 16
3 8 3 2 8 5
2.0276 5.0158 5.8917 8.0053 8.9999 12.05
1.5691 2.1107 1.4363 1.5 1.0274 1.954
4134 16
3 8 3 2 8 5
6.0637 9.0333 9.0652 10.972 12.02 12.046
1.4806 1.0243 1.5801 1.4733 1.4717 2.0197
4135 16
3 8 3 2 8 5
5.9987 9.0003 8.9844 10.916 11.992 11.951
1.5041 0.98559 1.4978 1.5349 1.5675 2.1047
4136 16
3 8 3 2 8 5
6.0162 9.0173 9.0409 11.026 12 12.005
1.5798 1.042 1.493 1.4607 1.45 1.9226
4137 16
3 8 3 2 8 5
5.942 9.1298 9.0289 10.949 12.059 11.95
1.5514 0.93973 1.5047 1.4954 1.5436 1.9978
4138 16
4 8 1 2 3 8
4.0574 5.0418 6.0038 8.0247 9.0644 12.032
2.5665 2.0316 2.0816 1.4608 1.513 1.5582
4139 16
4 8 1 2 3 8
4.017 4.9289 6.091 7.9761 8.9564 12.07
2.5719 2.029 2.0768 1.4965 1.5385 1.5153
4140 16
4 8 1 2 3 8
3.9036 5.0259 6.0092 8.0372 9.0159 12.025
2.4666 1.9445 1.9903 1.5122 1.504 1.4811
4141 16
4 8 1 2 3 8
3.9742 4.989 6.0243 8.0111 9.0494 12.001
2.3569 2.0459 2.0124 1.4921 1.5185 1.5564
4142 16
5 4 3 8 3 5
2.9432 4.0641 6.0339 9.0446 9.097 12.009
1.5132 2.4479 1.4809 0.8871 1.4616 1.9648
4143 16
5 4 3 8 3 5
3.0145 3.9565 6.0155 8.9716 8.9443 11.983
1.5289 2.4725 1.5094 0.9904 1.4737 2.0036
4144 16
5 4 3 8 3 5
3.0504 3.9401 5.9607 9.1026 8.9642 11.917
1.4833 2.5399 1.4667 0.98362 1.4573 1.9656
4145 16
5 4 3 8 3 5
2.9497 3.9326 6.003 9.0167 8.9821 11.921
1.4281 2.474 1.412 1.0558 1.4633 2.0661
4146 16
7 5 2 6 8 8
1.9454 3.0377 3.9952 7.5145 9.0256 12.052
2.021 1.5195 1.9975 1.576 0.94659 1.3345
4147 16
7 5 2 6 8 8
1.9704 2.9336 3.9222 7.462 8.9491 12.069
2.0053 1.5318 1.988 1.5272 0.98911 1.4879
4148 16
7 5 2 6 8 8
2.0336 2.9317 3.9993 7.54 8.9861 12.023
2.0886 1.5133 2.0069 1.5392 1.0272 1.538
4149 16
7 5 2 6 8 8
1.9991 3.0432 3.9839 7.4767 9.0123 12.046
1.9215 1.4571 2.0974 1.4214 0.8678 1.574
4150 16
3 4 8 7 5 2
1.995 3.9543 4.9168 5.9462 8.0254 10.989
1.445 2.5346 1.9541 1.5468 1.9582 1.5548
4151 16
3 4 8 7 5 2
2.049 3.9618 4.9296 5.9662 7.9389 11.034
1.5123 2.4331 1.9802 1.3758 1.9793 1.5106
4152 16
3 4 8 7 5 2
2.0031 4.0294 5.0438 6.0205 7.9677 11.092
1.4815 2.4351 1.9495 1.5643 1.9311 1.3928
4153 16
3 7 5 8 7 8 2 5
2.0316 1.9482 3.0343 4.9428 6.116 8.9099 11.015 12.002
1.5061 1.9193 1.5446 1.9456 1.5151 0.98323 1.4378 1.929
4154 16
3 7 5 8 7 8 2 5
2.0853 1.951 2.9384 4.9736 6.0787 9.0109 10.977 12.103
1.4382 1.9324 1.5277 2.0501 1.446 1.0616 1.3872 1.9878
4155 16
3 7 5 8 7 8 2 5
1.9905 2.0262 3.0118 5.0467 5.9975 9.0941 11 11.978
1.4758 1.9828 1.4451 1.9508 1.4169 0.95351 1.4604 1.9398
4156 16
7 2 3 6 5 8 2 8
2.0283 3.9869 5.9516 7.411 8.0469 8.9577 10.945 11.847
2.0546 1.9996 1.4169 1.4994 1.964 1.0149 1.4632 1.4064
4157 16
7 2 3 6 5 8 2 8
1.9327 4.0447 6.0705 7.4573 8.0348 8.9997 11.086 11.963
2.0122 2.1336 1.5195 1.5219 2.0023 1.055 1.4609 1.5217
4158 16
7 2 3 6 5 8 2 8
1.9272 4.0392 6.0251 7.4441 7.9493 9.1627 11.063 11.998
1.9939 2.0161 1.5241 1.4213 2.0166 1.0097 1.48 1.5129
