42
5671 16
4 7 2 4 6 8 2
0.77531 2.2387 7.1553 8.9985 9.931 10.662 13.468
1.5838 1.3791 1.2348 2.8233 2.0185 2.773 1.2587
5672 16
2 8 6 6 1 2
0.50236 0.63254 4.8746 9.0772 9.1835 10.032
2.7643 2.0271 1.2309 1.4722 1.3798 1.258
5673 16
4 2 7 6 5 8 3 4
0.58865 0.9844 1.0435 1.5684 2.2995 2.4434 2.7874 4.7352
1.4394 2.9033 2.3252 2.351 2.5558 1.8946 2.4136 1.8686
5674 16
7 1 6 1 8
5.5852 9.368 9.99 10.672 11.942
1.0185 1.1678 2.8586 1.282 2.2048
5675 16
2 4 6 2 3 6
2.9163 7.5365 10.788 11.036 12.061 13.471
1.0094 1.3747 1.9984 1.4066 2.1563 2.5165
5676 16
1 4 3 7
1.9777 4.0203 6.0007 5.9661
1.5287 2.5281 1.5698 1.4592
5677 16
1 4 3 7
2.0077 4.0042 5.9737 5.9101
1.4413 2.4979 1.5008 1.466
5678 16
1 4 3 7
1.9697 3.9742 6.036 5.909
1.4847 2.4342 1.4562 1.4697
5679 16
1 4 3 7
1.9694 4.0984 6.0992 5.97
1.4633 2.3698 1.4961 1.522
5680 16
2 6 2 8
4.0114 7.4412 7.9778 9.0952
2.0017 1.4438 1.4819 1.103
5681 16
2 6 2 8
4.0508 7.475 7.9477 8.975
1.9351 1.4764 1.505 1.0028
5682 16
2 6 2 8
3.889 7.4181 7.9931 9.0127
1.9874 1.4997 1.5223 1.0566
5683 16
2 6 2 8
4.0069 7.5563 7.9607 9.0044
2.048 1.4601 1.5012 0.98034
5684 16
3 8 3 2 8 5
1.9808 5.0606 6.0065 8.0533 9.0604 12.038
1.5215 1.9707 1.5224 1.571 1.0627 1.9446
5685 16
3 8 3 2 8 5
2.0065 4.9876 6.0347 8.0758 8.9672 11.94
1.4317 1.9853 1.4583 1.4567 1.0441 2.0086
5686 16
3 8 3 2 8 5
2.0653 5.092 5.977 8.0295 9.0983 12.004
1.617 1.9213 1.4968 1.4897 1.0385 1.9356
5687 16
3 8 3 2 8 5
1.9739 5.0063 5.997 7.9287 8.9899 11.917
1.5381 1.9708 1.483 1.5145 0.90858 2.0207
5688 16
3 8 3 2 8 5
5.9664 8.9707 9.0317 11.039 12.034 11.951
1.5188 0.99321 1.4934 1.5353 1.6171 1.9914
5689 16
3 8 3 2 8 5
6.0316 9.016 8.9293 10.997 12.037 11.967
1.5374 1.0697 1.4876 1.5108 1.5962 1.9905
5690 16
3 8 3 2 8 5
5.991 9.045 8.9695 11.052 11.955 11.95
1.5291 0.92982 1.5055 1.5231 1.4761 2.1115
5691 16
3 8 3 2 8 5
5.9994 9.0027 9.0331 10.965 12.019 11.954
1.4819 1.0342 1.4373 1.4693 1.3802 1.9229
5692 16
4 8 1 2 3 8
4.0283 4.9916 5.9031 8.0251 9.0074 11.986
2.514 1.9411 2.0455 1.5316 1.5574 1.587
5693 16
4 8 1 2 3 8
3.9982 4.9765 5.9977 7.9816 8.9819 12.033
2.5499 2.098 1.9451 1.5005 1.4884 1.5155
5694 16
4 8 1 2 3 8
4.0806 5.0199 6.0004 7.9778 9.0456 12.013
2.4708 2.0333 2.0587 1.4708 1.5442 1.4664
5695 16
4 8 1 2 3 8
3.9286 5.0018 6.0438 7.9135 9.0694 11.951
2.5863 1.9542 1.97 1.4375 1.3782 1.4605
5696 16
5 4 3 8 3 5
3.0373 3.9916 5.9452 8.984 9.1027 11.886
1.5757 2.3769 1.6184 0.99886 1.4603 1.9708
5697 16
5 4 3 8 3 5
2.9516 4.0458 5.994 8.9238 9.0063 11.968
1.4184 2.5518 1.5686 1.0268 1.5891 2.0991
5698 16
5 4 3 8 3 5
3.0521 4.0459 5.969 8.992 9.0061 11.985
1.5372 2.5731 1.5339 1.0089 1.442 1.9392
5699 16
5 4 3 8 3 5
3.0106 4.008 5.9266 9.0268 8.9072 12.043
1.4875 2.5875 1.4376 1.0061 1.5174 1.8953
5700 16
7 5 2 6 8 8
1.9846 2.9364 3.9694 7.5619 9.0599 11.942
1.9667 1.5039 2.0453 1.478 0.93745 1.5565
5701 16
7 5 2 6 8 8
1.9848 3.0392 3.9844 7.5578 8.9824 12.025
2.0206 1.4673 1.9324 1.4913 0.95659 1.5841
5702 16
7 5 2 6 8 8
1.98 3.0092 3.9802 7.5313 8.9772 12.031
1.9277 1.4913 1.9468 1.4864 0.97821 1.4275
5703 16
7 5 2 6 8 8
2.0863 2.971 4.0105 7.46 9.0212 12.007
1.9854 1.4856 2.0167 1.4398 0.98721 1.4277
5704 16
3 4 8 7 5 2
1.9958 3.9046 5.0571 5.9792 8.0568 10.971
1.5695 2.4724 1.9842 1.5033 2.0194 1.3955
5705 16
3 4 8 7 5 2
1.9925 4.074 4.9549 5.9941 8.0121 11.025
1.5412 2.5636 1.9165 1.4583 2.0022 1.4787
5706 16
3 4 8 7 5 2
1.879 3.8937 5.0514 5.9844 7.9396 11.084
1.5152 2.4854 1.9599 1.6127 1.9047 1.495
5707 16
3 7 5 8 7 8 2 5
1.9621 2.0564 3.0289 5.0909 6.049 8.9449 10.943 11.995
1.5963 2.003 1.4855 1.998 1.5105 0.94876 1.4894 2.0816
5708 16
3 7 5 8 7 8 2 5
2.0206 1.9524 3.0366 5.0012 6.0668 9.1148 11.095 12.09
1.5731 2.0646 1.4324 2.0263 1.5346 0.99524 1.4524 2.0084
5709 16
3 7 5 8 7 8 2 5
1.9819 2.0447 3.0204 4.9337 5.9475 9.0502 11.028 12.008
1.5904 1.9688 1.5529 2.0835 1.4469 1.0502 1.4894 1.9853
5710 16
7 2 3 6 5 8 2 8
2.0251 4.0474 6.0154 7.5236 7.9731 9.012 11.042 11.93
1.9413 2.0148 1.5235 1.5582 1.9589 1.0673 1.5921 1.425
5711 16
7 2 3 6 5 8 2 8
1.9986 3.9989 5.9783 7.5637 7.9661 9.0317 11.059 12.068
1.9328 2.0706 1.3892 1.5146 2.1075 1.0815 1.4323 1.4819
5712 16
7 2 3 6 5 8 2 8
1.9131 3.9882 5.9498 7.4858 7.9937 8.98 10.969 11.992
1.928 2.0296 1.4491 1.4693 1.9689 0.98659 1.4884 1.5553
