42
1261 16
1 7 3 5
8.5443 8.7535 12.053 12.729
2.9545 1.8771 1.786 2.0863
1262 16
3 8 7 6 5 7
2.0298 3.5041 5.1702 5.5208 7.882 9.6438
2.6241 1.7931 1.5863 1.3147 2.0358 2.2306
1263 16
3 6 4 2 6
0.10117 1.2612 1.8391 8.5475 12.843
2.8399 1.846 2.5016 1.7709 2.1412
1264 16
1 3 8 1 8 7
0.7441 4.4414 4.6615 9.3966 13.425 14.257
1.8635 1.8781 1.3022 1.2443 1.7559 1.0015
1265 16
8 4 8 1
4.0401 4.912 7.7242 13.026
1.8757 1.2182 1.0767 1.5094
1266 16
1 4 3 7
1.9748 3.9202 5.9622 6.0123
1.4891 2.4289 1.5344 1.5872
1267 16
1 4 3 7
1.9552 4.0269 6.0578 6.0139
1.4681 2.5612 1.4273 1.5159
1268 16
1 4 3 7
1.9587 3.9533 6.0655 6.0167
1.4892 2.4735 1.5177 1.4413
1269 16
1 4 3 7
1.9475 3.9638 6.1215 6.0901
1.5209 2.3766 1.5012 1.4796
1270 16
2 6 2 8
4.0234 7.5829 8.0398 8.9839
2.0142 1.4595 1.4962 1.0201
1271 16
2 6 2 8
4.0615 7.5453 7.9624 9.031
2.0544 1.4645 1.5954 0.99829
1272 16
2 6 2 8
3.9215 7.519 8.0325 8.9879
2.0555 1.4531 1.561 1.0659
1273 16
2 6 2 8
3.9393 7.5076 8.0747 9.0661
2.012 1.4036 1.5727 0.89841
1274 16
3 8 3 2 8 5
1.9716 4.9506 5.9794 8.1099 9.001 11.97
1.5132 1.9573 1.479 1.5188 1.0203 1.9625
1275 16
3 8 3 2 8 5
1.9126 5.0513 5.9738 7.9696 9.0537 12.078
1.4421 1.9829 1.5572 1.5128 1.0049 1.9976
1276 16
3 8 3 2 8 5
2.0512 5.0098 6.0557 8.0038 8.9854 12.045
1.4972 1.9328 1.4995 1.4961 0.95763 1.9875
1277 16
3 8 3 2 8 5
1.9704 5.017 6.0033 7.978 8.9586 11.935
1.4334 1.9951 1.4947 1.5498 0.99447 1.9549
1278 16
3 8 3 2 8 5
5.9958 8.9422 9.02 10.965 11.963 11.964
1.5134 0.96445 1.4827 1.5079 1.5749 1.8952
1279 16
3 8 3 2 8 5
6.1189 8.9223 8.9687 10.977 11.958 12.054
1.453 0.98129 1.498 1.484 1.4195 2.0274
1280 16
3 8 3 2 8 5
5.9218 8.9983 8.9736 11.073 11.976 11.94
1.4726 1.0129 1.507 1.551 1.4858 2.0239
1281 16
3 8 3 2 8 5
5.9545 9.0044 8.9467 10.951 11.92 12.03
1.4377 0.90658 1.4186 1.3895 1.4537 1.9636
1282 16
4 8 1 2 3 8
4.1135 4.8778 6.0336 8.0423 9.0439 11.957
2.3915 1.9029 2.0518 1.5303 1.5317 1.4598
1283 16
4 8 1 2 3 8
3.992 4.9396 6.0732 7.9537 9.0488 11.958
2.4803 1.9868 1.9743 1.5005 1.5161 1.5242
1284 16
4 8 1 2 3 8
4.0437 4.988 6.0571 8.0234 9.0537 11.974
2.4738 2.0149 2.0876 1.5819 1.5234 1.5161
1285 16
4 8 1 2 3 8
3.989 5.0179 6.064 7.9738 8.9894 11.985
2.5296 2.1003 1.9928 1.4708 1.4528 1.4932
1286 16
5 4 3 8 3 5
2.9402 3.9522 6.0016 8.9921 8.9359 12.054
1.4443 2.7015 1.4743 0.98131 1.4783 1.9877
1287 16
5 4 3 8 3 5
3.0733 4.0013 6.0266 8.9305 9.0041 11.946
1.5273 2.5625 1.493 1.0015 1.4745 1.945
1288 16
5 4 3 8 3 5
3.0241 4.0591 5.9409 9.071 9.0793 11.997
1.466 2.4334 1.5457 0.99816 1.5223 2.0037
1289 16
5 4 3 8 3 5
2.9941 4.0113 5.9228 9.0623 9.0216 12.064
1.4679 2.6027 1.5628 0.96694 1.4125 2.0384
1290 16
7 5 2 6 8 8
2.0618 3.0025 4.0496 7.482 9.0584 12.049
1.965 1.4466 1.9482 1.5681 0.91182 1.373
1291 16
7 5 2 6 8 8
2.0321 2.965 3.9535 7.618 9.0451 12.079
1.9567 1.4916 1.9926 1.5623 0.96531 1.6598
1292 16
7 5 2 6 8 8
1.9445 2.9887 3.9984 7.4076 9.0226 11.973
2.0103 1.4778 2.0521 1.5765 0.99951 1.5441
1293 16
7 5 2 6 8 8
1.9191 2.9751 4.0162 7.51 9.0458 12.024
1.9135 1.5237 2.0345 1.5423 1.0452 1.4278
1294 16
3 4 8 7 5 2
2.0037 3.9649 5.1054 6.0687 8.0922 10.939
1.444 2.4598 1.908 1.5134 1.9868 1.4158
1295 16
3 4 8 7 5 2
1.9756 3.9904 5.0616 6.1205 7.929 10.965
1.4458 2.5253 2.0706 1.465 1.9274 1.5026
1296 16
3 4 8 7 5 2
1.9881 3.9828 4.9595 5.9818 7.9905 10.89
1.5503 2.6015 1.9957 1.5347 2.0258 1.5164
1297 16
3 7 5 8 7 8 2 5
2.0104 1.9725 2.9338 4.997 5.98 9.0279 11.057 11.934
1.5927 1.9679 1.3729 1.9349 1.4626 0.87939 1.6001 2.0576
1298 16
3 7 5 8 7 8 2 5
2.0567 2.1255 2.9756 5.0203 5.9809 8.9463 11.016 11.968
1.568 1.9428 1.3876 2.0302 1.4502 1.0129 1.544 1.9924
1299 16
3 7 5 8 7 8 2 5
1.938 1.9463 2.9767 4.9622 6.0009 9.1475 11.002 11.938
1.4814 1.9599 1.4474 2.0356 1.5123 1.0075 1.4816 2.0119
1300 16
7 2 3 6 5 8 2 8
1.994 4.0194 5.9918 7.4799 7.9574 8.9772 11.027 12
2.0612 2.0068 1.4808 1.4776 1.9765 0.99782 1.4788 1.5564
1301 16
7 2 3 6 5 8 2 8
1.942 4.0434 6.0987 7.4976 7.9808 9.007 10.997 11.981
2.0162 2.0665 1.5161 1.4793 2.0547 0.93525 1.5203 1.4904
1302 16
7 2 3 6 5 8 2 8
2.0071 4.0087 5.9236 7.5173 8.0036 9.0795 10.991 12.016
2.0108 2.07 1.5274 1.4034 1.8967 1.0396 1.4562 1.4868
