42
3739 16
5 3 2 4 4 5
0.53155 0.62606 0.99068 3.7101 8.2419 12.693
2.6312 2.8022 2.9483 2.2077 2.3756 1.9352
3740 16
6 8 4 4 3 8
2.8199 4.0987 6.9523 9.5536 9.9754 10.17
1.8799 1.3609 1.8892 1.0753 2.387 1.003
3741 16
6 3 3 8 7
0.0047243 0.37622 5.9365 8.0731 9.3922
2.0328 1.4853 1.1247 1.0203 2.1985
3742 16
8 6 6 1 8 6 6
1.0312 1.0828 4.664 5.8851 6.4551 9.6609 12.655
1.9899 1.5129 1.2214 2.6581 2.6538 2.8016 2.2927
3743 16
3 1 8 6 4 6 8
1.1524 1.5893 2.4871 2.6584 9.4506 12.956 13.537
1.7666 2.6073 2.8693 1.1866 1.6676 1.0334 2.4204
3744 16
1 4 3 7
1.9559 3.9857 6.0354 5.9726
1.4732 2.4572 1.5526 1.536
3745 16
1 4 3 7
1.9311 3.9702 6.0526 5.9548
1.5002 2.5135 1.5149 1.5411
3746 16
1 4 3 7
1.9699 3.9666 6.0508 6.0132
1.517 2.5632 1.4914 1.4566
3747 16
1 4 3 7
2.111 4.042 6.0203 6.0469
1.514 2.5373 1.5567 1.4884
3748 16
2 6 2 8
3.9747 7.5181 7.9397 8.9663
2.0362 1.5341 1.6745 1.084
3749 16
2 6 2 8
3.9668 7.4544 7.9108 9.035
2.0803 1.5208 1.4469 1.0752
3750 16
2 6 2 8
3.9632 7.5755 7.8757 9.0515
1.9909 1.4169 1.5386 1.0212
3751 16
2 6 2 8
3.9993 7.5188 7.9785 9.0769
1.9753 1.555 1.4878 0.95006
3752 16
3 8 3 2 8 5
1.9725 4.9402 6.0172 8.0079 8.9795 11.985
1.4937 1.9969 1.5632 1.4529 0.93976 1.9491
3753 16
3 8 3 2 8 5
2.0222 4.9991 5.976 7.9574 8.9988 11.95
1.5684 1.9197 1.5005 1.5248 1.0797 1.9914
3754 16
3 8 3 2 8 5
2.0104 4.9618 5.9748 8.0184 8.9804 11.985
1.4524 2.1153 1.5596 1.494 1.0543 1.9298
3755 16
3 8 3 2 8 5
2.0339 5.0189 5.9556 8.0763 9.0366 12.03
1.4722 2.0619 1.5101 1.604 1.0767 1.9774
3756 16
3 8 3 2 8 5
6.0599 8.9991 8.9913 10.953 12.008 11.933
1.5062 1.0185 1.4952 1.5083 1.5465 1.9224
3757 16
3 8 3 2 8 5
5.9462 8.9746 8.9811 10.993 11.97 11.979
1.5416 0.98088 1.5549 1.4864 1.4964 1.9255
3758 16
3 8 3 2 8 5
6.0501 9.0357 9.0417 10.981 12.013 12.034
1.5008 1.1391 1.4447 1.5397 1.564 1.9285
3759 16
3 8 3 2 8 5
5.9303 9.0809 9.0612 11.016 12.025 12.007
1.5015 1.1059 1.4324 1.4898 1.612 2.0592
3760 16
4 8 1 2 3 8
4.0141 4.9741 5.9534 7.9065 9.102 11.921
2.5669 2.0304 1.9803 1.5687 1.5658 1.6118
3761 16
4 8 1 2 3 8
3.9881 4.9244 6.098 7.9696 9.051 12.025
2.5385 2.0998 2.0135 1.4626 1.5042 1.5118
3762 16
4 8 1 2 3 8
4.026 5.0642 5.9066 7.9588 8.9764 11.963
2.5507 2.0462 1.9096 1.4777 1.4856 1.4939
3763 16
4 8 1 2 3 8
4.0256 5.0302 6.0498 7.9826 9.0419 11.997
2.4783 1.9624 1.9249 1.6041 1.4382 1.5434
3764 16
5 4 3 8 3 5
2.9728 4.0686 6.0567 8.9514 8.9814 12.11
1.4926 2.4893 1.5489 0.91128 1.5452 1.9783
3765 16
5 4 3 8 3 5
3.0402 3.9616 6.0614 9.0445 8.9954 11.931
1.5908 2.4715 1.4931 1.0646 1.4735 1.9609
3766 16
5 4 3 8 3 5
2.9677 4.0085 5.9987 8.9383 9.0088 12.02
1.5132 2.5744 1.5038 1.0257 1.6043 2.0506
3767 16
5 4 3 8 3 5
2.9848 4.0139 5.9969 9.0827 8.9376 12.04
1.5391 2.5463 1.5435 0.95861 1.4368 2.0198
3768 16
7 5 2 6 8 8
1.9349 2.9994 3.9461 7.4933 9.0893 11.965
2.0126 1.4663 1.9497 1.455 1.058 1.4054
3769 16
7 5 2 6 8 8
1.9801 2.9852 3.9976 7.4731 8.9908 11.899
1.8821 1.4972 2.0489 1.5139 1.0209 1.453
3770 16
7 5 2 6 8 8
1.9561 2.992 3.9419 7.4536 9.0074 11.877
2.0541 1.4504 1.9523 1.4824 1.0159 1.5324
3771 16
7 5 2 6 8 8
2.0062 2.9373 3.9955 7.516 9.0327 11.963
1.9512 1.5244 1.9329 1.5048 1.006 1.4407
3772 16
3 4 8 7 5 2
2.0448 4.068 4.9553 5.9658 8.0141 10.969
1.5186 2.4764 2.028 1.5989 2.0263 1.551
3773 16
3 4 8 7 5 2
1.9875 4.0331 5.0189 5.942 7.997 11.013
1.4938 2.4484 1.9598 1.4518 2.0188 1.5006
3774 16
3 4 8 7 5 2
2.002 3.9987 4.9804 5.9636 7.9981 11.066
1.4424 2.4675 1.9805 1.5404 2.0458 1.4658
3775 16
3 7 5 8 7 8 2 5
2.0027 1.8554 2.9975 5.0751 6.0461 9.0081 11.017 11.954
1.4845 2.003 1.5047 1.9382 1.5072 1.0583 1.432 1.9225
3776 16
3 7 5 8 7 8 2 5
1.9795 2.0303 2.981 5.0456 5.9306 9.0496 10.966 11.972
1.4292 2.1195 1.4785 1.9841 1.4534 0.98488 1.4989 1.9831
3777 16
3 7 5 8 7 8 2 5
2.0384 1.9858 2.9788 5.0664 6.042 8.9753 10.994 11.95
1.5772 1.9562 1.4993 1.9587 1.5055 1.0235 1.4479 1.915
3778 16
7 2 3 6 5 8 2 8
2.0537 4.0792 6.1297 7.5297 7.8841 9.0071 10.972 12.06
1.9982 2.037 1.5018 1.4745 2.0546 0.99375 1.425 1.553
3779 16
7 2 3 6 5 8 2 8
1.9651 4.0111 6.0705 7.5003 8.0358 8.9671 11.015 12.096
1.9941 2.0954 1.512 1.4772 1.9288 0.96793 1.499 1.5292
3780 16
7 2 3 6 5 8 2 8
1.9992 4.0595 6.006 7.4803 7.9797 9.0008 11.01 12.027
2.0277 1.9575 1.5843 1.3895 1.9868 0.98105 1.525 1.5244
