42
5587 16
3 1 8 7 8
1.5585 2.0102 4.3006 6.7759 14.133
2.1834 2.8647 2.1524 2.1295 1.7913
5588 16
7 8 7 7
1.2304 1.2819 4.5153 7.0176
1.6056 2.1851 2.3396 2.3292
5589 16
1 4 7 7
7.0227 9.6081 10.737 13.745
2.8889 1.8611 2.9561 2.2315
5590 16
7 5 7 6 8 7 4 2
2.0543 3.2857 5.0581 6.755 9.5453 11.563 12.172 13.778
1.8449 1.8472 1.8467 2.0092 2.0656 1.4724 2.767 1.9609
5591 16
7 3 7 7 1
4.4125 5.1485 7.074 11.059 12.128
1.5072 1.3932 1.97 2.8408 2.5661
5592 16
1 4 3 7
1.9474 3.9775 6.0392 6.0182
1.5417 2.5052 1.5189 1.5064
5593 16
1 4 3 7
2.0294 4.0031 5.9322 6.0705
1.4225 2.4651 1.5915 1.4157
5594 16
1 4 3 7
1.9319 4.0078 5.9991 5.9763
1.5258 2.4915 1.4558 1.5386
5595 16
1 4 3 7
2.0611 4.0507 6.1189 5.9711
1.4355 2.5137 1.555 1.5072
5596 16
2 6 2 8
4.0237 7.4779 8.0365 8.9607
1.9833 1.526 1.5049 1.0571
5597 16
2 6 2 8
4.106 7.5839 7.9534 8.9702
1.9726 1.5056 1.5256 1.0014
5598 16
2 6 2 8
3.9226 7.4566 7.9747 8.9355
2.0234 1.5133 1.5353 0.93683
5599 16
2 6 2 8
4.0822 7.504 7.9967 8.9811
1.9718 1.4597 1.5724 0.97001
5600 16
3 8 3 2 8 5
1.9375 5.0271 5.9922 8.0453 8.9708 11.977
1.5315 1.9809 1.4761 1.4771 1.0029 2.0233
5601 16
3 8 3 2 8 5
2.0548 5.0227 5.9838 7.9543 9.0347 12.052
1.5468 1.9538 1.4637 1.5796 0.89143 2.0634
5602 16
3 8 3 2 8 5
1.9899 5.0407 6.0372 7.9854 9.0311 11.997
1.4408 2.0185 1.5353 1.5165 0.96367 2.0972
5603 16
3 8 3 2 8 5
2.0134 4.9882 5.9881 7.9755 9.0368 11.951
1.6042 1.9716 1.4693 1.5586 1.0491 2.0171
5604 16
3 8 3 2 8 5
6.0166 8.9924 8.9217 10.979 12.038 11.992
1.435 0.95535 1.4875 1.5277 1.4008 2.0026
5605 16
3 8 3 2 8 5
6.0136 9.0538 9.0782 10.888 12.01 12.06
1.5317 1.0532 1.5561 1.47 1.5548 1.9577
5606 16
3 8 3 2 8 5
6.0235 8.9596 9.0175 11.011 12.068 11.922
1.4987 0.97703 1.5067 1.5301 1.5304 1.9398
5607 16
3 8 3 2 8 5
6.0489 8.97 9.0164 10.98 12.021 12.062
1.507 0.9485 1.4745 1.5453 1.5186 1.9512
5608 16
4 8 1 2 3 8
4.0708 5.0271 5.9967 7.9416 8.9715 12.083
2.4828 1.9713 1.9464 1.5876 1.4919 1.5156
5609 16
4 8 1 2 3 8
4.0982 5.0463 5.9931 7.9981 9.074 11.927
2.4779 2.0263 2.0852 1.541 1.5001 1.5927
5610 16
4 8 1 2 3 8
4.0601 5.0819 5.9504 7.9273 8.9433 11.998
2.4534 2.0191 2.0342 1.5252 1.4602 1.6397
5611 16
4 8 1 2 3 8
4.0239 5.0415 5.9898 7.9644 9.0063 11.978
2.5428 1.96 2.0409 1.4896 1.5451 1.4606
5612 16
5 4 3 8 3 5
3.0013 4.0391 6.0745 9.054 9.0853 11.934
1.5402 2.5114 1.5157 1.0011 1.5737 2.0501
5613 16
5 4 3 8 3 5
3.0097 4.016 5.927 9.0416 8.9342 12.095
1.5058 2.4905 1.551 0.96793 1.4344 1.9668
5614 16
5 4 3 8 3 5
3.0139 4.0091 6.033 9.0481 8.966 12.029
1.5139 2.486 1.5088 0.97438 1.4102 1.9357
5615 16
5 4 3 8 3 5
3.0589 3.989 6.0281 9.0532 9.0194 11.966
1.5203 2.5745 1.5906 0.96577 1.4405 1.9446
5616 16
7 5 2 6 8 8
1.9856 3.0764 4.0056 7.5314 8.9999 11.96
2.0173 1.5758 2.0309 1.4702 0.98523 1.3766
5617 16
7 5 2 6 8 8
1.9414 2.9563 3.9636 7.4978 9.0584 12.052
1.9277 1.5637 2.0024 1.4421 1.0717 1.4817
5618 16
7 5 2 6 8 8
1.9873 3.0295 4.0005 7.5625 8.9402 12.092
2.0069 1.4511 2.0643 1.4819 0.94638 1.4712
5619 16
7 5 2 6 8 8
2.0855 2.9814 3.9308 7.4654 9.0185 11.955
2.0231 1.5265 1.9699 1.5158 0.8641 1.4987
5620 16
3 4 8 7 5 2
2.017 4.0217 4.996 5.9802 8.051 11.045
1.4905 2.3805 1.947 1.4897 1.9604 1.5612
5621 16
3 4 8 7 5 2
2.0141 3.8868 4.911 6.0306 7.9091 11
1.4845 2.5193 2.075 1.5758 2.0442 1.4891
5622 16
3 4 8 7 5 2
2.0318 3.9662 5.0111 5.9646 8.078 10.845
1.4122 2.5064 1.9892 1.4796 2.0734 1.5134
5623 16
3 7 5 8 7 8 2 5
2.0227 2.0431 3.0522 4.9164 5.9869 9.0085 11.025 11.999
1.4902 1.9418 1.5123 2.0005 1.5536 0.95877 1.5846 2.0845
5624 16
3 7 5 8 7 8 2 5
1.9758 1.96 2.9791 5.1068 6.0092 8.9706 11.01 12.014
1.5363 1.9509 1.5783 1.9699 1.519 1.0216 1.6632 2.034
5625 16
3 7 5 8 7 8 2 5
1.929 2.0042 3.0221 4.9755 6.0432 9.0554 11.077 12.027
1.4609 1.9911 1.4867 2.038 1.4574 1.0316 1.5012 2.0528
5626 16
7 2 3 6 5 8 2 8
2.0124 4.0746 5.94 7.4442 7.9856 8.9656 10.963 11.941
2.0146 1.8811 1.5673 1.4879 2.0812 1.1376 1.4929 1.4543
5627 16
7 2 3 6 5 8 2 8
1.9708 4.0428 5.9454 7.4844 8.0778 8.9442 11.047 11.977
1.9629 1.8971 1.3758 1.4538 2.0215 0.96237 1.4781 1.4823
5628 16
7 2 3 6 5 8 2 8
1.9248 3.9767 6.002 7.5129 8.0495 8.9311 10.98 11.947
2.0497 1.9487 1.5206 1.5386 2.0134 0.9057 1.6108 1.5396
