42
1723 16
1 5 6 2 3 7 3
5.1731 7.5055 7.855 8.2346 8.3514 9.6237 12.889
2.2749 1.2839 2.9007 1.0436 1.7279 2.7975 1.402
1724 16
5 1 3 4 2 7 1
0.63641 1.3597 2.7908 4.7353 4.8362 6.807 8.0712
1.9958 2.7264 2.9548 1.7405 1.2493 2.9856 1.8444
1725 16
1 3 4 2
0.39917 7.3589 7.877 13.763
1.6045 1.9088 1.3465 1.5719
1726 16
1 4 6 5 8 7
0.48769 1.6265 2.2286 3.9758 5.4091 7.2211
1.5274 1.5737 2.9527 2.4916 1.6297 2.2892
1727 16
7 1 1 5 8 3
0.24391 2.3086 5.8154 9.0898 10.794 11.559
2.1882 1.2656 1.3699 1.9543 2.8953 2.1839
1728 16
1 4 3 7
2.015 4.0535 6.0342 6.0024
1.5234 2.4885 1.5799 1.4478
1729 16
1 4 3 7
2.0335 3.9598 5.9099 5.9479
1.4637 2.5164 1.4652 1.4458
1730 16
1 4 3 7
2.0267 3.872 5.9642 5.9015
1.5474 2.472 1.4997 1.4401
1731 16
1 4 3 7
1.9641 4.0063 6.0295 6.0244
1.5708 2.4892 1.5266 1.5682
1732 16
2 6 2 8
4.0153 7.5206 7.9906 9.0023
1.9544 1.5089 1.4933 0.9899
1733 16
2 6 2 8
4.0458 7.5345 7.9186 8.9973
2.0232 1.59 1.389 0.94851
1734 16
2 6 2 8
3.9908 7.4646 8.0278 8.9839
1.9571 1.5872 1.4427 0.98775
1735 16
2 6 2 8
3.9746 7.5207 8.0186 9.0093
1.9746 1.5076 1.5541 1.011
1736 16
3 8 3 2 8 5
1.8775 5.0118 6.0056 8.023 9.0957 12.018
1.5269 2.0125 1.4542 1.5548 1.0746 2.0243
1737 16
3 8 3 2 8 5
1.9427 5.0046 5.9948 7.9545 9.0384 12.047
1.5738 1.9994 1.4847 1.4015 0.97296 1.9034
1738 16
3 8 3 2 8 5
2.0728 5.0103 6.0176 7.9994 9.0058 12.049
1.3998 2.0636 1.5391 1.4076 0.97692 1.9601
1739 16
3 8 3 2 8 5
1.9856 5.0478 5.9466 8.0186 8.9958 12.022
1.4808 1.9699 1.506 1.4896 0.98381 2.0188
1740 16
3 8 3 2 8 5
6.0055 8.8993 9.0338 11.069 12.026 11.979
1.4663 1.0285 1.4766 1.4734 1.5616 2.0339
1741 16
3 8 3 2 8 5
5.9213 8.9796 9.0303 10.89 12.048 11.958
1.6204 0.97321 1.4549 1.5381 1.5632 1.927
1742 16
3 8 3 2 8 5
5.9931 9.0193 8.9999 10.985 11.948 12.049
1.5102 0.98979 1.5998 1.537 1.4926 2.0395
1743 16
3 8 3 2 8 5
5.9983 9.0094 9.0268 10.956 12.068 11.968
1.5462 0.9262 1.5126 1.4474 1.4112 2.1287
1744 16
4 8 1 2 3 8
4.0396 5.0135 6.0316 8.012 9.0048 12.076
2.4975 2.0422 1.9695 1.5062 1.529 1.4854
1745 16
4 8 1 2 3 8
3.9431 4.9228 6.0843 7.9789 9.011 11.925
2.4665 1.9534 1.9388 1.4451 1.5893 1.678
1746 16
4 8 1 2 3 8
3.9963 4.9566 6.033 7.9033 9.0083 11.929
2.5718 2.0795 2.0355 1.5011 1.5323 1.4042
1747 16
4 8 1 2 3 8
4.0421 5.064 6.0029 8.0191 8.9695 11.966
2.428 2.0704 2.0198 1.4971 1.4999 1.4351
1748 16
5 4 3 8 3 5
2.9389 3.8813 5.8894 8.9609 8.9533 11.944
1.4427 2.5067 1.5874 0.95361 1.6013 2.0483
1749 16
5 4 3 8 3 5
3.0512 4.0573 6.0956 9.0358 8.9575 12.036
1.5494 2.3916 1.4916 0.98941 1.5093 2.0145
1750 16
5 4 3 8 3 5
2.9833 4.03 6.0342 9.0175 9.0196 11.983
1.5206 2.4895 1.5284 1.0531 1.5431 1.9374
1751 16
5 4 3 8 3 5
3.0141 4.0828 6.012 9.0219 9.0555 11.994
1.4807 2.4703 1.6807 1.012 1.4623 2.1041
1752 16
7 5 2 6 8 8
2.066 2.9514 4.0854 7.4969 9.0231 12.027
1.9834 1.5032 2.0425 1.5324 0.93692 1.5971
1753 16
7 5 2 6 8 8
1.9801 3.0281 4.0501 7.5584 8.9325 12.033
2.0302 1.4168 2.0349 1.5453 1.0041 1.5256
1754 16
7 5 2 6 8 8
2.0565 3.01 3.9448 7.5128 8.9948 12.007
1.9871 1.4914 2.0069 1.5673 1.0718 1.568
1755 16
7 5 2 6 8 8
1.9256 2.9978 4.0158 7.4593 8.9009 11.944
2.0148 1.4691 1.9828 1.5927 0.96089 1.4414
1756 16
3 4 8 7 5 2
2.062 4.0582 5.0009 6.0123 8.0367 10.922
1.5772 2.5042 2.0559 1.4983 1.9568 1.556
1757 16
3 4 8 7 5 2
1.9614 3.9693 4.8705 5.9833 8.1013 11.013
1.5537 2.4741 1.9314 1.4977 2.0234 1.4686
1758 16
3 4 8 7 5 2
1.9942 4.023 5.064 6.0073 7.9761 10.944
1.5563 2.5017 2.0552 1.4306 2.0337 1.5108
1759 16
3 7 5 8 7 8 2 5
2.0011 1.9567 3.0709 5.0787 6.0243 8.991 10.979 12.057
1.5141 2.0355 1.5722 2.0027 1.4388 1.001 1.342 1.9676
1760 16
3 7 5 8 7 8 2 5
2.0435 1.9398 3.1014 5.0481 5.9266 9.103 10.977 12.049
1.4737 1.9658 1.4788 1.9362 1.4754 1.0248 1.4971 2.0423
1761 16
3 7 5 8 7 8 2 5
1.9684 2.0212 3.0429 4.9629 5.9464 9.0486 10.993 11.992
1.5407 2.0137 1.4799 1.884 1.4063 0.95135 1.5008 2.0427
1762 16
7 2 3 6 5 8 2 8
1.898 4.0316 6.0604 7.484 7.9234 9.0507 11.063 11.958
2.055 2.0169 1.4723 1.4986 2.1065 0.94737 1.4568 1.485
1763 16
7 2 3 6 5 8 2 8
1.9996 4.0459 5.9277 7.4882 7.9898 9.0266 10.916 12.028
1.95 1.9352 1.5013 1.4541 2.0126 0.94637 1.4772 1.4948
1764 16
7 2 3 6 5 8 2 8
2.1105 3.9421 6.0268 7.4484 7.9997 9.0656 11.04 12.001
1.9512 2.0161 1.4632 1.4658 1.9635 0.9928 1.494 1.4355
