42
2815 16
6 4 2 3 6 5 7 1
1.4011 6.8012 8.9308 10.231 10.251 11.291 12.625 13.206
1.4269 2.1984 2.4481 2.1236 2.9253 2.8139 1.675 2.194
2816 16
4 3 6 5 8 3 8
2.3992 2.8258 3.3673 4.7066 5.3549 8.0416 14.283
2.3868 2.3357 1.9313 2.359 1.3866 2.1432 1.7048
2817 16
2 8 6 3 2 2
3.4691 3.9197 6.4546 7.3205 9.8288 11.698
1.7885 2.3329 1.5047 1.2377 1.1119 1.2491
2818 16
7 3 5 4 3 7
0.26854 2.5953 3.2332 7.2757 8.1243 8.7738
2.9977 2.9202 2.4848 2.5641 1.2774 2.1491
2819 16
7 3 2 7 3 6 4
0.57642 1.8902 4.7276 5.0814 6.5798 9.8782 10.896
1.1499 2.5628 1.0234 1.8627 2.1247 1.0234 1.258
2820 16
1 4 3 7
2.039 4.0876 5.9975 6.0331
1.493 2.5879 1.5192 1.4701
2821 16
1 4 3 7
2.0433 3.9332 6.0103 6.0733
1.3894 2.4632 1.5249 1.4506
2822 16
1 4 3 7
1.947 4.0097 5.9822 5.9398
1.4494 2.5794 1.5145 1.4606
2823 16
1 4 3 7
2.0127 4.0047 5.9512 5.9345
1.415 2.5152 1.5544 1.488
2824 16
2 6 2 8
4.0009 7.5207 7.9493 8.926
2.0357 1.4836 1.4727 1.0177
2825 16
2 6 2 8
4.061 7.5285 7.9317 8.9583
1.8449 1.5149 1.5379 1.0653
2826 16
2 6 2 8
4.0439 7.5999 7.9319 8.9282
1.9807 1.5417 1.5168 1.0536
2827 16
2 6 2 8
3.9187 7.5243 8.0391 8.9687
1.9616 1.4636 1.4956 0.89909
2828 16
3 8 3 2 8 5
2.0544 5.0388 6.0222 7.9163 9.0229 11.919
1.4195 2.0256 1.4901 1.5162 1.041 2.0145
2829 16
3 8 3 2 8 5
1.9188 5.004 6.0231 7.9862 9.0338 12.007
1.5351 1.9836 1.5533 1.5553 0.99496 2.0003
2830 16
3 8 3 2 8 5
2.074 5.0344 6.0437 8.0451 8.9668 12.019
1.511 2.0913 1.5316 1.4475 0.96177 1.9545
2831 16
3 8 3 2 8 5
1.9851 5.0205 6.0511 8.0323 9.0252 12.033
1.5374 2.0558 1.5552 1.4951 0.94433 1.9372
2832 16
3 8 3 2 8 5
5.9375 8.9929 8.967 10.929 11.884 12.043
1.5607 1.1196 1.4213 1.5467 1.453 1.9652
2833 16
3 8 3 2 8 5
6.0234 9.0249 9.0013 11.034 12.061 11.936
1.5152 0.86423 1.443 1.527 1.5474 2.0065
2834 16
3 8 3 2 8 5
5.949 9.0195 8.9344 10.99 11.971 11.939
1.5084 0.98876 1.4384 1.3782 1.5188 2.0833
2835 16
3 8 3 2 8 5
5.9534 8.9717 8.9368 11.009 11.929 12.039
1.5037 1.0581 1.5204 1.4414 1.4717 2.1344
2836 16
4 8 1 2 3 8
3.9217 4.9403 5.9402 7.9608 8.9817 11.937
2.5927 1.9701 1.9362 1.5102 1.5207 1.4122
2837 16
4 8 1 2 3 8
3.9382 4.9222 5.9521 7.9985 8.9905 12.034
2.4627 1.972 1.9316 1.5984 1.5254 1.4723
2838 16
4 8 1 2 3 8
4.0285 5.0052 6.08 8 8.9497 12.054
2.4905 2.0446 2.0151 1.4699 1.4431 1.4603
2839 16
4 8 1 2 3 8
3.9257 4.9262 5.9756 7.9602 9.013 11.997
2.4174 1.9178 2.0007 1.476 1.509 1.5528
2840 16
5 4 3 8 3 5
3.0505 4.0257 5.9256 8.9674 9.0565 11.963
1.5138 2.518 1.5603 1.047 1.5714 2.0536
2841 16
5 4 3 8 3 5
3.0348 3.956 5.9411 9.0652 9.0381 12.028
1.4556 2.5267 1.4297 0.90784 1.513 2.0476
2842 16
5 4 3 8 3 5
2.955 4.0123 6.0501 9.0942 9.0009 11.957
1.6209 2.5545 1.5837 1.0204 1.5416 1.8928
2843 16
5 4 3 8 3 5
2.9806 4.0316 6.0136 8.9585 9.0778 12.025
1.549 2.5831 1.4494 0.97316 1.5432 1.9832
2844 16
7 5 2 6 8 8
2.0233 2.9471 3.9184 7.4997 8.9579 12.092
1.9938 1.427 1.9823 1.5576 1.0339 1.4672
2845 16
7 5 2 6 8 8
1.9175 2.9565 3.923 7.5391 8.9603 11.926
2.084 1.4648 2.108 1.483 1.0307 1.6032
2846 16
7 5 2 6 8 8
1.9456 3.0315 3.9474 7.4625 8.9587 12.026
1.9691 1.4503 2.0429 1.4604 0.97051 1.5025
2847 16
7 5 2 6 8 8
2.0574 2.9456 4.0206 7.5316 8.9367 11.982
1.9939 1.4617 2.0135 1.5191 0.98112 1.4584
2848 16
3 4 8 7 5 2
1.982 4.0181 4.9626 5.9351 8.0451 10.991
1.5009 2.5411 2.0644 1.556 1.9802 1.545
2849 16
3 4 8 7 5 2
2.0699 4.0541 4.9972 6.0171 8.032 10.992
1.4809 2.5453 1.8809 1.4294 2.0427 1.536
2850 16
3 4 8 7 5 2
1.9002 4.0222 4.9449 6.0447 8.0844 10.939
1.4437 2.5034 1.9458 1.4213 2.0245 1.5082
2851 16
3 7 5 8 7 8 2 5
1.9796 1.999 3.0429 5.0451 5.9577 8.9903 11.036 12.088
1.4694 2.0825 1.5685 2.0105 1.5225 0.99965 1.4828 2.0443
2852 16
3 7 5 8 7 8 2 5
2.0452 2.017 2.875 5.0527 6.0063 8.9939 11.035 12.001
1.5209 2.0046 1.4562 2.0046 1.4371 1.0435 1.4977 1.9721
2853 16
3 7 5 8 7 8 2 5
2.0125 1.9954 2.9967 5.0044 5.9149 9.0397 11.015 12.049
1.5519 2.0406 1.4929 1.9805 1.5471 0.90111 1.4528 1.9844
2854 16
7 2 3 6 5 8 2 8
1.9963 4.0073 6.0547 7.5084 7.9464 9.0639 10.997 11.979
2.121 1.9201 1.5462 1.5347 1.9511 0.88795 1.5581 1.5607
2855 16
7 2 3 6 5 8 2 8
1.9966 3.9388 6.0309 7.5523 8.0077 8.9411 11.029 11.985
1.9571 2.0846 1.5313 1.5125 1.9955 0.92909 1.5337 1.5108
2856 16
7 2 3 6 5 8 2 8
1.9264 3.9913 5.8988 7.5171 8.0409 8.983 10.991 11.934
1.9685 1.9467 1.55 1.5267 1.9522 1.0323 1.5373 1.5605
