41
9017 16
8 5 3 7
1.6699 1.7391 5.4466 13.575
2.183 1.3057 2.0666 1.3585
9018 16
1 6 5 3 5 6
2.6076 5.574 8.0803 10.566 12.076 12.903
2.3766 2.6816 1.9049 1.8038 2.523 2.3139
9019 16
1 2 8 7 4 2 8
0.13661 1.3768 2.3546 9.0628 10.015 12.531 13.418
1.088 1.1957 2.7853 2.0223 2.0455 2.8579 1.2453
9020 16
5 2 6 4 7 2 3 4
4.6546 7.4559 7.866 9.3479 9.5797 10.142 11.316 13.135
1.837 1.7863 2.5972 1.2909 2.971 2.9223 2.1291 1.0454
9021 16
1 8 4 1 8 4 3
2.5547 2.9918 6.6898 11.22 12.846 12.929 13.309
1.6043 2.5249 1.1273 1.9927 1.0879 2.4189 2.3978
9022 16
1 4 3 7
1.9987 4.0254 6.0058 6.0718
1.4893 2.4133 1.5059 1.4612
9023 16
1 4 3 7
2.0177 4.0932 6.0057 6.0411
1.4471 2.5469 1.4748 1.5511
9024 16
1 4 3 7
1.9821 4.0646 6.043 5.9199
1.4506 2.5615 1.4239 1.5496
9025 16
1 4 3 7
1.9622 3.8517 5.9335 5.9628
1.4698 2.446 1.5454 1.4666
9026 16
2 6 2 8
4.0099 7.5188 8.1011 8.9995
2.0191 1.5337 1.5266 1.0568
9027 16
2 6 2 8
3.9996 7.4052 7.9816 8.9946
2.0631 1.507 1.4823 1.0428
9028 16
2 6 2 8
3.9942 7.502 8.0581 8.9313
2.0518 1.4777 1.5516 1.0113
9029 16
2 6 2 8
4.0411 7.4839 7.8893 8.938
1.9788 1.493 1.5424 0.98013
9030 16
3 8 3 2 8 5
2.0732 4.905 6.0927 7.9833 9.0781 12
1.5671 1.9929 1.5131 1.462 0.95006 2.009
9031 16
3 8 3 2 8 5
1.9821 5.0311 5.9291 7.9702 8.975 12.011
1.5055 2.0311 1.544 1.4674 0.98118 1.9824
9032 16
3 8 3 2 8 5
1.908 4.8772 5.9851 7.9426 8.9819 12.028
1.5165 1.9668 1.5426 1.4211 1.1143 2.0492
9033 16
3 8 3 2 8 5
1.9722 5.0404 6.0362 8.0405 9.075 12.037
1.5131 1.9946 1.5145 1.5205 0.99804 2.0298
9034 16
3 8 3 2 8 5
5.9294 8.9805 8.9359 11.019 11.965 12.05
1.4404 1.0614 1.5493 1.5048 1.4171 2.0753
9035 16
3 8 3 2 8 5
5.9955 8.9457 9.0264 10.938 12.027 12.05
1.5322 0.97717 1.4648 1.4665 1.5569 1.9943
9036 16
3 8 3 2 8 5
6.0302 8.9915 8.8942 11.037 12.026 12.048
1.5128 1.0393 1.537 1.5472 1.4324 1.909
9037 16
3 8 3 2 8 5
5.9388 8.9937 9.0058 11.028 11.996 12.072
1.4598 1.028 1.5502 1.487 1.5399 2.1029
9038 16
4 8 1 2 3 8
3.9338 4.9685 6.0535 8.0665 8.9823 12.054
2.5671 2.0123 1.9666 1.4286 1.4615 1.5358
9039 16
4 8 1 2 3 8
4.0181 4.9838 6.0542 8.012 8.9711 11.931
2.5343 2.0903 1.9962 1.4862 1.427 1.4947
9040 16
4 8 1 2 3 8
4.0191 4.9197 6.1137 8.0189 8.9234 12.068
2.4481 2.048 1.9247 1.4923 1.5176 1.4831
9041 16
4 8 1 2 3 8
4.0259 4.9295 5.9987 7.9121 9.0326 12.026
2.4764 1.9784 1.9941 1.5037 1.5076 1.457
9042 16
5 4 3 8 3 5
3.0301 3.9739 6.0077 8.9851 8.8943 12.041
1.4561 2.5692 1.5652 0.94499 1.4614 2.0353
9043 16
5 4 3 8 3 5
2.9783 3.9667 6.0066 8.9831 9.0337 11.953
1.413 2.5703 1.5102 1.0412 1.5536 1.9474
9044 16
5 4 3 8 3 5
2.9694 4.0103 5.9912 8.9595 9.0662 11.997
1.5344 2.5563 1.5649 1.0278 1.4594 2.1032
9045 16
5 4 3 8 3 5
3.1156 4.0219 6.0636 9.0347 9.0867 11.976
1.4119 2.5411 1.5522 0.93868 1.5139 2.0415
9046 16
7 5 2 6 8 8
1.9711 3.0117 3.9809 7.4972 9.0411 12.028
2.0516 1.5501 2.1376 1.5269 1.034 1.521
9047 16
7 5 2 6 8 8
1.8548 3.0994 3.973 7.4501 8.9287 11.982
2.0328 1.419 2.001 1.5085 0.96553 1.5402
9048 16
7 5 2 6 8 8
2.0557 3.0455 4.05 7.4443 9.0705 12.005
1.9524 1.5318 1.9413 1.5263 1.0876 1.4718
9049 16
3 4 8 7 5 2
2.0822 3.9509 5.0373 6.0256 8.037 11.128
1.4026 2.4293 2.0292 1.5287 2.0245 1.5411
9050 16
3 4 8 7 5 2
2.0387 3.979 4.9904 5.9804 8.0034 11.011
1.5196 2.5121 2.0302 1.4431 2.0517 1.4755
9051 16
3 4 8 7 5 2
2.0152 3.9221 5.0536 5.9668 7.9278 11.002
1.4963 2.441 1.9898 1.5351 1.9996 1.54
9052 16
3 7 5 8 7 8 2 5
1.9764 2.116 3.0429 5.0298 5.9579 8.8973 11.062 12.052
1.4352 2.0121 1.4831 1.9997 1.5105 0.99673 1.4791 2.0057
9053 16
3 7 5 8 7 8 2 5
2.0599 1.9627 2.9872 5.002 6.0483 9.0274 11.032 11.967
1.4873 1.9246 1.4174 2.0401 1.5108 1.0301 1.4205 2.1227
9054 16
3 7 5 8 7 8 2 5
2.0053 1.985 3.0432 4.9632 5.9806 9.0325 11.026 12.029
1.545 2.025 1.5457 1.8999 1.43 1.0621 1.5298 2.0077
9055 16
7 2 3 6 5 8 2 8
1.9569 3.9748 5.9146 7.5254 7.9804 9.0154 11.017 11.937
1.9963 1.9475 1.4946 1.5734 2.0328 1.0068 1.4175 1.4213
9056 16
7 2 3 6 5 8 2 8
2.0283 4.0413 6.0657 7.4343 7.9243 8.9934 10.97 12.031
1.9166 2.0825 1.5162 1.5736 2.0018 1.0078 1.424 1.4602
9057 16
7 2 3 6 5 8 2 8
2.0034 4.0174 6.0054 7.4016 7.9388 9.025 11.064 11.995
2.0951 2.0234 1.6101 1.4416 1.9764 0.98724 1.4503 1.5562
