41
8443 16
5 8 1 6 8 2
1.1177 4.9474 5.3586 5.4606 6.063 6.8486
2.4335 1.0865 2.0248 2.7799 1.4987 1.1914
8444 16
3 7 6 4 3 1 8
0.81201 0.83784 1.662 2.5788 3.5129 7.5784 8.8765
1.762 2.1505 2.22 1.3591 1.3687 2.8642 1.3678
8445 16
6 4 4 5 2
4.2705 4.4185 8.9666 9.3562 11.146
1.1097 1.8439 2.4118 1.2696 1.6946
8446 16
4 1 4 2
0.96203 8.4739 10.599 12.52
2.2107 2.846 1.979 1.0097
8447 16
4 6 4 7
0.072826 0.65178 10.038 11.73
2.5318 2.2854 1.9106 2.4685
8448 16
1 4 3 7
2.0527 4.0122 6.048 5.9843
1.5503 2.5379 1.6091 1.4932
8449 16
1 4 3 7
2.0265 4.0188 6.0559 5.9325
1.4601 2.5107 1.5092 1.5762
8450 16
1 4 3 7
1.9691 4.0522 5.9875 5.9461
1.479 2.5158 1.4879 1.5574
8451 16
1 4 3 7
1.9922 4.0064 5.9458 5.9465
1.5074 2.6011 1.5036 1.481
8452 16
2 6 2 8
3.9191 7.5492 8.0051 8.935
1.9684 1.5672 1.4685 0.9871
8453 16
2 6 2 8
4.0963 7.4614 7.9173 9.0135
1.9759 1.5054 1.5363 1.0584
8454 16
2 6 2 8
3.9621 7.5767 8.0636 8.9811
1.9725 1.5421 1.5101 1.0405
8455 16
2 6 2 8
4.0309 7.5277 7.9615 8.9747
1.9969 1.4762 1.5436 0.96702
8456 16
3 8 3 2 8 5
1.9674 4.9948 6.094 7.9812 8.9134 11.979
1.4857 2.0692 1.5458 1.4878 0.9914 2.0186
8457 16
3 8 3 2 8 5
2.0583 4.9883 5.9781 8.0568 8.9954 12.077
1.5348 1.9144 1.4465 1.5359 0.94866 2.0236
8458 16
3 8 3 2 8 5
1.9761 4.9992 5.9383 8.0697 8.9902 11.929
1.5084 2.0485 1.6623 1.5201 0.9644 2.0709
8459 16
3 8 3 2 8 5
1.9844 4.9745 5.9673 8.0655 8.9877 12.03
1.4977 1.9627 1.4902 1.4867 0.99884 1.9568
8460 16
3 8 3 2 8 5
5.9051 8.9466 9.0032 11.034 11.91 11.937
1.5083 1.0258 1.4677 1.5584 1.532 2.019
8461 16
3 8 3 2 8 5
5.9882 9.0332 8.9872 10.928 11.951 11.922
1.5451 1.0218 1.488 1.4969 1.3653 2.044
8462 16
3 8 3 2 8 5
5.9554 8.9758 9.0242 11.004 11.93 11.934
1.514 1.0422 1.4588 1.529 1.5167 2.0009
8463 16
3 8 3 2 8 5
6.0094 9.0191 9.0243 11.013 11.997 12.015
1.4221 1.0234 1.5131 1.5195 1.4693 2.0773
8464 16
4 8 1 2 3 8
4.0274 4.9631 5.986 7.9753 8.9411 11.975
2.4675 1.9673 2.0144 1.4824 1.4485 1.5339
8465 16
4 8 1 2 3 8
4.0323 5.0787 5.9629 8.0733 8.9664 12.151
2.4599 2.0695 2.0102 1.5263 1.5059 1.4686
8466 16
4 8 1 2 3 8
4.0444 4.9351 5.9291 8.0525 8.9447 11.922
2.4541 1.9898 2.0281 1.4929 1.5079 1.5386
8467 16
4 8 1 2 3 8
3.9587 5.0439 5.9663 7.9552 8.96 11.938
2.39 2.0286 1.9838 1.4355 1.4499 1.4679
8468 16
5 4 3 8 3 5
2.9738 3.9741 6.0387 8.9957 9.0216 11.992
1.5078 2.5025 1.4047 0.99735 1.438 2.0507
8469 16
5 4 3 8 3 5
2.9625 3.9849 6.0043 8.9892 8.9928 12.063
1.4775 2.4794 1.4901 0.9903 1.4218 2.0038
8470 16
5 4 3 8 3 5
3.0803 3.9813 6.019 9.0022 8.9478 12.073
1.5165 2.601 1.4727 1.0134 1.5429 2.0116
8471 16
5 4 3 8 3 5
3.0769 3.923 6.0707 8.9607 9.0171 11.902
1.4737 2.5061 1.4016 0.94809 1.5331 2.0035
8472 16
7 5 2 6 8 8
1.9666 3.0547 4.0054 7.4985 9.0068 12.007
1.9818 1.5211 1.9717 1.3948 1.0617 1.4961
8473 16
7 5 2 6 8 8
2.0069 2.979 4.0187 7.3765 9.0436 11.935
2.0462 1.468 2.0857 1.5122 1.0174 1.5582
8474 16
7 5 2 6 8 8
2.0022 3.0243 3.9322 7.548 9.0708 11.928
2.0833 1.5136 2.0035 1.4991 1.064 1.5665
8475 16
3 4 8 7 5 2
1.9521 3.9958 5.0438 5.9541 7.948 10.931
1.4388 2.5862 1.9853 1.4245 1.8853 1.4629
8476 16
3 4 8 7 5 2
1.9053 4.0031 5.0078 6.0001 8.0893 10.952
1.6116 2.4743 1.9446 1.5372 1.8891 1.5221
8477 16
3 4 8 7 5 2
1.9934 4.0637 4.9662 6.0408 7.9616 10.951
1.5785 2.5483 1.9952 1.5507 2.0042 1.4885
8478 16
3 7 5 8 7 8 2 5
1.9681 2.0342 3.0309 4.882 5.9938 8.9127 11.017 11.984
1.5097 1.9833 1.4621 1.9564 1.516 0.99857 1.5055 1.9105
8479 16
3 7 5 8 7 8 2 5
2.0879 1.9348 3.0295 4.9177 6.033 8.9662 10.916 12.046
1.4608 1.9812 1.4929 2.0227 1.4483 1.0142 1.5215 2.0737
8480 16
3 7 5 8 7 8 2 5
1.9476 2.0755 3.0013 5.0365 6.0042 8.9899 10.878 12.018
1.5715 2.0301 1.5496 2.0165 1.5889 1.0832 1.5182 2.0025
8481 16
7 2 3 6 5 8 2 8
1.9477 3.9785 6.0276 7.3707 7.9388 9.0421 10.906 12.018
1.9527 1.8892 1.5462 1.4793 2.0158 1.0868 1.4762 1.5006
8482 16
7 2 3 6 5 8 2 8
2.0274 4.0424 5.9444 7.4635 8.0226 9.0987 10.978 11.94
2.0748 1.9399 1.444 1.5935 1.9981 1.044 1.3533 1.5607
8483 16
7 2 3 6 5 8 2 8
2.0562 3.9132 5.9677 7.6086 7.9762 9.0351 11.003 12.001
1.9197 1.9341 1.4364 1.4806 1.9294 1.0181 1.4274 1.4707
