41
8894 16
2 7 2 8 4 5 2
2.5744 4.1743 6.853 7.2711 8.2283 11.483 13.314
2.1649 2.2636 1.4473 2.3297 2.2583 2.9539 1.0518
8895 16
2 6 5 1 5 4 6 2
2.6374 3.0977 4.2543 4.6069 7.6434 8.8537 10.535 10.86
1.8128 1.6203 2.7232 1.1119 2.8658 2.6074 2.8438 2.6973
8896 16
4 1 1 4 5
2.6674 3.7583 8.9913 10.923 12.577
1.1904 2.7079 1.0994 2.9658 2.1706
8897 16
5 4 2 4
3.3823 5.3679 5.6418 12.202
2.8446 2.2882 2.61 2.0811
8898 16
6 2 5 6 1 1
1.4408 5.359 5.8376 8.2758 9.769 13.755
1.9818 2.0098 2.2709 1.6241 1.0333 1.0429
8899 16
1 4 3 7
1.9774 3.9713 6.0445 5.9682
1.567 2.5293 1.5129 1.3864
8900 16
1 4 3 7
1.9769 3.992 6.034 6.0867
1.4898 2.5336 1.558 1.5865
8901 16
1 4 3 7
1.9629 4.0466 6.0477 5.9903
1.6769 2.5573 1.494 1.4789
8902 16
1 4 3 7
2.0525 3.9623 5.9873 5.9293
1.5118 2.4877 1.4805 1.4665
8903 16
2 6 2 8
4.0065 7.5414 8.0053 8.96
1.983 1.4501 1.5119 0.92566
8904 16
2 6 2 8
4.0364 7.5736 8.077 9.0137
2.0422 1.4959 1.4993 1.0683
8905 16
2 6 2 8
4.0585 7.5162 8.0372 8.964
1.9992 1.5172 1.5115 0.98407
8906 16
2 6 2 8
4.028 7.5324 7.98 8.9357
2.1029 1.4619 1.5793 1.0392
8907 16
3 8 3 2 8 5
1.9083 5.0327 6.0294 7.96 9.0025 12.087
1.5758 2.0394 1.5012 1.46 0.92756 2.0267
8908 16
3 8 3 2 8 5
2.0101 4.9772 6.0393 7.9813 8.9701 11.955
1.4701 1.9467 1.4281 1.5232 0.99288 2.0241
8909 16
3 8 3 2 8 5
1.9706 4.9594 5.9629 8.015 8.9942 12.01
1.4743 2.0201 1.5223 1.5982 1.0303 1.9992
8910 16
3 8 3 2 8 5
2.0192 4.9598 6.0862 7.9445 9.0325 11.988
1.5264 2.0003 1.4786 1.4781 1.0047 2.0416
8911 16
3 8 3 2 8 5
5.9719 9.0386 8.9874 11.02 11.961 12.002
1.4767 0.93824 1.4594 1.484 1.4765 2.0351
8912 16
3 8 3 2 8 5
5.9385 9.0005 8.9355 10.967 12.011 11.944
1.4228 1.0245 1.5279 1.4838 1.4518 1.9862
8913 16
3 8 3 2 8 5
5.9895 9.0487 9.137 11.015 11.988 12.07
1.5511 0.96274 1.4541 1.4116 1.4173 2.0545
8914 16
3 8 3 2 8 5
6.0386 9.11 8.9025 11.056 11.993 12.076
1.4577 1.0425 1.4736 1.5477 1.4726 2.0262
8915 16
4 8 1 2 3 8
3.9908 4.9886 6.0542 8.1339 9.0798 11.989
2.5344 1.9897 1.9601 1.5599 1.5365 1.5264
8916 16
4 8 1 2 3 8
4.0229 4.9955 6.0198 7.9812 9.0421 12.058
2.5177 1.9762 1.9805 1.4919 1.5037 1.4596
8917 16
4 8 1 2 3 8
4.0117 5.074 5.9222 7.9162 8.9314 12.027
2.4981 1.9859 1.9718 1.5079 1.4416 1.5192
8918 16
4 8 1 2 3 8
3.9109 5.0205 6.0446 8.0186 8.9772 12.032
2.5494 1.9494 1.9605 1.5645 1.5582 1.5389
8919 16
5 4 3 8 3 5
3.1412 3.9781 6.0616 8.8831 9.0974 11.914
1.4704 2.3757 1.5028 1.0742 1.5075 1.9928
8920 16
5 4 3 8 3 5
3.0569 3.951 5.9957 8.928 9.0506 11.995
1.4979 2.5269 1.4156 1.0002 1.5448 2.0533
8921 16
5 4 3 8 3 5
2.9524 4.0519 5.9928 8.9496 8.999 12
1.564 2.4841 1.4695 0.97957 1.5033 1.964
8922 16
5 4 3 8 3 5
3.0883 4.1647 5.9902 8.9929 9.0682 11.925
1.4504 2.4818 1.6372 0.99718 1.5084 2.0387
8923 16
7 5 2 6 8 8
2.0488 2.9836 3.9517 7.5595 9.0336 12.034
1.9992 1.5845 1.9574 1.4425 1.0565 1.5017
8924 16
7 5 2 6 8 8
1.9338 2.9902 4.0643 7.524 8.9789 12.056
2.0269 1.5244 2.0797 1.5416 0.91915 1.4989
8925 16
7 5 2 6 8 8
1.9289 2.9229 3.991 7.5225 9.0008 11.998
1.944 1.5469 1.9394 1.552 0.97506 1.4892
8926 16
3 4 8 7 5 2
2.0255 4.0133 4.9756 6.0805 7.9945 10.969
1.4848 2.5167 1.9285 1.4244 2.0634 1.5248
8927 16
3 4 8 7 5 2
2.0415 3.9465 4.9577 5.8779 7.9662 10.961
1.5768 2.583 2.0082 1.5114 2.0312 1.4206
8928 16
3 4 8 7 5 2
1.9925 4.0082 5.0254 6.0438 8.0756 10.999
1.5074 2.4084 2.0517 1.4805 1.9997 1.5983
8929 16
3 7 5 8 7 8 2 5
1.9775 1.9798 3.0411 4.9111 6.0761 8.9772 11.065 11.909
1.5702 1.9448 1.5005 2.0404 1.5446 0.94191 1.6069 1.9716
8930 16
3 7 5 8 7 8 2 5
2.0818 2.1209 2.9176 4.9907 5.9934 9.008 11.032 12.015
1.4845 2.0376 1.5344 1.9813 1.5194 1.0056 1.4668 2.029
8931 16
3 7 5 8 7 8 2 5
2.0609 2.0321 2.975 4.9707 5.9901 9.0258 10.981 11.942
1.4828 2.0031 1.6071 1.9537 1.5749 0.98832 1.56 1.9102
8932 16
7 2 3 6 5 8 2 8
1.9911 4.0766 5.9518 7.4434 8.0405 8.9783 11.035 12.014
1.9567 2.0284 1.4708 1.452 1.9575 0.93927 1.5344 1.4896
8933 16
7 2 3 6 5 8 2 8
2.0696 3.9381 5.9377 7.5164 8.0004 8.9713 10.933 11.961
2.0317 2.0175 1.5575 1.5581 2.0416 0.96384 1.5109 1.5042
8934 16
7 2 3 6 5 8 2 8
2.0138 3.9002 5.9429 7.4999 7.9388 9.054 11.009 12.054
1.9778 2.0097 1.4898 1.3891 1.9552 1.017 1.423 1.5184
