42
2773 16
3 4 5 1 4 8 2 6
0.26539 1.2838 4.9814 5.2262 5.6008 6.4806 7.2266 9.4837
1.0034 1.6017 2.8963 2.2912 2.1012 2.7605 2.903 2.8015
2774 16
5 8 6 6
1.8229 2.4 3.0235 13.305
2.7261 1.6841 1.5986 1.4803
2775 16
1 4 8 6
0.66662 1.9614 4.9608 8.1464
1.1415 1.2293 2.8455 2.862
2776 16
2 5 7 3 4 8
0.87117 3.0023 3.5012 5.5304 9.4668 13.273
1.7945 2.4123 2.0948 1.3754 1.5333 2.383
2777 16
6 2 6 3
0.60519 1.2388 6.4854 7.8271
2.2705 2.6073 1.9746 2.3013
2778 16
1 4 3 7
2.1187 4.0747 5.9567 5.9245
1.4854 2.4784 1.4727 1.5789
2779 16
1 4 3 7
2.0023 3.8956 6.0996 6.0945
1.5274 2.5271 1.4405 1.4599
2780 16
1 4 3 7
1.9535 4.0015 6.0632 6.0514
1.5155 2.5118 1.4515 1.4951
2781 16
1 4 3 7
2.0044 3.9555 6.0321 6.0666
1.5241 2.5131 1.4395 1.4893
2782 16
2 6 2 8
4.0214 7.4743 8.1144 9.0924
2.0311 1.5071 1.5277 0.91254
2783 16
2 6 2 8
3.8876 7.5274 8.0541 8.9601
1.9219 1.4967 1.5134 1.0914
2784 16
2 6 2 8
3.9608 7.4533 8.043 8.9843
1.947 1.4394 1.5246 0.979
2785 16
2 6 2 8
4.0141 7.5085 7.9881 8.9607
2.0563 1.4327 1.475 1.0091
2786 16
3 8 3 2 8 5
2.0238 4.9772 5.9638 7.9654 8.9957 11.966
1.4644 2.0164 1.4954 1.4648 1.1119 1.9674
2787 16
3 8 3 2 8 5
1.9861 4.9946 5.9629 7.9673 8.9899 12.044
1.5469 1.9524 1.5359 1.4098 1.0102 2.0538
2788 16
3 8 3 2 8 5
1.9959 4.9972 5.9588 7.938 8.9704 12.066
1.4407 2.0257 1.5156 1.4734 0.96835 2.003
2789 16
3 8 3 2 8 5
1.9815 4.9361 5.9307 8.0234 8.9962 11.893
1.5007 2.0746 1.5799 1.4778 0.97656 2.0189
2790 16
3 8 3 2 8 5
6.0927 8.933 9.0839 11.033 11.879 12.015
1.5528 0.97225 1.4327 1.4843 1.5958 2.006
2791 16
3 8 3 2 8 5
5.9413 9.0346 9.0275 11.022 11.993 12.013
1.4599 1.0402 1.505 1.4503 1.5528 2.0472
2792 16
3 8 3 2 8 5
6.0178 8.9951 9.0726 10.936 12.066 11.986
1.6211 1.0334 1.5307 1.612 1.4529 1.9209
2793 16
3 8 3 2 8 5
5.9514 9.0183 8.9586 11.082 11.983 11.998
1.54 0.88536 1.5414 1.5728 1.4258 2.0516
2794 16
4 8 1 2 3 8
3.9784 4.9528 6.0015 7.954 9.035 12.035
2.4951 2.0395 2.0399 1.4674 1.5104 1.419
2795 16
4 8 1 2 3 8
4.0631 4.9778 5.9996 8.0313 8.9655 12.054
2.4851 2.0739 1.9713 1.4758 1.5191 1.5741
2796 16
4 8 1 2 3 8
3.9922 5.0436 6.0827 7.899 9.0237 11.987
2.5554 1.9027 1.9292 1.5536 1.5371 1.4743
2797 16
4 8 1 2 3 8
4.0938 4.9907 6.1065 7.8842 9.0501 12.065
2.5862 1.9993 2.0283 1.5007 1.4306 1.542
2798 16
5 4 3 8 3 5
3.0919 4.0164 6.0357 9.0362 9.019 12.035
1.4471 2.4151 1.5513 0.9405 1.5304 2.0353
2799 16
5 4 3 8 3 5
3.0184 4.0381 6.0233 9.0844 8.988 11.984
1.4022 2.4921 1.4217 1.073 1.4677 1.9159
2800 16
5 4 3 8 3 5
3.0166 3.9817 6.009 8.8887 8.9191 12.039
1.482 2.6078 1.5014 1.0799 1.5489 2.0253
2801 16
5 4 3 8 3 5
2.9571 3.8854 6.0109 8.9056 9.0342 11.975
1.4395 2.5873 1.5253 1.0202 1.4503 1.9686
2802 16
7 5 2 6 8 8
2.1259 3.0264 4.0258 7.3985 9.058 12.022
2.0219 1.475 1.9572 1.4841 0.96763 1.5052
2803 16
7 5 2 6 8 8
1.9585 3.0373 4.0038 7.4396 9.0232 12.039
1.9543 1.5245 1.9541 1.5563 0.99462 1.582
2804 16
7 5 2 6 8 8
2.0809 2.9466 3.9208 7.551 9.0505 11.99
2.0167 1.4937 1.9477 1.442 1.0667 1.5144
2805 16
7 5 2 6 8 8
2.102 3.0232 3.9943 7.5448 8.9572 12.057
1.9644 1.4723 1.97 1.5511 1.046 1.5732
2806 16
3 4 8 7 5 2
1.9449 3.99 4.9902 5.9815 7.9786 11.051
1.4952 2.5124 2.0188 1.5389 2.0711 1.5708
2807 16
3 4 8 7 5 2
1.9929 3.9438 4.9766 5.9746 7.9622 11.074
1.484 2.5389 1.9498 1.5422 2.0369 1.5405
2808 16
3 4 8 7 5 2
1.9068 4.0377 4.8994 6.0763 7.9422 10.95
1.5182 2.4093 2.0105 1.502 1.9761 1.4411
2809 16
3 7 5 8 7 8 2 5
2.0404 2.0314 2.9497 4.9614 5.9232 9.0578 10.894 12.004
1.6234 2.0248 1.3966 2.0027 1.5201 1.0035 1.4846 2.0225
2810 16
3 7 5 8 7 8 2 5
2.0569 2.0407 2.9813 5.0473 6.016 9.0789 11.061 11.948
1.5092 1.9456 1.5021 2.0769 1.5153 1.0345 1.4687 1.9698
2811 16
3 7 5 8 7 8 2 5
2.0557 1.9171 2.9216 4.992 5.9062 9.0021 10.99 12.026
1.5097 2.096 1.5999 2.0446 1.4594 0.93405 1.517 2.0498
2812 16
7 2 3 6 5 8 2 8
1.9829 3.9932 5.9656 7.5436 7.9947 8.9929 11.03 12.045
1.9903 1.9172 1.5048 1.4181 1.9994 0.9674 1.5084 1.5058
2813 16
7 2 3 6 5 8 2 8
1.948 4.0891 5.941 7.523 8.0289 8.9597 11.018 11.966
2.0336 2.0276 1.4842 1.5754 2.0689 0.9764 1.5218 1.6106
2814 16
7 2 3 6 5 8 2 8
1.9972 3.9848 6.0534 7.4438 8.0663 8.9838 10.94 11.979
2.0071 1.9798 1.5205 1.4862 2.0381 1.0648 1.4767 1.4294
