42
5839 16
7 6 5 4 3 8 6 6
0.69012 1.4652 2.7792 2.9215 3.2031 3.2492 8.9816 14.022
2.3942 1.3538 1.0835 2.6673 2.7003 1.895 1.6322 1.6689
5840 16
4 5 7 6 3 7
5.2834 7.7107 8.5351 8.6344 12.584 12.894
1.4069 2.2408 1.668 2.3295 1.962 2.3752
5841 16
5 3 2 4 1
6.4556 8.1196 10.107 11.129 13.308
2.8821 2.9394 2.4771 1.686 2.6881
5842 16
2 7 3 1
6.3475 7.2074 7.3819 7.8059
1.9638 2.977 1.0303 1.3295
5843 16
6 1 5 8 7 1 3
4.5611 5.4929 6.3372 9.0182 10.168 12.809 13.287
1.9086 1.4241 2.3948 1.6192 2.3198 1.4784 1.8019
5844 16
1 4 3 7
2.0324 3.9484 6.0504 6.005
1.4967 2.5161 1.534 1.4238
5845 16
1 4 3 7
2.0207 4.0398 5.9541 5.8567
1.5185 2.5388 1.4432 1.488
5846 16
1 4 3 7
2.0278 4.0528 6.042 6.0106
1.4831 2.4672 1.5187 1.4168
5847 16
1 4 3 7
1.9828 4.0566 5.9762 6.0136
1.5354 2.5104 1.5217 1.5293
5848 16
2 6 2 8
3.9022 7.5177 8.0739 8.9835
2.0467 1.5437 1.5411 0.97332
5849 16
2 6 2 8
3.9907 7.4141 8.0861 8.9496
1.9626 1.5637 1.5453 1.0158
5850 16
2 6 2 8
4.0012 7.5622 7.963 8.9783
2.0461 1.4545 1.5079 0.97672
5851 16
2 6 2 8
3.9445 7.3948 7.9997 9.0235
2.1459 1.4658 1.4342 1.0007
5852 16
3 8 3 2 8 5
1.9251 5.0144 6.0818 7.9859 8.9666 11.955
1.4496 2.043 1.4662 1.3845 0.93538 2.0107
5853 16
3 8 3 2 8 5
1.9259 5.0534 6.0143 7.9621 8.9398 11.97
1.5441 1.9543 1.5019 1.4786 0.95933 1.9531
5854 16
3 8 3 2 8 5
2.0081 4.994 6.0588 7.9605 9.0106 12.103
1.4583 2.0327 1.5664 1.6291 1.1256 1.9482
5855 16
3 8 3 2 8 5
2.0379 5.0227 6.0199 8.0077 8.9726 11.993
1.5596 2.0835 1.5202 1.5102 0.98259 2.027
5856 16
3 8 3 2 8 5
6.0997 8.9301 8.9402 10.897 11.988 11.995
1.5426 0.97129 1.5206 1.5342 1.4994 2.0674
5857 16
3 8 3 2 8 5
5.9173 8.9926 9.0554 10.95 11.928 11.95
1.4335 1.0166 1.5022 1.5521 1.4789 1.9939
5858 16
3 8 3 2 8 5
6.021 8.9829 9.062 10.916 12.086 11.983
1.4925 1.0034 1.4712 1.4373 1.5195 2.0209
5859 16
3 8 3 2 8 5
6.0232 9.0332 9.0691 10.969 11.952 12.002
1.5057 0.94462 1.4315 1.5552 1.4799 2.0125
5860 16
4 8 1 2 3 8
3.997 5.0398 5.9222 7.9771 8.9352 12.044
2.5677 2.0928 2.0491 1.5505 1.5177 1.4335
5861 16
4 8 1 2 3 8
3.9577 4.9452 5.9307 8.0516 9.0185 12.016
2.5772 2.1168 1.9863 1.5253 1.5019 1.4998
5862 16
4 8 1 2 3 8
4.0259 4.9059 5.9926 8.0772 9.0805 11.989
2.4065 2.0128 1.9433 1.4378 1.5084 1.5034
5863 16
4 8 1 2 3 8
4.0261 5.0087 6.0466 8.0769 9.0592 11.954
2.4791 2.0776 2.0341 1.4692 1.505 1.5123
5864 16
5 4 3 8 3 5
2.9526 4.048 5.9357 8.9381 9.0354 11.971
1.4528 2.509 1.4862 0.99173 1.5367 1.8691
5865 16
5 4 3 8 3 5
3.0391 4.0061 5.988 8.8745 9.0076 12.024
1.4155 2.47 1.4973 0.99206 1.4956 2.0207
5866 16
5 4 3 8 3 5
3.0171 3.9754 5.9872 9.0813 8.9596 11.936
1.5281 2.49 1.4536 0.90514 1.5214 1.9731
5867 16
5 4 3 8 3 5
3.0915 4.0766 6.0333 9.0347 8.9735 11.964
1.5055 2.4829 1.4685 0.97414 1.555 2.0168
5868 16
7 5 2 6 8 8
1.9629 2.9781 3.9644 7.5006 8.9766 11.986
2.0831 1.4543 2.0535 1.4782 0.93616 1.4495
5869 16
7 5 2 6 8 8
1.906 3.0232 4.0692 7.5113 8.9945 11.967
2.0591 1.4583 2.0058 1.4328 0.9947 1.4216
5870 16
7 5 2 6 8 8
1.954 2.9989 3.9609 7.5357 9.0097 12.001
1.8788 1.5565 2.062 1.5884 0.93124 1.4662
5871 16
7 5 2 6 8 8
1.9555 2.9958 4.0694 7.4833 9.0194 11.969
2.0062 1.4054 2.0673 1.4968 1.0276 1.4891
5872 16
3 4 8 7 5 2
2.0001 4.0056 4.9903 6.023 7.9398 11.022
1.4415 2.4574 1.9748 1.4667 1.9904 1.5199
5873 16
3 4 8 7 5 2
2.0145 3.9581 4.9773 5.9408 7.9997 11.044
1.4336 2.5353 2.0333 1.4236 2.0269 1.5459
5874 16
3 4 8 7 5 2
1.9836 4.0087 4.9884 6.0435 7.9831 10.951
1.6191 2.5712 2.0322 1.598 1.9506 1.503
5875 16
3 7 5 8 7 8 2 5
2.0144 2.0139 2.9838 5.1493 6.0184 8.9898 10.918 11.99
1.4441 2.1519 1.414 2.0133 1.5104 0.93867 1.5095 1.9246
5876 16
3 7 5 8 7 8 2 5
2.1346 1.9971 3.0287 4.9929 5.9786 9.0934 11.022 11.965
1.4653 1.9548 1.465 1.9678 1.5145 0.93245 1.5991 2.0732
5877 16
3 7 5 8 7 8 2 5
1.9396 2.0494 3.026 5.0245 6.0289 8.9053 11.005 11.987
1.489 2.0069 1.5015 2.0242 1.5025 1.0795 1.4501 2.0669
5878 16
7 2 3 6 5 8 2 8
1.9308 4.0258 5.9891 7.5968 8.014 9.0212 11.027 11.965
1.9734 1.9336 1.4553 1.5123 1.9857 1.0223 1.516 1.5652
5879 16
7 2 3 6 5 8 2 8
2.0437 4.0055 6.0314 7.5163 8.0375 9.0317 10.961 11.974
2.0131 1.9617 1.5614 1.4852 2.0483 0.91768 1.5 1.4739
5880 16
7 2 3 6 5 8 2 8
2.0045 3.9947 5.9934 7.4615 7.9956 8.9935 11.006 12.017
1.9566 1.9409 1.4298 1.4911 2.0259 0.98618 1.5582 1.4248
