42
4537 16
4 7 5 5 7 1 3 5
4.7146 5.0792 5.5556 7.9429 8.602 8.7193 12.175 14.047
2.4607 1.6857 1.9728 2.6007 2.1869 1.2818 2.9733 1.129
4538 16
5 4 2 2 7
2.6404 3.373 6.9307 8.5174 10.581
2.7823 2.7435 1.1314 2.2741 2.7538
4539 16
7 1 6 4 7
0.275 3.4989 9.5173 12.491 12.502
1.4785 1.7554 1.7917 2.1348 2.1343
4540 16
6 3 7 4 1 5 4 7
2.1188 2.179 3.3181 4.6467 5.6222 9.1535 9.7894 12.106
1.6958 2.8229 2.7317 2.0849 1.768 1.0127 1.7579 2.3554
4541 16
1 6 5 6 7 8
0.35494 2.7562 4.1051 5.6348 6.6214 6.9895
2.9378 2.295 1.7327 1.8359 2.9297 2.9875
4542 16
1 4 3 7
1.9339 4.0402 5.9854 5.9217
1.4557 2.5713 1.5323 1.5507
4543 16
1 4 3 7
2.0857 3.9785 6.0275 6.0163
1.5412 2.4902 1.563 1.4761
4544 16
1 4 3 7
1.9015 4.0115 6.0359 5.9701
1.4516 2.3937 1.5182 1.5185
4545 16
1 4 3 7
1.9779 3.9601 6.0261 6.0316
1.5229 2.5219 1.5735 1.5075
4546 16
2 6 2 8
3.9178 7.4546 7.9395 8.9497
2.0394 1.4667 1.5276 1.0044
4547 16
2 6 2 8
4.0448 7.503 7.9634 9.0053
1.996 1.6016 1.5342 0.93862
4548 16
2 6 2 8
4.0498 7.4911 7.9854 9.069
2.0472 1.5704 1.6698 1.0339
4549 16
2 6 2 8
4.0517 7.5041 8.0108 9.0611
1.9723 1.5109 1.428 1.0064
4550 16
3 8 3 2 8 5
2.0034 5.0424 5.9758 8.068 8.9532 11.964
1.5287 2.0566 1.4536 1.4866 0.98663 2.0738
4551 16
3 8 3 2 8 5
1.9631 4.9348 5.9621 8.0145 8.9535 11.911
1.5251 2.0073 1.5247 1.5391 0.93841 1.9667
4552 16
3 8 3 2 8 5
2.0581 5.0244 6.0542 7.9928 8.9939 12.013
1.4948 1.9797 1.495 1.508 0.96592 2.0421
4553 16
3 8 3 2 8 5
1.9791 5.0373 6.0547 7.8973 8.9988 11.944
1.5077 2.0865 1.5053 1.4642 1.0738 1.9906
4554 16
3 8 3 2 8 5
6.0524 9.0507 8.9375 10.936 12.019 11.957
1.4807 1.0815 1.3663 1.4796 1.4962 2.0645
4555 16
3 8 3 2 8 5
6.0067 8.9474 8.9734 11.019 11.978 11.982
1.4239 0.97642 1.4759 1.4761 1.5031 1.9417
4556 16
3 8 3 2 8 5
6.0204 8.974 9.0375 11.011 11.969 11.979
1.6547 0.97487 1.5175 1.4915 1.5099 2.0392
4557 16
3 8 3 2 8 5
6.0006 8.9306 9.0821 11.011 12.045 11.93
1.482 0.98687 1.4343 1.4975 1.5671 2.0152
4558 16
4 8 1 2 3 8
3.9276 4.9582 6.0399 8.0006 9.0218 12.041
2.5105 2.0683 2.0253 1.4727 1.4249 1.467
4559 16
4 8 1 2 3 8
4.1009 5.0973 5.9432 7.9587 9.0043 11.867
2.3824 1.9948 2.1166 1.5379 1.4705 1.5177
4560 16
4 8 1 2 3 8
3.9511 4.9485 6.0475 8.0726 9.0953 11.952
2.4047 2.0466 1.936 1.5016 1.5728 1.5289
4561 16
4 8 1 2 3 8
3.9786 5.0092 6.0105 8.0424 9.0845 12.009
2.4815 1.9817 1.8717 1.4522 1.5067 1.5429
4562 16
5 4 3 8 3 5
3.0132 3.9961 6.0264 9.0232 9.0571 11.997
1.5106 2.5998 1.5076 0.93786 1.5434 1.929
4563 16
5 4 3 8 3 5
2.8694 3.951 5.9796 8.9645 8.9553 11.984
1.5453 2.4721 1.5138 0.96765 1.4931 2.052
4564 16
5 4 3 8 3 5
2.9981 4.0553 6.0468 8.9574 9.0191 11.94
1.4248 2.4134 1.4467 1.024 1.5689 2.0494
4565 16
5 4 3 8 3 5
2.9749 4.0389 6.0453 9.0445 8.9559 12.011
1.4656 2.4297 1.5656 1.0771 1.5044 1.9054
4566 16
7 5 2 6 8 8
2.0529 2.929 3.9542 7.5165 8.9382 11.912
2.0627 1.5506 1.9697 1.4872 1.0575 1.4402
4567 16
7 5 2 6 8 8
2.0217 2.9577 3.8768 7.4936 9.0056 11.984
2.0721 1.4679 1.9896 1.4865 0.94913 1.5392
4568 16
7 5 2 6 8 8
1.9816 2.9458 3.9855 7.5366 9.0565 12.028
1.9403 1.4337 1.9968 1.5668 1.0561 1.4938
4569 16
7 5 2 6 8 8
1.9333 2.9917 3.9586 7.4772 8.9011 11.995
2.0442 1.5176 1.9779 1.5671 1.014 1.5407
4570 16
3 4 8 7 5 2
2.0946 3.9779 5.0229 5.9853 8.0415 11.02
1.5374 2.484 1.9865 1.5785 2.017 1.4448
4571 16
3 4 8 7 5 2
2.0414 4.0421 4.8582 6.08 7.9976 10.963
1.3754 2.4874 1.9902 1.5543 2.0458 1.4749
4572 16
3 4 8 7 5 2
1.9176 4.0064 5.0935 6.0386 8.009 10.999
1.5228 2.5377 1.9169 1.4889 1.9904 1.4772
4573 16
3 7 5 8 7 8 2 5
2.0555 1.9672 2.9869 4.9914 5.955 8.8956 10.876 11.98
1.4379 1.9647 1.5071 1.9109 1.5581 1.0809 1.4418 2.0803
4574 16
3 7 5 8 7 8 2 5
2.019 1.9961 2.9104 4.9677 6.0333 8.9056 11.028 11.95
1.457 1.9827 1.6212 2.0075 1.5483 0.99202 1.486 2.0175
4575 16
3 7 5 8 7 8 2 5
1.9995 1.959 3.0735 4.9852 6.0843 8.9849 11.011 11.921
1.4859 2.0275 1.5253 2.0112 1.5357 0.95953 1.4892 2.1135
4576 16
7 2 3 6 5 8 2 8
1.9375 3.9173 5.9788 7.4989 8.0306 8.8939 10.919 11.978
1.9554 1.9506 1.5078 1.5783 1.9667 1.046 1.3961 1.5992
4577 16
7 2 3 6 5 8 2 8
1.9752 3.992 6.0639 7.4161 7.9458 9.1052 10.982 11.882
1.8912 2.0713 1.4919 1.5754 1.9902 0.99877 1.5505 1.4621
4578 16
7 2 3 6 5 8 2 8
1.9887 3.8984 6.0875 7.517 7.916 8.961 11.013 11.996
2.003 1.8926 1.5132 1.4541 2.0442 0.96903 1.5227 1.4467
