42
673 16
4 3 4 3
0.32268 2.2921 12.895 13.601
2.1675 2.181 1.637 1.8213
674 16
4 3 8 5 7 1 2 3
0.90459 5.9821 7.478 8.5944 9.1382 10.465 12.879 13.316
1.6784 2.3912 2.616 2.1927 1.5451 1.1727 2.4393 1.8231
675 16
5 3 7 4 8 6 4 6
0.11747 1.433 2.4813 2.6488 2.9711 4.8363 10.654 10.887
2.1097 2.4498 1.4367 2.6391 2.7356 2.5858 1.3943 1.6874
676 16
2 1 6 5 3
3.3775 4.2731 4.8259 4.9788 10.554
2.4798 1.6058 2.7824 1.817 1.0409
677 16
2 2 8 1 7 6 7
0.36222 5.7878 6.2643 7.6703 8.159 9.3915 12.972
1.2692 2.8804 2.2083 2.5753 1.3672 1.5709 2.9893
678 16
1 4 3 7
2.043 4.0061 6.0097 6.0558
1.4377 2.5126 1.5597 1.5213
679 16
1 4 3 7
1.9592 4.0198 6.0714 6.0046
1.4475 2.4186 1.6071 1.5384
680 16
1 4 3 7
2.0278 4.0236 6.0006 5.9826
1.5516 2.602 1.4603 1.4934
681 16
1 4 3 7
2.0344 4.0846 6.095 5.9552
1.4748 2.4491 1.6017 1.5228
682 16
2 6 2 8
3.9876 7.4399 7.9731 9.0505
1.9615 1.391 1.4685 0.97676
683 16
2 6 2 8
3.9422 7.5008 8.0581 8.9792
1.9789 1.4599 1.4297 1.1039
684 16
2 6 2 8
3.95 7.423 8.0194 8.9623
1.9966 1.4431 1.5684 1.0138
685 16
2 6 2 8
4.0222 7.5571 8.0103 9.051
1.9363 1.5154 1.5472 1.0979
686 16
3 8 3 2 8 5
1.9743 5.0035 5.9408 8.0314 9.0315 11.986
1.4519 1.9946 1.5425 1.5604 1.0136 2.0569
687 16
3 8 3 2 8 5
2.0546 5.1582 6.0276 8.0127 8.981 12.006
1.4582 2.0379 1.4498 1.4375 1.0227 1.8749
688 16
3 8 3 2 8 5
2.0513 4.9816 6.0216 8.0271 9.0308 11.969
1.4493 2.0527 1.4761 1.4742 0.98284 2.0337
689 16
3 8 3 2 8 5
1.9742 5.0349 5.9932 7.9803 9.0429 12.08
1.5123 2.0273 1.4437 1.3919 1.0274 1.9799
690 16
3 8 3 2 8 5
6.0656 8.9797 8.9799 11.016 11.995 11.972
1.4802 0.99748 1.4597 1.4382 1.4649 1.9857
691 16
3 8 3 2 8 5
5.981 8.9941 8.912 10.966 11.95 12.083
1.4423 1.0379 1.4592 1.4116 1.5104 1.9715
692 16
3 8 3 2 8 5
6.0072 8.9337 8.9895 10.967 12.07 11.948
1.4261 0.9955 1.4666 1.4563 1.4695 2.0069
693 16
3 8 3 2 8 5
5.9239 8.985 9.0062 10.959 11.96 11.98
1.5269 0.93166 1.4199 1.469 1.5211 2.0295
694 16
4 8 1 2 3 8
3.9853 4.9746 6.0099 7.9941 8.915 11.981
2.4728 1.9972 2.0665 1.4691 1.4185 1.4669
695 16
4 8 1 2 3 8
4.0059 5.0226 6.0413 7.957 9.043 11.998
2.4762 1.9817 2.075 1.5656 1.5545 1.5045
696 16
4 8 1 2 3 8
4.0101 5.0172 5.939 8.0974 8.9661 12.04
2.4831 1.9441 2.0536 1.5591 1.5359 1.4186
697 16
4 8 1 2 3 8
4.0163 5.0426 5.9593 7.9933 9.0275 11.95
2.4418 2.0361 2.0393 1.5457 1.4215 1.507
698 16
5 4 3 8 3 5
3.0928 4.0176 5.9967 8.9211 9.0308 12.054
1.4532 2.4909 1.4909 1.0071 1.5233 2.0947
699 16
5 4 3 8 3 5
2.9988 4.0464 6.0066 8.9966 9.0679 12.06
1.5153 2.4053 1.5647 0.9498 1.5781 1.9728
700 16
5 4 3 8 3 5
3.0609 3.9416 6.0249 8.9827 9.0515 11.961
1.5449 2.4488 1.5376 1.0259 1.5466 1.9999
701 16
5 4 3 8 3 5
3.0534 3.9889 6.013 8.9707 9.0631 12.03
1.5462 2.4963 1.4223 1.0038 1.5118 1.9811
702 16
7 5 2 6 8 8
1.9973 2.9674 4.0314 7.4035 8.9965 11.891
1.9721 1.4467 1.9623 1.5548 0.90978 1.4912
703 16
7 5 2 6 8 8
1.9587 2.9751 3.9323 7.4643 8.9812 12.017
1.9656 1.475 1.9526 1.4833 1.0444 1.4963
704 16
7 5 2 6 8 8
1.8989 3.0037 3.9703 7.4793 8.9167 12.108
1.9742 1.4903 2.0279 1.5102 1.0012 1.5138
705 16
7 5 2 6 8 8
1.9916 2.9972 4.0703 7.4862 9.0224 12.031
1.9898 1.4276 1.8721 1.5049 0.9758 1.5059
706 16
3 4 8 7 5 2
2.0678 3.9695 4.9772 5.9515 7.947 10.912
1.5398 2.5342 1.9662 1.5418 2.0768 1.5561
707 16
3 4 8 7 5 2
1.9766 3.9206 4.9254 5.9506 7.9067 11.014
1.4589 2.5052 1.9977 1.4679 1.988 1.4342
708 16
3 4 8 7 5 2
1.979 4.0008 4.9931 6.0251 7.9679 10.912
1.5293 2.4899 2.0085 1.4788 1.9868 1.5025
709 16
3 7 5 8 7 8 2 5
1.9989 2.0209 2.9918 4.8793 5.9636 9.0479 10.962 11.929
1.4971 2.0122 1.5466 1.999 1.4236 1.0423 1.56 1.9476
710 16
3 7 5 8 7 8 2 5
1.9508 2.0697 3.0106 4.9221 5.9451 8.9678 10.99 11.909
1.5493 2.0348 1.5074 2.0514 1.5653 0.99434 1.4488 2.0844
711 16
3 7 5 8 7 8 2 5
2.0402 2.0329 2.8812 5.065 5.9387 9.0632 11.076 11.985
1.4465 2.016 1.6005 1.992 1.4597 0.9229 1.5386 2.055
712 16
7 2 3 6 5 8 2 8
2.0536 3.988 6.0262 7.5256 7.9697 8.9582 10.897 11.989
2.024 1.9748 1.5547 1.4809 1.9554 1.0345 1.4128 1.5465
713 16
7 2 3 6 5 8 2 8
2.0194 3.9243 5.9646 7.5299 7.9099 8.9975 11.012 11.933
1.9663 2.0181 1.4987 1.5445 1.9343 0.93317 1.4011 1.5362
714 16
7 2 3 6 5 8 2 8
1.9494 3.9714 6.0866 7.4916 8.0804 9.0195 11.072 12.01
1.9901 1.9817 1.4759 1.578 2.0669 1.048 1.5846 1.4882
