41
8074 16
3 4 7 3 5 8 1 7
0.19625 4.6362 8.6035 10.465 10.554 11.494 12.351 12.708
2.0039 1.1165 2.1597 2.3511 2.8207 2.5602 2.1818 1.1603
8075 16
6 2 1 2
1.5324 1.8051 8.547 8.9424
1.2698 2.2088 2.126 1.6275
8076 16
8 4 2 6 2 8
2.1577 4.2593 7.6717 11.327 13.195 14.183
1.9064 1.7677 1.0741 2.8437 1.7829 1.5815
8077 16
1 4 4 6 8 4
1.4853 2.8086 4.9559 9.0449 11.851 14.216
2.8182 1.101 1.5317 1.2225 1.8052 1.4156
8078 16
4 7 4 6
0.037387 3.6937 7.1327 12.667
1.4526 1.8337 1.8415 2.4738
8079 16
1 4 3 7
2.0798 4.0782 6.0201 5.9767
1.5031 2.5787 1.5159 1.541
8080 16
1 4 3 7
2.0307 3.936 5.9842 6.0009
1.4454 2.462 1.443 1.4809
8081 16
1 4 3 7
2.0263 3.9806 6.0544 5.9895
1.5222 2.4299 1.5121 1.4431
8082 16
1 4 3 7
2.0037 3.9585 5.9627 6.0517
1.4767 2.5674 1.4765 1.5214
8083 16
2 6 2 8
4.1049 7.5101 7.9596 8.9117
1.9392 1.5067 1.5137 0.90338
8084 16
2 6 2 8
4.0077 7.5166 7.9388 8.9803
2.0144 1.5473 1.5644 0.98659
8085 16
2 6 2 8
4.038 7.4897 7.9282 9.0248
1.9939 1.5746 1.6155 0.98502
8086 16
2 6 2 8
4.035 7.5319 7.9983 9.0991
1.9894 1.6244 1.5063 1.0149
8087 16
3 8 3 2 8 5
2.0444 4.9927 6.0302 8.0202 9.0303 11.965
1.5724 2.015 1.5338 1.537 1.0388 2.0076
8088 16
3 8 3 2 8 5
2.0481 4.9598 6.0376 7.9599 8.99 11.971
1.4826 2.0172 1.414 1.4462 1.0635 1.97
8089 16
3 8 3 2 8 5
1.9527 4.897 5.9059 7.9524 8.9995 12.055
1.5593 1.9748 1.5195 1.5325 1.0322 2.0167
8090 16
3 8 3 2 8 5
2.0601 4.9265 5.9874 8.0369 9.0241 12.061
1.5465 2.0419 1.5457 1.4772 1.0373 1.9738
8091 16
3 8 3 2 8 5
6.0163 8.9087 9.0084 10.982 12.061 11.967
1.5715 0.99934 1.4741 1.5187 1.4293 2.0041
8092 16
3 8 3 2 8 5
5.889 9.0549 9.0305 11.004 12.006 12.113
1.4811 1.0095 1.4454 1.429 1.4798 1.9764
8093 16
3 8 3 2 8 5
6.0051 8.9855 9.0104 11.025 11.983 12.009
1.5375 0.96949 1.4811 1.4928 1.5002 2.0024
8094 16
3 8 3 2 8 5
5.9691 8.9812 8.9065 10.874 12.014 11.951
1.4525 0.99826 1.5371 1.4297 1.5541 1.9574
8095 16
4 8 1 2 3 8
4.079 5.0275 6.0026 8.0173 8.9399 11.933
2.4695 1.9884 1.9852 1.4602 1.5274 1.4899
8096 16
4 8 1 2 3 8
3.9913 5.0533 6.0417 8.0536 9.053 11.963
2.4642 2.014 1.9514 1.5018 1.4274 1.5049
8097 16
4 8 1 2 3 8
4.1076 4.9472 5.9431 7.9669 8.9782 11.987
2.4795 1.9683 2.109 1.3734 1.5153 1.4916
8098 16
4 8 1 2 3 8
3.9914 5.0086 6.0438 7.9736 8.9464 12.027
2.4435 2.0039 1.956 1.48 1.4808 1.4605
8099 16
5 4 3 8 3 5
3.0276 3.9857 5.9857 8.9887 8.9967 11.923
1.4801 2.4654 1.5731 0.97335 1.5904 1.9373
8100 16
5 4 3 8 3 5
3.0679 3.9926 6.0199 8.9843 9.0133 12.066
1.4352 2.5376 1.5531 1.0719 1.44 1.9959
8101 16
5 4 3 8 3 5
2.9389 4.0082 5.9987 8.9579 8.9669 12.044
1.6694 2.5796 1.4187 0.98457 1.5821 2.0544
8102 16
5 4 3 8 3 5
2.9883 3.9568 5.9837 9.0306 8.9663 12.025
1.5477 2.546 1.467 0.97472 1.5172 1.9672
8103 16
7 5 2 6 8 8
1.9717 2.9245 3.9783 7.3962 8.9395 12.024
2.0079 1.4694 1.9956 1.4358 0.9541 1.5171
8104 16
7 5 2 6 8 8
2.0222 3.0801 4.0743 7.5479 9.0921 11.932
2.0141 1.4965 1.9817 1.4438 0.97914 1.493
8105 16
7 5 2 6 8 8
1.9644 2.9252 4.0328 7.4803 8.8903 11.953
1.91 1.4852 1.9381 1.4863 0.97399 1.4742
8106 16
3 4 8 7 5 2
1.9618 3.993 5.0647 5.8785 8.0058 10.965
1.3695 2.5064 2.0422 1.4634 1.8956 1.5111
8107 16
3 4 8 7 5 2
1.9797 3.9904 5.0512 6.0662 7.9499 11.066
1.4712 2.4913 2.0321 1.4306 2.0307 1.4926
8108 16
3 4 8 7 5 2
2.0108 4.0722 4.981 5.958 8.04 10.953
1.5364 2.5249 1.9406 1.5655 2.0008 1.4137
8109 16
3 7 5 8 7 8 2 5
1.9422 1.9603 2.9835 5.0284 5.9955 9.064 11.013 11.908
1.4913 2.0687 1.5079 2.0483 1.4386 0.96567 1.4955 1.9855
8110 16
3 7 5 8 7 8 2 5
2.0326 1.9921 3.0144 4.9672 5.968 9.0626 10.903 11.969
1.4476 1.9652 1.4329 1.7965 1.4294 0.98508 1.4483 2.055
8111 16
3 7 5 8 7 8 2 5
2.0171 1.9227 2.9338 5.0729 6.0326 8.9046 10.88 12.05
1.5761 1.984 1.4706 1.9489 1.4835 0.98029 1.5146 1.9315
8112 16
7 2 3 6 5 8 2 8
1.9418 3.9639 6.0804 7.5075 8.0042 8.9227 11.009 12.066
2.009 2.0202 1.5535 1.4355 2.0534 0.99024 1.4372 1.558
8113 16
7 2 3 6 5 8 2 8
2.0231 3.9924 6.1315 7.4923 7.9921 9.0268 10.973 12.011
2.006 1.992 1.4792 1.4456 1.972 0.8749 1.4781 1.4538
8114 16
7 2 3 6 5 8 2 8
1.9567 3.9098 6.0376 7.5117 7.985 8.9564 10.974 12.04
2.0584 2.0094 1.4641 1.529 2.0273 1.0113 1.513 1.507
