41
9222 16
5 3 2 6 8 1
0.26551 1.8875 3.3215 5.048 9.3565 10.114
2.7995 2.1596 2.6192 2.3102 1.274 2.3626
9223 16
1 3 7 8 8 7
6.3294 6.672 6.7936 9.1582 11.631 13.745
2.9494 2.7387 2.7452 2.1395 2.2064 2.0838
9224 16
8 5 3 5 4
7.7852 7.7911 8.7772 9.9415 11.896
2.1546 1.6971 1.9994 1.3958 2.0732
9225 16
8 5 7 7 2 1
2.086 6.087 6.1743 9.8561 10.183 11.384
1.6841 1.804 1.4603 1.1383 2.9156 1.399
9226 16
7 5 2 3 5 1
4.1859 5.5986 5.8699 7.0077 10.554 12.814
1.551 2.8112 2.2828 1.5003 2.6503 2.5912
9227 16
1 4 3 7
2.0444 3.9942 6.0188 6.0027
1.4529 2.4397 1.5401 1.4663
9228 16
1 4 3 7
2.0151 3.9443 6.0189 5.9678
1.4689 2.4745 1.5512 1.4736
9229 16
1 4 3 7
1.9297 4.0271 5.9831 6.0257
1.5201 2.5922 1.566 1.4883
9230 16
1 4 3 7
1.9923 4.0467 6.068 5.9402
1.5571 2.4949 1.4681 1.4826
9231 16
2 6 2 8
4.0808 7.5493 7.9671 8.9773
1.9252 1.4742 1.5296 1.0165
9232 16
2 6 2 8
3.981 7.4606 7.9721 8.9119
2.0742 1.5493 1.4827 0.93246
9233 16
2 6 2 8
3.8926 7.4753 7.9851 9.1169
1.9159 1.5397 1.4913 1.0231
9234 16
2 6 2 8
4.0021 7.5213 8.0273 8.9316
2.0069 1.4725 1.4624 0.99209
9235 16
3 8 3 2 8 5
2.0366 4.9353 6.0331 7.9434 9.0371 11.977
1.5704 2.0604 1.414 1.4607 0.9367 2.0967
9236 16
3 8 3 2 8 5
1.991 4.9212 6.0018 7.9664 9.036 12.049
1.5261 2.0113 1.5008 1.4999 0.99791 1.9919
9237 16
3 8 3 2 8 5
2.0262 5.0229 5.9853 7.9639 9.0195 11.96
1.5865 2.0096 1.5191 1.5465 1.0243 1.9753
9238 16
3 8 3 2 8 5
1.9373 4.987 6.0331 8.0045 8.9669 11.939
1.5185 1.9851 1.4875 1.4693 1.018 2.0101
9239 16
3 8 3 2 8 5
6.0445 9.033 9.0266 10.983 12 11.951
1.4971 0.98979 1.5003 1.5603 1.5311 2.0381
9240 16
3 8 3 2 8 5
6.0605 9.0793 8.9718 11.1 12.032 12.063
1.4678 0.99917 1.52 1.5961 1.4623 1.9732
9241 16
3 8 3 2 8 5
6.0745 9.0538 8.9156 10.988 11.98 12.057
1.498 0.95742 1.4888 1.4909 1.5642 1.926
9242 16
3 8 3 2 8 5
5.973 9.0371 9.0585 11.057 11.956 11.945
1.5353 0.96188 1.4683 1.575 1.4767 1.9608
9243 16
4 8 1 2 3 8
4.0587 5.0627 5.9115 7.95 8.9847 11.934
2.5485 1.9398 2.0709 1.437 1.5203 1.5393
9244 16
4 8 1 2 3 8
4.0255 4.9106 5.9918 7.9376 9.0372 11.959
2.5443 1.998 1.9788 1.5807 1.5301 1.4523
9245 16
4 8 1 2 3 8
4.013 4.982 5.9942 8.0457 9.0724 12.003
2.4563 2.1039 2.096 1.5105 1.4752 1.6375
9246 16
4 8 1 2 3 8
4.0027 4.894 6.1122 8.0209 8.9437 11.985
2.5518 1.9666 2.0016 1.4795 1.4722 1.4413
9247 16
5 4 3 8 3 5
3.0569 4.0248 6.0008 8.9749 8.9786 11.998
1.4283 2.4518 1.5168 0.89155 1.5216 2.0313
9248 16
5 4 3 8 3 5
2.9804 3.9799 6.0123 8.9398 9.0021 11.98
1.4761 2.475 1.4239 0.9722 1.5126 2.0262
9249 16
5 4 3 8 3 5
2.9991 3.9816 5.9929 8.9861 8.9879 11.932
1.4982 2.4746 1.627 0.9816 1.5873 2.0357
9250 16
5 4 3 8 3 5
3.1208 3.9508 6.0805 8.9482 9.0348 12.056
1.4891 2.6099 1.4448 0.98131 1.5154 1.9457
9251 16
7 5 2 6 8 8
2.0186 2.9983 4.0239 7.5613 8.9403 11.991
2.0665 1.4973 2.05 1.575 1.0356 1.5889
9252 16
7 5 2 6 8 8
1.9462 2.9772 4.027 7.4245 9.0421 11.974
1.9642 1.4882 1.9883 1.4671 0.96487 1.5404
9253 16
7 5 2 6 8 8
1.9419 2.8944 4.0323 7.5489 8.876 11.887
2.0342 1.5173 2.0734 1.5016 0.98944 1.4874
9254 16
3 4 8 7 5 2
2.0269 3.99 5.0043 5.9772 8.0122 11.078
1.4441 2.5882 2.0098 1.44 1.9883 1.6245
9255 16
3 4 8 7 5 2
1.9862 4.0541 5.0187 6.0004 7.9718 10.972
1.5738 2.5515 2.0294 1.4377 1.9651 1.5552
9256 16
3 4 8 7 5 2
2.0766 3.9438 4.9735 5.9023 8.0077 11.038
1.4776 2.4584 1.9096 1.421 1.9764 1.5128
9257 16
3 7 5 8 7 8 2 5
1.9749 2.0474 3.0561 4.9033 6.022 8.9785 11.01 11.98
1.5502 1.9467 1.4647 2.0402 1.5423 0.95369 1.5185 2.0056
9258 16
3 7 5 8 7 8 2 5
1.9424 1.948 2.9649 4.9736 5.9632 9.0027 11.023 12.005
1.4718 2.0533 1.5109 1.9717 1.4496 1.0892 1.4916 1.9957
9259 16
3 7 5 8 7 8 2 5
1.9936 1.9524 3.0651 5.0779 6.0185 8.9989 10.896 12.056
1.5163 2.0242 1.5099 1.9405 1.5095 0.9299 1.5618 1.8749
9260 16
7 2 3 6 5 8 2 8
2.0243 4.0966 5.9861 7.5004 8.0525 8.9195 10.967 11.969
2.0384 2.0215 1.4914 1.5006 2.0034 1.0356 1.3978 1.4697
9261 16
7 2 3 6 5 8 2 8
1.9174 4.0323 5.9903 7.5791 7.9961 9.0193 11.048 12.011
1.9382 2.0763 1.5552 1.5149 1.9953 1.0015 1.5316 1.491
9262 16
7 2 3 6 5 8 2 8
1.9525 3.9762 6.0008 7.5165 8.0207 8.9958 10.948 12.037
2 1.9949 1.4517 1.4889 2.0024 1.0943 1.4812 1.5016
