42
3949 16
8 8 4 2 1 6
2.7001 5.6236 6.1658 7.175 11.476 13.501
2.7297 2.4403 1.2251 1.83 2.146 2.097
3950 16
7 4 1 5 8 2 4
4.2541 6.7805 9.7936 10.235 10.746 11.259 11.484
1.9085 2.5077 2.2343 1.1261 2.8089 2.6648 2.3888
3951 16
6 8 2 3 8 5
0.84529 3.1664 3.741 9.9195 10.959 11.068
2.4911 1.099 2.5179 1.2421 2.9668 2.7836
3952 16
8 5 7 4 7 8 4 2
0.39272 2.3155 2.372 5.8671 6.1684 6.2357 12.744 12.788
2.2225 1.4541 1.7833 1.1132 2.4535 2.4979 1.3044 1.6216
3953 16
6 4 1 6 3 5 1 2
3.7757 4.6895 7.5627 9.4323 9.9162 11.98 12.186 13.571
2.562 1.8649 2.7097 1.2489 2.8628 1.6957 1.0208 2.0415
3954 16
1 4 3 7
2.0254 4.0073 5.9777 5.9437
1.5152 2.3811 1.5255 1.5735
3955 16
1 4 3 7
1.9994 4.067 6.052 6.0467
1.5018 2.4517 1.506 1.5134
3956 16
1 4 3 7
2.0196 4.0332 5.8862 6.0529
1.5472 2.4679 1.4632 1.4884
3957 16
1 4 3 7
2.0748 3.9196 5.9829 6.0315
1.4005 2.6146 1.3747 1.4871
3958 16
2 6 2 8
4.0116 7.4213 8.0448 8.9642
2.0891 1.42 1.4624 1.059
3959 16
2 6 2 8
4.0087 7.5482 7.9801 9.0013
2.0234 1.5585 1.4799 1.0178
3960 16
2 6 2 8
3.9877 7.5399 7.918 9.0343
2.0122 1.4973 1.4555 1.0447
3961 16
2 6 2 8
3.9744 7.4375 7.9668 8.9562
1.9042 1.4621 1.5583 1.0302
3962 16
3 8 3 2 8 5
2.0062 4.999 6.0498 8.0671 9.0402 12.002
1.5262 2.0526 1.4661 1.5108 0.95763 2.0016
3963 16
3 8 3 2 8 5
2.0208 4.9997 5.8707 8.0607 8.9767 11.947
1.5274 2.0269 1.5096 1.465 0.99748 2.0515
3964 16
3 8 3 2 8 5
1.8988 4.9718 6.0358 8.012 8.9675 12.029
1.3581 2.0852 1.5826 1.5025 0.98212 2.1042
3965 16
3 8 3 2 8 5
1.9414 5.0145 6.0178 7.9228 8.9414 11.989
1.4703 2.0328 1.4326 1.4837 1.0009 1.9635
3966 16
3 8 3 2 8 5
5.9712 8.9893 8.9661 11.006 12.01 12.077
1.4272 0.97426 1.4008 1.5858 1.4959 2.0119
3967 16
3 8 3 2 8 5
5.9859 9.0051 8.9688 10.978 11.935 11.921
1.4178 1.0268 1.498 1.5304 1.4471 2.0422
3968 16
3 8 3 2 8 5
6.0041 8.9822 9.0208 10.922 12.017 11.978
1.547 1.0396 1.491 1.4193 1.4393 2.0112
3969 16
3 8 3 2 8 5
5.9793 9.0935 9.045 10.907 12.076 11.997
1.4475 1.0213 1.4548 1.4864 1.5094 1.9723
3970 16
4 8 1 2 3 8
3.9719 4.9709 5.9587 7.9973 8.9738 12.041
2.5938 2.0066 2.0719 1.4996 1.5103 1.5474
3971 16
4 8 1 2 3 8
3.9398 4.973 6.0833 7.9535 9.0861 11.982
2.5884 2.0881 1.9418 1.4935 1.4857 1.4273
3972 16
4 8 1 2 3 8
4.0342 4.9698 5.962 7.9951 8.9935 11.986
2.4835 2.002 1.984 1.5143 1.4605 1.5537
3973 16
4 8 1 2 3 8
3.9838 4.8788 5.9952 7.9735 9.0154 12.027
2.5135 1.9823 1.9734 1.4932 1.5575 1.4742
3974 16
5 4 3 8 3 5
3.0077 3.9906 6.0337 9.0079 8.9529 12.007
1.5868 2.482 1.3868 1.0275 1.4555 2.0851
3975 16
5 4 3 8 3 5
3.0697 4.0169 6.0347 8.9764 9.0744 11.97
1.504 2.4565 1.5011 1.0343 1.4829 2.0388
3976 16
5 4 3 8 3 5
3.0233 4.0665 6.0767 8.9952 9.0091 12.007
1.5304 2.5535 1.3983 0.97012 1.4907 1.9162
3977 16
5 4 3 8 3 5
3.0249 4.12 5.9132 8.9711 9.0197 12.043
1.5231 2.4941 1.4817 1.0918 1.4724 2.0313
3978 16
7 5 2 6 8 8
1.964 2.991 4.0089 7.5017 8.9541 12.039
1.9894 1.4191 1.9544 1.5529 0.93277 1.4948
3979 16
7 5 2 6 8 8
2.0713 2.978 3.9743 7.5186 9.0036 12.036
1.9848 1.5831 1.9501 1.5024 0.99472 1.4516
3980 16
7 5 2 6 8 8
1.9599 2.9733 4.029 7.5468 9.0781 11.945
2.0316 1.4904 1.9786 1.5486 1.081 1.4787
3981 16
7 5 2 6 8 8
2.067 2.9525 3.9941 7.545 9.0993 12.014
1.9533 1.5399 2.0311 1.4508 0.91504 1.4639
3982 16
3 4 8 7 5 2
2.045 4.0417 5.0645 5.9928 7.9988 11.039
1.5061 2.4769 2.0367 1.4681 2.004 1.5141
3983 16
3 4 8 7 5 2
1.9876 3.9746 4.9205 5.967 7.9051 10.896
1.547 2.5419 2.0011 1.5472 1.86 1.4808
3984 16
3 4 8 7 5 2
2.007 4.022 4.9485 6.0196 8.0803 11
1.4804 2.5464 2.0113 1.4964 1.9669 1.485
3985 16
3 7 5 8 7 8 2 5
2.0417 2.0265 3.0131 4.9793 6.0409 8.932 11.044 11.999
1.4308 1.9253 1.4399 1.9944 1.4017 1.0328 1.4384 2.0135
3986 16
3 7 5 8 7 8 2 5
1.9739 1.9556 2.8896 4.9277 5.9163 9.0275 11.001 11.996
1.4771 1.9326 1.5738 1.9793 1.5299 1 1.4175 1.9591
3987 16
3 7 5 8 7 8 2 5
2.0005 2.0336 3.0666 4.9959 5.9529 9.0193 11.017 12.074
1.4752 1.904 1.583 2.0669 1.5236 1.0407 1.5299 1.9902
3988 16
7 2 3 6 5 8 2 8
1.9422 3.9264 5.9993 7.5096 7.9365 8.974 10.957 12.001
1.8979 2.0823 1.462 1.4561 2.0046 1.0265 1.4968 1.4781
3989 16
7 2 3 6 5 8 2 8
2.0664 4.0645 5.9277 7.5672 7.914 9.0148 10.987 11.982
2.005 1.983 1.4956 1.4177 1.9926 0.94546 1.5048 1.4328
3990 16
7 2 3 6 5 8 2 8
2.0697 3.9616 6.1116 7.4918 8.0223 8.9891 10.973 12.051
1.9655 1.9021 1.5316 1.5263 1.9729 0.98052 1.5459 1.4549
