42
3487 16
4 8 5 4 3
2.6295 3.9617 6.6168 6.8706 12.038
2.7015 2.6366 2.1934 1.9044 1.5795
3488 16
2 1 6 5 7 4 6 8
1.8674 5.1918 5.6046 5.9057 9.4098 10.281 12.317 13.385
1.2715 2.1839 1.4896 2.6671 2.1488 1.0842 2.1282 1.4787
3489 16
8 8 5 1
1.9558 9.5592 10.077 12.628
1.3053 2.9285 2.6814 1.9227
3490 16
4 8 3 1
3.764 5.1751 6.913 13.51
2.2054 1.6007 1.257 1.3528
3491 16
6 4 7 8 3 6
4.1265 6.2125 6.475 9.0638 9.8183 11.782
2.5743 1.8967 1.4713 1.8478 2.1685 2.4737
3492 16
1 4 3 7
2.0638 3.9923 5.9659 5.9911
1.4028 2.4275 1.5328 1.4706
3493 16
1 4 3 7
1.9456 3.9276 6.0006 6.056
1.4798 2.4881 1.5006 1.5538
3494 16
1 4 3 7
1.91 4.0601 6.0462 5.9185
1.535 2.5473 1.458 1.5263
3495 16
1 4 3 7
2.0081 3.9932 6.002 5.9966
1.4942 2.5044 1.4983 1.4979
3496 16
2 6 2 8
4.0193 7.5656 7.9785 8.8902
2.0031 1.5126 1.4793 0.98606
3497 16
2 6 2 8
3.9723 7.485 7.9123 8.9794
1.9754 1.4239 1.4714 1.0376
3498 16
2 6 2 8
4.0096 7.519 8.0416 8.9372
2.0028 1.4987 1.4405 0.92064
3499 16
2 6 2 8
4.0293 7.4984 8.0053 9.0004
2.0257 1.4997 1.4939 0.9852
3500 16
3 8 3 2 8 5
2.0305 5.0334 5.9713 8.0765 9.0317 11.941
1.5563 2.0303 1.4203 1.4727 0.85814 2.0883
3501 16
3 8 3 2 8 5
2.0619 5.0034 6.0009 7.9057 9.0176 11.938
1.5239 1.9997 1.5492 1.5326 1.0107 1.9593
3502 16
3 8 3 2 8 5
1.9196 5.024 6.0577 7.9853 9.0826 11.959
1.5457 1.993 1.4616 1.4912 0.96372 1.9135
3503 16
3 8 3 2 8 5
2.0674 4.9912 5.9735 8.0071 9.0743 12.131
1.4168 1.9328 1.364 1.4046 1.1034 1.9455
3504 16
3 8 3 2 8 5
6.1572 9.011 8.9608 11.007 11.986 12.053
1.5366 1.001 1.4375 1.4407 1.5298 2.0535
3505 16
3 8 3 2 8 5
6.0376 8.9989 8.9963 10.971 12.055 11.993
1.5426 1.0567 1.4347 1.44 1.4136 2.0317
3506 16
3 8 3 2 8 5
5.9671 8.9464 8.9818 10.952 12.005 11.914
1.5145 1.0655 1.415 1.5207 1.4749 2.0736
3507 16
3 8 3 2 8 5
5.9364 8.9626 9.0077 10.989 11.999 12.049
1.4634 0.93408 1.496 1.5181 1.4833 2.057
3508 16
4 8 1 2 3 8
3.956 5.0425 5.9522 7.9794 9.0195 12.008
2.4308 1.9911 1.9534 1.4658 1.5361 1.4557
3509 16
4 8 1 2 3 8
3.9421 5.0537 6.0794 8.0215 8.999 12.009
2.5593 2.0107 1.9847 1.523 1.5793 1.4864
3510 16
4 8 1 2 3 8
3.9441 5.1003 6.0835 8.1003 9.0453 12.007
2.5144 2.0398 2.0765 1.5519 1.5563 1.5197
3511 16
4 8 1 2 3 8
4.0212 4.94 5.89 7.9636 9.0752 11.905
2.523 2.0249 1.9503 1.5591 1.6033 1.4303
3512 16
5 4 3 8 3 5
2.9995 4.0054 6.009 8.9331 9.0756 11.94
1.5012 2.5514 1.4919 0.94609 1.4973 2.0017
3513 16
5 4 3 8 3 5
3.0196 3.9912 6.0439 9.0163 9.0538 12.038
1.3985 2.5312 1.4904 1.0318 1.4587 2.0155
3514 16
5 4 3 8 3 5
3.0029 4.1189 6.1163 9.0376 8.9908 11.946
1.3952 2.5686 1.5008 0.99028 1.5069 2.0096
3515 16
5 4 3 8 3 5
2.9129 3.9929 6.0511 9.0403 8.974 12.03
1.5201 2.5015 1.576 1.032 1.5635 1.9836
3516 16
7 5 2 6 8 8
2.068 3.007 3.8865 7.566 9.0522 11.943
1.9872 1.4952 1.9449 1.5458 0.98942 1.408
3517 16
7 5 2 6 8 8
1.9386 2.9405 3.9498 7.4621 9.0138 11.913
2.0484 1.514 2.014 1.5198 0.9567 1.5284
3518 16
7 5 2 6 8 8
2.0381 2.9246 4.0475 7.5395 8.9911 12.035
1.9963 1.5561 2.0655 1.5191 0.96291 1.561
3519 16
7 5 2 6 8 8
1.9685 3.0326 4.1071 7.6061 8.8806 12.045
1.9744 1.4567 2.0441 1.3865 1.0409 1.5367
3520 16
3 4 8 7 5 2
2.0692 3.9135 5.0119 5.9688 7.952 11.022
1.5668 2.4123 2.0272 1.5526 1.9352 1.4633
3521 16
3 4 8 7 5 2
1.9188 3.9297 4.9408 6.1284 7.9923 10.964
1.3939 2.4612 2.0313 1.4349 1.9853 1.5622
3522 16
3 4 8 7 5 2
1.9547 4.0074 4.9907 6.0393 8.0088 10.987
1.532 2.5117 1.9664 1.5412 1.9596 1.4913
3523 16
3 7 5 8 7 8 2 5
1.9557 1.9941 2.9546 5.054 5.9586 8.9818 11.013 12.071
1.526 2.019 1.4792 2.0083 1.4499 0.92215 1.5004 1.9853
3524 16
3 7 5 8 7 8 2 5
2.0602 2.051 2.9424 4.9976 5.9764 9.0168 11.098 11.964
1.4776 1.918 1.4825 2.0159 1.4603 0.98732 1.5537 2.0243
3525 16
3 7 5 8 7 8 2 5
1.9074 1.9815 2.9983 4.9127 6.031 8.9517 11.024 11.929
1.5057 1.9525 1.5355 1.9959 1.4316 1.1163 1.54 1.9618
3526 16
7 2 3 6 5 8 2 8
1.9658 4.0324 6.0014 7.4637 8.0658 8.9878 10.945 12.038
1.905 2.0118 1.4715 1.4749 2.1019 1.0462 1.4542 1.5158
3527 16
7 2 3 6 5 8 2 8
2.0601 4.149 5.9781 7.5288 8.0148 8.9765 11.037 12.002
1.9746 1.9221 1.4444 1.4066 2.0141 1.0124 1.4607 1.5711
3528 16
7 2 3 6 5 8 2 8
1.9757 3.9445 5.8937 7.5538 7.9252 9.0363 10.908 12.048
1.9549 1.9834 1.4702 1.4438 2.0144 1.0741 1.4555 1.5692
