41
7172 16
8 1 8 3
1.299 5.5504 10.582 10.859
2.0357 2.2201 1.1678 1.7303
7173 16
4 2 8 2 6 5
0.30435 1.1189 6.0765 10.328 11.261 11.827
1.0093 1.6718 1.7156 1.3028 2.6677 2.6247
7174 16
2 4 7 2 8
2.4073 4.8616 9.4677 11.199 13.463
2.3819 2.7663 2.8685 2.3082 1.1676
7175 16
8 7 2 8 1 5 7
3.2823 6.7604 6.9447 7.0992 7.3438 9.5498 13.085
1.368 2.5802 1.1917 2.6383 2.7692 2.2156 1.8132
7176 16
4 3 1 8 3
0.35594 2.3765 2.7805 3.8033 10.604
1.5525 1.5931 2.9221 1.1965 2.1929
7177 16
1 4 3 7
2.0559 3.9589 5.9442 6.0447
1.4904 2.4211 1.5659 1.5036
7178 16
1 4 3 7
1.9841 4.015 5.9681 6.0314
1.5748 2.4947 1.5078 1.4925
7179 16
1 4 3 7
1.9749 4.005 5.9707 5.9893
1.4629 2.5089 1.5686 1.4714
7180 16
1 4 3 7
2.0065 3.9231 6.0053 5.9921
1.5939 2.4767 1.4413 1.5024
7181 16
2 6 2 8
3.9205 7.4926 7.9686 9.0742
1.9894 1.4752 1.469 0.98356
7182 16
2 6 2 8
4.077 7.4961 7.9846 8.9538
1.9081 1.4669 1.4466 0.99466
7183 16
2 6 2 8
3.9716 7.5296 8.0146 9.0432
1.9944 1.5166 1.5515 1.064
7184 16
2 6 2 8
3.9843 7.4927 8.0283 9.0007
1.9586 1.5049 1.5641 1.0436
7185 16
3 8 3 2 8 5
1.9553 4.9643 6.116 7.9932 9.0199 12.085
1.507 2.0356 1.5251 1.453 0.92497 2.0264
7186 16
3 8 3 2 8 5
1.9363 4.9805 6.0207 7.9959 8.8572 12.048
1.5204 1.9642 1.6338 1.4969 1.0196 1.9662
7187 16
3 8 3 2 8 5
2.0374 4.9675 6.0306 7.9851 9.0173 12.111
1.5539 1.8766 1.488 1.5928 0.95074 1.9964
7188 16
3 8 3 2 8 5
1.9856 4.9805 6.0606 7.9557 8.9527 11.984
1.5092 1.9686 1.5064 1.4963 1.0091 1.9569
7189 16
3 8 3 2 8 5
6.0518 9.0938 9.0696 10.948 12.054 12.035
1.588 0.98894 1.5563 1.4761 1.4753 1.992
7190 16
3 8 3 2 8 5
6.079 9.081 8.9813 11.043 11.977 11.906
1.4734 0.97269 1.4518 1.5973 1.5056 1.9265
7191 16
3 8 3 2 8 5
5.9656 9.0177 8.9192 10.935 12.005 12.062
1.4695 1.0345 1.5463 1.5109 1.415 2.0282
7192 16
3 8 3 2 8 5
5.9942 9.036 8.9338 10.931 11.873 12.025
1.5634 0.98883 1.5632 1.5502 1.4295 2.0104
7193 16
4 8 1 2 3 8
3.9568 5.0224 6.0361 7.9939 8.9422 12.106
2.4541 2.0341 2.0174 1.5652 1.5042 1.5127
7194 16
4 8 1 2 3 8
4.0371 5.0352 6.0553 7.9834 8.9903 12.048
2.4734 1.9888 1.9297 1.407 1.4643 1.5426
7195 16
4 8 1 2 3 8
3.9797 4.9812 5.9252 8.0038 8.973 12.065
2.5387 1.9987 2.0101 1.5304 1.4616 1.5516
7196 16
4 8 1 2 3 8
4.0703 5.0495 6.0687 8.0603 9.0089 11.924
2.4786 2.0445 1.9875 1.5577 1.4692 1.5421
7197 16
5 4 3 8 3 5
3.0042 3.8968 6.0133 9.0069 9.0401 12.051
1.4235 2.5196 1.5714 1.0513 1.5105 1.9618
7198 16
5 4 3 8 3 5
3.0202 4.0846 6.0654 9.0207 9.032 12.012
1.5049 2.5199 1.5572 0.97361 1.4984 2.069
7199 16
5 4 3 8 3 5
2.9997 3.9694 5.9726 9.0334 9.007 12.026
1.4498 2.505 1.5495 1.0317 1.489 1.9789
7200 16
5 4 3 8 3 5
2.939 3.9511 6.0017 8.9717 9.0439 11.956
1.4956 2.5169 1.5088 1.0919 1.5222 2.0165
7201 16
7 5 2 6 8 8
2.0024 2.9869 4.0043 7.5333 9.0346 11.975
2.0505 1.4963 1.967 1.4746 0.94252 1.471
7202 16
7 5 2 6 8 8
2.0552 3.0102 3.989 7.4483 9.0684 12
2.0137 1.5091 2.0287 1.4818 0.98973 1.464
7203 16
7 5 2 6 8 8
2.0305 2.949 3.9095 7.5328 9.0076 12.009
1.9769 1.5038 2.0379 1.4848 0.93569 1.5236
7204 16
3 4 8 7 5 2
1.9701 4.1038 5.0279 6.0422 8.0191 11.092
1.467 2.5044 1.9855 1.4333 2.0452 1.5318
7205 16
3 4 8 7 5 2
1.9858 3.9866 5.0865 6.0281 7.9388 10.959
1.5089 2.5589 1.9708 1.4795 1.9516 1.4547
7206 16
3 4 8 7 5 2
1.9481 3.9762 4.9789 5.904 7.9606 10.924
1.5015 2.5435 1.9478 1.4537 1.9839 1.4797
7207 16
3 7 5 8 7 8 2 5
1.9801 2.0064 3.1333 4.9891 6.0035 9.0078 10.967 12.138
1.4681 2.0492 1.4711 1.9404 1.5885 0.96369 1.5354 1.9622
7208 16
3 7 5 8 7 8 2 5
2.0088 2.0395 2.9225 4.9395 6.0867 9.0357 10.965 11.982
1.4828 1.9819 1.4481 1.9996 1.5433 0.96605 1.4572 1.9234
7209 16
3 7 5 8 7 8 2 5
1.9237 2.0044 3.0926 5.0621 6.0151 8.9311 10.972 11.951
1.4881 2.021 1.4544 1.991 1.5171 0.96163 1.4301 2.0445
7210 16
7 2 3 6 5 8 2 8
2.0399 3.9952 5.9697 7.4931 8.0053 9.0318 11.042 11.925
2.081 1.9765 1.5134 1.5816 1.9712 0.93677 1.4379 1.3993
7211 16
7 2 3 6 5 8 2 8
1.9298 4.028 6.0043 7.4424 7.9675 8.9804 11.052 12.041
2.0157 2.0169 1.5258 1.5851 2.0615 0.97473 1.5034 1.5939
7212 16
7 2 3 6 5 8 2 8
1.9993 4.0345 6.1135 7.5149 7.9503 8.9643 11.05 11.95
2.0505 2.0919 1.424 1.5312 1.976 1.0133 1.5131 1.3943
