42
2899 16
5 1 3 4 6 8
1.1375 1.2373 5.3757 7.9119 7.9582 8.2223
1.4277 2.8335 1.5177 2.0988 1.2093 1.8935
2900 16
1 8 4 5 7 3 4
1.3655 2.564 2.8145 8.25 8.7925 9.2319 10.282
2.5831 2.4154 1.2472 2.2705 2.517 2.8943 1.6014
2901 16
6 2 1 8 3 1 6 8
0.31814 1.9482 4.4055 4.6327 6.4096 8.6243 9.4759 10.461
1.4021 2.538 2.9907 1.6604 2.2034 2.0042 2.3897 2.4962
2902 16
5 4 6 2 1 3 2
0.45688 1.7073 3.7941 6.349 6.6886 8.24 10.003
1.8453 2.8153 2.9862 1.11 1.7682 2.9978 2.8867
2903 16
2 5 3 6 4 1 7 4
2.8433 3.0628 4.2616 6.4093 8.0121 9.4421 10.094 10.503
2.5949 2.8632 1.131 1.7538 1.8489 2.8156 1.1244 1.2544
2904 16
1 4 3 7
2.0302 4.0774 5.9674 6.0506
1.4915 2.4519 1.4817 1.4623
2905 16
1 4 3 7
2.0033 4.0494 5.9987 5.9319
1.5203 2.4953 1.4827 1.4498
2906 16
1 4 3 7
2.0182 4.1054 6.0209 5.9721
1.5579 2.584 1.5476 1.5105
2907 16
1 4 3 7
2.0209 3.9634 5.9624 5.9783
1.5123 2.5011 1.4655 1.5403
2908 16
2 6 2 8
3.9744 7.5645 8.0348 9.0296
2.0465 1.5185 1.4846 0.99705
2909 16
2 6 2 8
4.0403 7.4914 7.9633 9.0179
2.0628 1.4196 1.4566 1.016
2910 16
2 6 2 8
4.0653 7.5545 8.0061 9.0118
2.0081 1.522 1.4716 1.0628
2911 16
2 6 2 8
4.0104 7.5205 7.9512 9.0758
2.0594 1.5527 1.513 0.94071
2912 16
3 8 3 2 8 5
2.0423 5.0443 6.0503 7.9438 9.0326 11.943
1.43 2.0165 1.5518 1.5847 1.0212 2.0112
2913 16
3 8 3 2 8 5
1.994 5.0448 6.0186 7.9391 8.8724 12.017
1.539 1.9106 1.5006 1.4714 0.9906 2.0817
2914 16
3 8 3 2 8 5
2.1153 4.9618 5.9939 7.9767 8.9495 12.115
1.434 1.9964 1.4879 1.542 0.89068 1.9997
2915 16
3 8 3 2 8 5
2.0209 5.0685 5.9961 7.9839 8.9996 11.947
1.454 1.9385 1.4567 1.5336 0.98403 2.0033
2916 16
3 8 3 2 8 5
5.9787 9.021 8.9424 11.055 12.029 12.052
1.4804 0.95958 1.5425 1.4533 1.5311 1.9683
2917 16
3 8 3 2 8 5
5.9726 8.9644 8.8997 10.985 12.007 11.951
1.5183 1.0166 1.5173 1.561 1.4445 2.0662
2918 16
3 8 3 2 8 5
5.9381 8.9057 9.0819 11.045 11.955 11.992
1.5327 1.0785 1.5348 1.6282 1.519 2.0421
2919 16
3 8 3 2 8 5
5.9644 8.9137 8.972 10.973 12.033 11.982
1.4507 1.0401 1.5488 1.4166 1.5154 1.9272
2920 16
4 8 1 2 3 8
3.8819 4.9646 6.0266 7.9491 9.0318 12.088
2.5686 2.0689 2.0652 1.3867 1.5981 1.5129
2921 16
4 8 1 2 3 8
4.0151 4.9789 5.9927 8.02 8.9681 12.006
2.4962 2.0258 1.9527 1.4821 1.5849 1.4843
2922 16
4 8 1 2 3 8
3.9876 4.9068 5.8986 8.0679 8.9986 11.936
2.5386 2.1029 2.0046 1.5341 1.49 1.5016
2923 16
4 8 1 2 3 8
3.9642 5.0434 5.9713 7.9559 9.0077 12.098
2.4614 1.9581 2.0136 1.6066 1.4322 1.436
2924 16
5 4 3 8 3 5
3.0171 4.0535 5.9374 9.0128 9.0019 11.995
1.4923 2.5503 1.475 1.1071 1.4648 1.9879
2925 16
5 4 3 8 3 5
2.9576 3.9669 5.9933 9.0706 9.0008 12.05
1.4629 2.5474 1.4672 0.99815 1.4803 2.0105
2926 16
5 4 3 8 3 5
3.0045 3.9211 5.9655 9.0479 8.9133 12.007
1.496 2.4894 1.4703 0.94242 1.4557 1.9719
2927 16
5 4 3 8 3 5
3.0003 4.0046 5.917 9.0794 9.0019 12.042
1.4735 2.4119 1.4306 1.0337 1.5387 2.0012
2928 16
7 5 2 6 8 8
1.9382 3.1538 4.0396 7.4744 8.9874 12.039
1.9736 1.4968 2.0711 1.4742 0.99301 1.4928
2929 16
7 5 2 6 8 8
1.9572 2.9298 3.9102 7.5132 8.9386 11.968
1.8993 1.5008 1.9777 1.5607 1.008 1.5963
2930 16
7 5 2 6 8 8
2.0234 2.9606 3.9788 7.5308 9.006 12.013
1.929 1.473 1.9499 1.511 0.955 1.5424
2931 16
7 5 2 6 8 8
2.0045 3.0218 3.9653 7.6227 8.9231 11.943
2.0729 1.5082 2.0303 1.4499 1.0373 1.4758
2932 16
3 4 8 7 5 2
1.9908 4.0069 4.9192 6.0104 8.0287 11.05
1.4789 2.4992 1.9788 1.5129 1.9843 1.4311
2933 16
3 4 8 7 5 2
2.0452 4.0352 4.9284 5.9784 8.0804 11.137
1.5396 2.4173 2.0195 1.5408 1.9502 1.4022
2934 16
3 4 8 7 5 2
2.0437 4.0356 5.0428 6.0005 8.0992 10.971
1.5672 2.5094 1.9823 1.54 2.0747 1.5338
2935 16
3 7 5 8 7 8 2 5
2.0639 1.9988 3.0117 4.9919 5.9966 8.9692 11.008 11.952
1.582 1.9428 1.4458 1.9653 1.5455 1.0608 1.5177 1.9691
2936 16
3 7 5 8 7 8 2 5
1.9744 1.9906 2.9948 5.0381 6.1203 9.0421 10.933 12.063
1.4924 2.1519 1.5154 1.9555 1.6015 0.98098 1.5758 2.0488
2937 16
3 7 5 8 7 8 2 5
1.9942 2.0162 2.9572 5.0688 6.0288 9.0873 10.957 11.893
1.4453 2.0336 1.5761 2.0353 1.4681 1.0493 1.53 1.9011
2938 16
7 2 3 6 5 8 2 8
2.033 4.0074 5.9632 7.5265 7.9801 8.9567 10.924 11.931
1.9377 2.0508 1.488 1.4882 2.0158 0.96711 1.4246 1.5067
2939 16
7 2 3 6 5 8 2 8
2.0127 4.0661 6.0251 7.5343 7.998 9.0149 10.997 11.96
1.8996 2.0346 1.5423 1.4525 2.0074 1.0142 1.536 1.5629
2940 16
7 2 3 6 5 8 2 8
1.9774 4.0075 6.0579 7.6188 8.0556 9.0137 11.013 11.99
2.0055 2.05 1.4544 1.5577 1.9532 1.0093 1.5147 1.5872
