42
337 16
7 1 8 7
5.4688 11.209 13.108 13.567
1.1148 1.4939 1.2873 1.8565
338 16
3 1 6 4 3
1.2701 3.6197 11.427 12.46 12.907
2.1158 2.695 1.6575 1.2759 3
339 16
4 5 3 5 8 4
0.64268 3.6981 5.2748 7.7598 10.945 13.413
2.8963 2.8532 1.8289 2.8357 2.7095 1.9542
340 16
6 2 8 2
0.77086 9.9316 11.181 13.228
2.8113 2.1649 1.8134 1.1929
341 16
3 8 2 5 7 3
3.9591 4.6187 8.7626 9.55 12.724 13.4
2.8039 2.9156 2.0359 1.7135 2.9435 2.3155
342 16
1 4 3 7
2.0226 4.1062 6.0201 5.8716
1.5123 2.5653 1.423 1.4796
343 16
1 4 3 7
2.0536 4.0817 5.9435 5.9254
1.5868 2.4819 1.5801 1.5071
344 16
1 4 3 7
1.9581 3.9737 5.8974 5.9209
1.5603 2.5624 1.5488 1.4408
345 16
1 4 3 7
1.9257 3.9148 5.9261 5.9577
1.4758 2.4649 1.5031 1.5191
346 16
2 6 2 8
3.9167 7.4325 8.0972 8.9532
1.9209 1.5596 1.5542 1.0633
347 16
2 6 2 8
3.9484 7.5984 7.9505 8.9131
1.9135 1.5001 1.4777 0.99917
348 16
2 6 2 8
4.0554 7.5565 7.9846 8.9577
1.9875 1.5089 1.5504 0.97343
349 16
2 6 2 8
4.0447 7.4381 8.0034 8.9742
2.049 1.4045 1.5005 0.98525
350 16
3 8 3 2 8 5
1.9271 4.9519 6.0459 7.9231 9.0419 11.987
1.5026 2.0343 1.4659 1.5466 0.96534 1.9774
351 16
3 8 3 2 8 5
2.0435 4.9459 5.9799 7.9159 9.0534 11.974
1.5445 2.0592 1.5268 1.5736 1.0121 1.9003
352 16
3 8 3 2 8 5
1.971 4.9506 6.0076 7.985 9.001 11.964
1.6007 1.9502 1.4958 1.4409 0.91222 2.0703
353 16
3 8 3 2 8 5
2.0322 5.017 6.0244 8.0177 9.0397 11.989
1.5877 2.0511 1.6059 1.4143 0.9696 2.0021
354 16
3 8 3 2 8 5
6.0044 8.9136 9.0675 11.094 11.949 12.026
1.5017 0.93698 1.4742 1.5931 1.4841 1.9412
355 16
3 8 3 2 8 5
5.9771 9.0041 8.9774 10.949 12.051 11.951
1.4109 0.98444 1.5357 1.5194 1.5185 1.981
356 16
3 8 3 2 8 5
5.9887 9.0335 8.9596 11.028 12.05 11.887
1.4723 0.95711 1.5397 1.478 1.5377 1.9708
357 16
3 8 3 2 8 5
5.9988 8.9985 9.0359 11.056 12.047 12.019
1.3996 1.0269 1.5166 1.5807 1.587 1.9352
358 16
4 8 1 2 3 8
3.9083 4.9403 5.997 7.9839 9.0747 11.983
2.5267 1.9578 1.9466 1.4194 1.4504 1.4203
359 16
4 8 1 2 3 8
3.9253 4.8583 6.0606 8.0447 9.0077 11.99
2.5259 1.9302 1.9916 1.598 1.5277 1.505
360 16
4 8 1 2 3 8
4.0345 4.9972 5.9574 8.0703 9.0539 11.951
2.4855 1.9311 1.9886 1.5329 1.3902 1.5423
361 16
4 8 1 2 3 8
4.0341 4.8788 5.9699 8.0138 8.9526 11.943
2.5421 1.9549 1.947 1.4181 1.5998 1.5446
362 16
5 4 3 8 3 5
3.0261 4.0272 5.9453 8.9774 9.0223 12
1.4373 2.5113 1.4784 1.0668 1.5076 1.9798
363 16
5 4 3 8 3 5
2.9493 3.9548 6.0322 8.9767 9.0287 12.013
1.5192 2.4988 1.4377 0.99112 1.4753 1.9917
364 16
5 4 3 8 3 5
2.9904 4.0201 6.0109 9.0286 8.9786 12.057
1.4092 2.5225 1.539 0.98599 1.6136 1.9589
365 16
5 4 3 8 3 5
3.044 4.0542 5.9965 8.8958 8.9789 11.991
1.503 2.4634 1.4552 0.98287 1.4882 2.0314
366 16
7 5 2 6 8 8
2.0151 2.9666 4.0392 7.5133 8.9563 12.002
2.0275 1.6023 1.9656 1.5792 0.94978 1.5727
367 16
7 5 2 6 8 8
2.0033 3.0009 3.967 7.4765 9.0118 11.98
1.9426 1.4681 2.0072 1.5893 1.013 1.47
368 16
7 5 2 6 8 8
1.9884 3.013 4.007 7.5455 8.9443 11.948
2.0066 1.5257 2.0211 1.5326 1.0558 1.4544
369 16
7 5 2 6 8 8
1.966 2.9581 4.0281 7.4689 9.0076 12.029
1.9634 1.4691 2.0078 1.5412 1.044 1.5043
370 16
3 4 8 7 5 2
2.0403 3.9425 5.0532 6.047 8.0273 11.017
1.4749 2.4446 2.0374 1.4499 2.0087 1.48
371 16
3 4 8 7 5 2
1.978 4.0604 5.0859 5.9559 8.0143 11.026
1.5009 2.4586 1.9075 1.4642 2.0046 1.4853
372 16
3 4 8 7 5 2
2.019 4.0239 4.9874 5.9676 8.0872 10.897
1.5056 2.5681 1.9562 1.4692 2.0909 1.5486
373 16
3 7 5 8 7 8 2 5
2.0029 1.9202 2.9642 4.9767 6.0807 8.9433 11.015 11.963
1.5013 1.9139 1.4856 1.9483 1.5132 0.94099 1.4871 2.0114
374 16
3 7 5 8 7 8 2 5
1.9804 2.012 3.0573 4.9929 5.9598 8.8876 10.965 12.013
1.514 1.9801 1.4992 1.9537 1.5116 1.0252 1.5791 1.9017
375 16
3 7 5 8 7 8 2 5
1.9263 1.9761 2.999 4.9636 6.0093 8.955 10.974 11.981
1.5485 1.9867 1.5075 1.9322 1.4225 1.0875 1.5915 1.9535
376 16
7 2 3 6 5 8 2 8
1.9174 4.0283 6.0128 7.5081 7.9678 9.01 11.007 12.014
1.9979 1.9604 1.3838 1.4308 1.9844 0.99215 1.4887 1.5397
377 16
7 2 3 6 5 8 2 8
1.9806 3.8765 5.955 7.4566 7.9871 9.0645 10.992 11.983
1.975 1.9869 1.4659 1.5 1.994 1.0072 1.5047 1.5629
378 16
7 2 3 6 5 8 2 8
1.9802 3.9775 6.0578 7.565 8.1211 8.9522 11.045 11.988
1.9986 2.0307 1.4182 1.509 1.9299 0.96262 1.4001 1.4409
