41
8566 16
6 2 5 2 5
2.5652 3.0194 4.5163 6.369 7.5374
1.8766 2.0768 2.8696 2.8213 1.2883
8567 16
2 6 5 4 1 7
3.741 8.7538 10.324 10.725 11.661 14.498
2.3897 2.3558 1.6075 2.7629 2.2897 1.0388
8568 16
5 6 8 5 1
0.45 4.475 4.6635 5.2678 6.791
2.5427 2.3458 2.0895 2.4348 1.1652
8569 16
6 7 8 1
5.6674 9.5197 10.085 13.977
1.2522 2.9591 2.2321 1.9803
8570 16
2 8 3 8 6
0.20535 1.1759 4.6072 5.3984 9.9821
2.9804 1.8618 1.3181 2.8316 1.7551
8571 16
1 4 3 7
1.9369 4.0221 6.0196 5.9363
1.551 2.4606 1.4953 1.5331
8572 16
1 4 3 7
1.9456 4.011 6.0182 5.9533
1.5284 2.5419 1.5024 1.521
8573 16
1 4 3 7
1.998 3.962 6.1623 6.0168
1.5893 2.5417 1.4367 1.4783
8574 16
1 4 3 7
1.9818 3.9957 6.0341 5.9593
1.4675 2.5158 1.5648 1.4869
8575 16
2 6 2 8
3.9898 7.5042 8.0614 9.0134
2.0892 1.5759 1.5941 1.0289
8576 16
2 6 2 8
3.918 7.4808 7.9742 8.9822
1.99 1.5345 1.4597 0.93811
8577 16
2 6 2 8
4.0102 7.436 8.0185 9.1057
1.9624 1.4404 1.5023 1.0373
8578 16
2 6 2 8
3.9915 7.4976 7.9809 8.9702
2.0381 1.5415 1.5266 0.96658
8579 16
3 8 3 2 8 5
1.8889 4.9974 5.9645 8.0299 9.0404 11.997
1.5962 2.0417 1.511 1.4898 0.97089 2.0556
8580 16
3 8 3 2 8 5
1.96 5.0635 5.9122 8.0831 8.9892 11.965
1.5478 1.9667 1.3594 1.5221 0.95005 2.0022
8581 16
3 8 3 2 8 5
2.054 5.0016 6.0972 7.9435 9.0056 11.998
1.4134 2.0175 1.4259 1.521 0.9611 1.9411
8582 16
3 8 3 2 8 5
2.0022 5.0266 6.1057 7.9687 8.9314 12.056
1.5735 1.9882 1.4309 1.5418 0.96468 2.0468
8583 16
3 8 3 2 8 5
5.8923 8.9879 9.0888 11.015 11.983 11.999
1.4931 0.96906 1.4245 1.4913 1.49 1.9819
8584 16
3 8 3 2 8 5
5.9567 8.888 8.8897 11.017 12.004 11.975
1.4591 0.96726 1.5447 1.4691 1.4051 2.0025
8585 16
3 8 3 2 8 5
5.9243 9.0547 8.9785 11 11.976 11.987
1.4923 0.8865 1.4398 1.5254 1.4663 1.9827
8586 16
3 8 3 2 8 5
5.9885 9.0039 9.0476 11.033 11.941 12.019
1.4223 1.0253 1.4508 1.4568 1.4675 1.9776
8587 16
4 8 1 2 3 8
3.9654 4.9435 6.0016 8.0108 9.1158 11.937
2.4757 1.9784 2.0357 1.4582 1.5 1.4479
8588 16
4 8 1 2 3 8
4.0401 4.99 6.0519 7.953 8.9557 12.054
2.5024 1.9236 2.0272 1.4837 1.4822 1.5496
8589 16
4 8 1 2 3 8
4.0547 5.0218 6.0834 7.952 8.99 12.063
2.5365 1.934 1.9693 1.477 1.5291 1.4747
8590 16
4 8 1 2 3 8
4.0259 4.9748 6.0214 8.0071 8.9498 11.885
2.5489 1.9659 1.9739 1.5493 1.4921 1.4385
8591 16
5 4 3 8 3 5
2.9607 3.975 5.9625 9.0465 8.9533 12.067
1.4861 2.61 1.4781 1.0458 1.5165 1.9385
8592 16
5 4 3 8 3 5
3.0391 3.894 5.941 8.9424 9.0424 11.956
1.474 2.5102 1.5159 1.1101 1.5357 2.0656
8593 16
5 4 3 8 3 5
3.0008 4.0327 5.9446 9.0027 8.9614 11.957
1.4695 2.5604 1.4599 1.0226 1.5318 2.0621
8594 16
5 4 3 8 3 5
2.992 3.965 6.0053 9.0429 8.9515 12.112
1.5535 2.5156 1.4419 0.98634 1.56 2.0849
8595 16
7 5 2 6 8 8
2.0109 2.9757 4.0997 7.4406 8.9539 12.02
2.0583 1.5518 1.9767 1.55 1.0784 1.4764
8596 16
7 5 2 6 8 8
1.8947 3.0886 3.9344 7.5699 8.9927 11.978
2.0334 1.4878 2.0636 1.4651 1.0301 1.4349
8597 16
7 5 2 6 8 8
2.0906 2.9651 4.0564 7.4666 8.9565 12.032
2.0036 1.5236 2.0284 1.461 1.0783 1.5633
8598 16
3 4 8 7 5 2
1.9854 4.0531 4.9246 6.0179 7.9621 11.019
1.5182 2.5142 2.053 1.4987 2.0451 1.4242
8599 16
3 4 8 7 5 2
2.0126 3.9983 5.0172 6.0676 7.9592 10.958
1.4992 2.4918 1.9648 1.4894 1.9651 1.4726
8600 16
3 4 8 7 5 2
2.0936 3.949 4.975 6.0207 8.0033 11.058
1.5286 2.5485 1.9709 1.4873 1.9921 1.5028
8601 16
3 7 5 8 7 8 2 5
1.9919 1.972 2.9205 4.9616 5.952 8.9918 11.179 12.046
1.5049 2.0364 1.4449 1.9894 1.5979 0.98752 1.5388 1.9412
8602 16
3 7 5 8 7 8 2 5
2.0105 2.0027 3.0124 5.0218 6.0134 9.0109 10.998 12.082
1.4225 1.9736 1.494 2.0052 1.4364 1.0777 1.5077 2.0096
8603 16
3 7 5 8 7 8 2 5
2.0239 2.002 2.8653 4.9701 6.0503 9.0033 11.011 11.99
1.4293 2.0292 1.4682 2.033 1.5721 1.1192 1.4701 1.9417
8604 16
7 2 3 6 5 8 2 8
2.141 3.9429 5.9868 7.4794 7.9328 9.0851 10.909 12.032
2.0196 2.0395 1.4009 1.5233 2.0509 0.97333 1.5144 1.5284
8605 16
7 2 3 6 5 8 2 8
1.9657 3.9398 6.0028 7.4806 8.0989 8.9853 10.949 11.957
2.0352 1.988 1.5563 1.4494 1.9929 1.0244 1.481 1.3873
8606 16
7 2 3 6 5 8 2 8
1.9671 3.992 5.9824 7.4135 7.9704 8.9906 11.03 12.062
2.0656 2.0526 1.4789 1.5351 1.9466 1.0017 1.4336 1.498
