42
4159 16
8 5 6 4
4.609 8.8127 11.356 11.95
2.5897 1.0269 1.782 2.8214
4160 16
4 7 5 8
0.3809 5.3195 12.339 13.143
2.832 2.8199 2.0468 2.7137
4161 16
2 1 3 8 1 6 3 4
1.137 1.7707 4.1408 6.0733 8.9326 11.367 11.655 11.779
1.6382 2.3336 2.0111 2.8939 1.6562 2.7796 1.7701 2.2541
4162 16
3 8 6 3 6 4
4.9809 5.4252 7.3798 7.8945 11.267 11.833
2.0038 2.0902 2.4302 2.6468 1.3646 1.1308
4163 16
3 7 6 7
3.4034 5.6639 12.69 13.732
2.0412 2.2221 2.5207 2.203
4164 16
1 4 3 7
1.9673 3.9631 5.9855 6.0188
1.5332 2.5035 1.4957 1.5287
4165 16
1 4 3 7
2.0413 4.0775 6.0126 5.9663
1.5475 2.4625 1.5269 1.4476
4166 16
1 4 3 7
1.9773 3.9678 5.9117 6.0147
1.4642 2.4252 1.5135 1.5298
4167 16
1 4 3 7
2.0621 4.0553 5.977 6.0101
1.4935 2.5139 1.4634 1.5145
4168 16
2 6 2 8
4.045 7.4562 8.0311 8.9477
2.0644 1.4478 1.5141 1.0207
4169 16
2 6 2 8
3.947 7.5714 7.8937 9.0001
2.0439 1.4728 1.4875 1.0793
4170 16
2 6 2 8
3.9949 7.4542 7.9931 8.9655
2.0151 1.516 1.4563 0.93944
4171 16
2 6 2 8
4.1397 7.4671 7.9787 8.9913
1.919 1.5196 1.4819 1.0472
4172 16
3 8 3 2 8 5
2.0222 4.9673 5.9487 8.0062 9.0258 11.884
1.4696 1.9 1.494 1.6199 1.0631 2.0341
4173 16
3 8 3 2 8 5
2.0479 5.0594 6.0594 7.96 8.9764 11.994
1.504 2.0668 1.5239 1.4776 0.99571 2.0541
4174 16
3 8 3 2 8 5
1.9191 4.9763 6.1115 8.0428 9.0597 12.057
1.5316 1.9298 1.4716 1.6022 0.94407 2.0195
4175 16
3 8 3 2 8 5
2.0821 4.9676 5.9338 8.0125 9.0824 11.903
1.5452 1.9155 1.479 1.5012 1.0068 2.014
4176 16
3 8 3 2 8 5
5.9801 9.046 8.9988 11.062 12.005 12.043
1.473 1.0845 1.4982 1.4978 1.4502 1.9784
4177 16
3 8 3 2 8 5
6.0875 8.9618 8.9566 11.005 12.021 12.029
1.5139 1.0342 1.425 1.4307 1.4282 1.9522
4178 16
3 8 3 2 8 5
6.0007 9.0617 9.0131 11.027 11.98 12.025
1.4713 1.0191 1.5466 1.5286 1.4321 2.0024
4179 16
3 8 3 2 8 5
5.9085 9.0165 8.9657 10.995 11.991 12.029
1.5007 0.83601 1.4665 1.4512 1.4791 2.0353
4180 16
4 8 1 2 3 8
3.9569 5.0063 5.964 7.9395 8.9218 11.893
2.5252 2.033 1.9352 1.4581 1.5492 1.4731
4181 16
4 8 1 2 3 8
3.904 5.0279 5.9426 7.9223 8.9344 11.998
2.4913 2.0342 1.8544 1.5177 1.4822 1.4496
4182 16
4 8 1 2 3 8
3.9803 5.0343 6.075 8.0163 8.9378 12.03
2.4545 1.9568 2.1738 1.5438 1.504 1.4901
4183 16
4 8 1 2 3 8
3.9762 5.0276 6.0528 7.9598 8.9946 12.032
2.5271 2.0461 1.9432 1.4844 1.5194 1.5444
4184 16
5 4 3 8 3 5
3.0098 4.1128 5.9985 8.9713 9.1135 12.058
1.5072 2.5123 1.4794 0.99384 1.5066 2.0345
4185 16
5 4 3 8 3 5
3.051 3.9281 5.9263 9.0073 9.0387 12.05
1.4763 2.5367 1.4746 1.0475 1.5379 1.9073
4186 16
5 4 3 8 3 5
3.0826 4.0021 6.01 8.949 9.0025 11.928
1.4228 2.5359 1.5346 0.98344 1.4973 2.023
4187 16
5 4 3 8 3 5
3.0997 3.998 5.9533 8.9484 8.9476 11.912
1.5021 2.52 1.5333 1.0724 1.4609 2.0936
4188 16
7 5 2 6 8 8
1.9104 3.0422 3.9792 7.4775 8.8985 11.88
1.9653 1.5008 2.0271 1.4349 0.97799 1.3914
4189 16
7 5 2 6 8 8
2.0616 2.9899 3.9819 7.5017 8.9747 12.031
1.9951 1.3716 2.0813 1.4997 1.0266 1.4499
4190 16
7 5 2 6 8 8
1.9955 2.9676 3.9667 7.4289 9.0738 11.864
1.948 1.5001 2.0258 1.483 0.96094 1.5825
4191 16
7 5 2 6 8 8
2.0371 2.968 4.0334 7.5068 8.9321 12.009
1.9909 1.4565 1.9883 1.4602 1.0898 1.5911
4192 16
3 4 8 7 5 2
2.0121 4.1145 5.0487 6.0185 7.9832 10.935
1.523 2.5265 1.8894 1.4597 1.9778 1.4694
4193 16
3 4 8 7 5 2
2.0103 4.0219 4.9076 5.9503 7.9133 10.998
1.4322 2.5134 2.0221 1.5709 1.8948 1.4677
4194 16
3 4 8 7 5 2
1.9684 4.0013 5.0211 6.0569 8.0238 10.983
1.4384 2.4746 2.0217 1.4259 2.0111 1.459
4195 16
3 7 5 8 7 8 2 5
2.0428 1.8913 3.0215 4.9713 5.9349 8.9541 10.975 11.95
1.5233 1.9135 1.533 2.0369 1.5277 0.91514 1.5098 2.0039
4196 16
3 7 5 8 7 8 2 5
2.0319 1.9197 3.0954 5.001 5.9757 9.0386 10.988 11.994
1.5336 1.9602 1.5432 2.0472 1.523 0.9839 1.4853 2.0038
4197 16
3 7 5 8 7 8 2 5
1.9483 2.0365 3.0046 4.971 6.0276 9.0471 11.137 12.056
1.4921 2.0383 1.4977 1.9969 1.5055 0.96046 1.5187 2.0881
4198 16
7 2 3 6 5 8 2 8
1.9762 3.991 5.9079 7.4935 8.1034 8.9119 11.031 12.03
2.0117 2.0264 1.441 1.4867 1.9714 0.97201 1.5037 1.4746
4199 16
7 2 3 6 5 8 2 8
1.9294 4.0238 5.9681 7.4118 7.9918 9.0432 11.021 12.039
1.9867 1.9735 1.4786 1.5851 1.9996 0.9965 1.5098 1.4154
4200 16
7 2 3 6 5 8 2 8
2.0163 4.0052 6.0588 7.5459 8.0074 9.0817 11.065 11.935
2.1028 2.0729 1.5515 1.4564 2.0864 1.0284 1.5899 1.4541
