42
1975 16
8 2 4 8 1
2.0162 6.6759 7.7952 8.0837 9.3259
1.8401 1.3617 1.6233 1.2657 1.486
1976 16
8 1 8 1 5 7 5
5.7007 6.052 8.3616 9.5129 10.3 11.588 14.393
2.6136 1.7416 1.5849 2.7397 1.4465 2.1629 1.0063
1977 16
2 4 4 6
1.1228 5.4672 12.219 14.706
1.8849 1.0811 1.5408 1.0218
1978 16
4 3 2 7 5 8 1 3
0.42174 1.7866 5.198 5.2955 7.02 9.3621 9.5991 9.8904
2.3238 2.7945 2.5458 2.2522 2.3845 1.4483 1.8759 1.1601
1979 16
1 2 6 7 1 3
5.8491 11.236 11.389 12.834 13.26 13.494
1.0532 1.9336 2.1683 2.3007 1.2026 1.546
1980 16
1 4 3 7
2.0454 4.0142 6.0292 6.0237
1.5095 2.5993 1.5102 1.5869
1981 16
1 4 3 7
1.9794 3.957 6.0164 6.0514
1.5032 2.5372 1.4978 1.463
1982 16
1 4 3 7
2.0488 4.0887 5.9429 5.9721
1.5169 2.5008 1.546 1.4854
1983 16
1 4 3 7
1.9379 4.015 6.1195 5.9821
1.6145 2.5052 1.5182 1.4793
1984 16
2 6 2 8
3.9532 7.5493 8.1045 8.9746
2.0446 1.5375 1.4746 0.92907
1985 16
2 6 2 8
3.9858 7.4879 7.9899 9.0192
2.0332 1.5786 1.5298 0.92683
1986 16
2 6 2 8
4.0672 7.4452 7.9802 9.0101
2.0777 1.4463 1.5381 1.0504
1987 16
2 6 2 8
4.0098 7.5357 7.9922 8.9946
1.9533 1.5197 1.549 0.9352
1988 16
3 8 3 2 8 5
2.0283 5.0088 5.905 8.0385 9.0689 11.937
1.4306 1.9905 1.5412 1.4764 1.0323 1.9699
1989 16
3 8 3 2 8 5
1.9502 4.9604 5.9184 8.0273 9.0086 11.961
1.4508 2.0646 1.4949 1.5322 0.99065 2.0184
1990 16
3 8 3 2 8 5
1.9823 4.9968 5.9596 8.0056 9.0114 12.018
1.6176 2.031 1.5421 1.5266 1.0045 2.0289
1991 16
3 8 3 2 8 5
1.9975 4.9838 6.0554 8.0389 8.9677 11.911
1.4748 1.9966 1.4918 1.5387 1.1271 2.0723
1992 16
3 8 3 2 8 5
6.0427 9.0171 8.9761 10.944 12.02 11.987
1.4936 0.97911 1.5325 1.4395 1.498 2.068
1993 16
3 8 3 2 8 5
6.0635 8.9023 8.972 11.046 12.02 12.006
1.4175 1.0189 1.4852 1.4695 1.4812 2.0159
1994 16
3 8 3 2 8 5
5.9792 9.0619 9.1313 10.97 11.947 12.021
1.5559 0.9851 1.5707 1.5064 1.5738 2.1044
1995 16
3 8 3 2 8 5
5.9339 8.964 9.0811 10.995 12.044 11.92
1.4209 0.99408 1.4677 1.5766 1.5825 1.9156
1996 16
4 8 1 2 3 8
3.9969 4.9458 5.9727 8.0648 8.9495 11.951
2.5152 1.9773 2.0028 1.516 1.5168 1.4453
1997 16
4 8 1 2 3 8
4.0528 4.9525 6.0583 8.0997 8.9541 11.993
2.523 2.0527 2.0505 1.5196 1.5347 1.4212
1998 16
4 8 1 2 3 8
4.069 4.9815 5.9359 8.0091 9.0462 11.973
2.5506 1.9671 1.9668 1.5109 1.5105 1.4793
1999 16
4 8 1 2 3 8
4.0066 4.9789 6.0183 7.9436 9.1188 12.086
2.5768 1.985 2.0479 1.5101 1.5655 1.4197
2000 16
5 4 3 8 3 5
3.0491 3.9523 5.9554 9.0108 9.0312 12.057
1.3648 2.4814 1.5296 1.0432 1.446 2.0345
2001 16
5 4 3 8 3 5
3.0042 4.0211 5.918 8.9625 8.9482 12.008
1.4713 2.5361 1.5333 1.0163 1.5845 1.9997
2002 16
5 4 3 8 3 5
3.0654 3.9879 5.8935 8.995 8.9646 11.961
1.5598 2.5297 1.4606 0.96484 1.4819 1.9804
2003 16
5 4 3 8 3 5
3.0291 3.9757 6.0114 8.9704 9.0448 12.078
1.5345 2.4078 1.4839 1.0229 1.5518 2.015
2004 16
7 5 2 6 8 8
1.9841 2.9696 4.0305 7.4194 9.0702 11.89
1.8722 1.4664 2.0247 1.4651 0.98358 1.4672
2005 16
7 5 2 6 8 8
2.0694 3.0425 3.9434 7.5352 8.9322 11.984
1.9886 1.438 1.9645 1.4474 0.99121 1.5601
2006 16
7 5 2 6 8 8
2.0349 2.9495 3.9803 7.53 8.9255 12.025
2.0098 1.4766 2.0215 1.4186 0.98096 1.5182
2007 16
7 5 2 6 8 8
1.9061 2.9757 3.9732 7.504 9.0381 12.033
1.9989 1.6034 2.0322 1.5619 0.96551 1.4485
2008 16
3 4 8 7 5 2
2.0929 4.012 5.0171 6.0097 8.0148 10.993
1.4961 2.4692 1.9592 1.4118 1.9583 1.5035
2009 16
3 4 8 7 5 2
2.092 3.982 5.1045 6.0034 7.9998 11.071
1.4548 2.4838 2.0063 1.5162 2.0706 1.5296
2010 16
3 4 8 7 5 2
2.0087 4.0105 5.0349 5.9708 7.9331 11.031
1.5194 2.4873 1.9809 1.4518 2.029 1.551
2011 16
3 7 5 8 7 8 2 5
2.0163 2.0651 3.0367 5.0667 6.0716 9.008 10.974 11.978
1.5176 1.9886 1.4133 1.9683 1.5092 0.99304 1.579 2.0408
2012 16
3 7 5 8 7 8 2 5
2.0492 2.0205 2.9726 4.9442 5.9118 9.0081 10.986 12.01
1.622 1.9717 1.5173 2.0178 1.4192 1.0091 1.5876 1.9753
2013 16
3 7 5 8 7 8 2 5
1.9675 1.9646 3.0384 5.0756 5.9782 9.0974 11.059 11.961
1.4593 2.0637 1.5553 2.0557 1.5357 0.92978 1.4855 2.0028
2014 16
7 2 3 6 5 8 2 8
1.9791 3.927 6.0398 7.442 7.9579 8.9657 11.023 11.988
1.9449 1.9701 1.3922 1.5576 1.9807 0.99023 1.4948 1.4838
2015 16
7 2 3 6 5 8 2 8
2.0407 4.0341 6.0106 7.4925 8.068 9.0414 10.985 11.972
2.0379 1.9498 1.5566 1.4608 2.0113 0.91198 1.4528 1.4197
2016 16
7 2 3 6 5 8 2 8
1.9999 4.0091 5.9934 7.5298 8.0657 9.0264 11.038 12.037
1.9832 2.007 1.4647 1.5332 1.9959 0.94207 1.4641 1.4407
