42
5923 16
7 4 3 4
3.949 4.9924 7.4601 11.839
1.5898 1.4678 1.9676 2.1652
5924 16
6 2 8 7 1 7 7 5
0.11847 1.2171 3.2937 3.8012 6.0027 6.2896 10.677 12.448
1.0959 2.6942 2.9582 1.6136 2.6399 2.5868 2.213 2.5926
5925 16
8 7 5 5 7
0.65557 0.81007 6.9173 9.7204 11.434
2.5601 2.3487 2.5013 2.6068 1.2188
5926 16
3 6 3 7 4 3
5.7053 6.0588 7.4733 8.0288 8.0618 12.841
1.7187 2.9698 1.9479 2.3555 2.6722 2.4392
5927 16
8 3 2 1 8 5 4 5
0.42053 1.6617 2.1174 4.4102 6.8836 10.803 11.752 13.373
1.795 1.78 2.9334 2.9357 1.5548 1.1755 1.2942 2.3643
5928 16
1 4 3 7
2.0042 4.0114 5.9243 5.9805
1.5869 2.5527 1.4503 1.5868
5929 16
1 4 3 7
2.0099 4.0223 6.034 5.9407
1.4905 2.5666 1.5304 1.4733
5930 16
1 4 3 7
1.9808 4.079 5.9994 5.9993
1.4657 2.5276 1.5323 1.4956
5931 16
1 4 3 7
1.9879 4.0086 5.9872 6.0676
1.5027 2.4984 1.4691 1.4406
5932 16
2 6 2 8
4.0513 7.4663 8.0609 8.9497
2.0183 1.466 1.4705 0.92597
5933 16
2 6 2 8
4.0383 7.4414 8.0242 8.9027
1.9519 1.514 1.5222 1.0088
5934 16
2 6 2 8
4.0565 7.4938 8.0599 8.9169
1.8688 1.4588 1.4652 1.0591
5935 16
2 6 2 8
3.9381 7.4968 8.0833 8.9914
1.9807 1.5297 1.499 0.95929
5936 16
3 8 3 2 8 5
1.9506 5.0356 6.0777 8.0898 9.0049 12.029
1.5213 1.9005 1.4089 1.4241 0.96733 2.0958
5937 16
3 8 3 2 8 5
2.003 4.9868 6.0618 7.9249 9.0607 12.005
1.4881 1.9165 1.4908 1.5425 0.96081 1.9926
5938 16
3 8 3 2 8 5
1.8788 5.0132 6.0622 8.0853 8.9889 12.043
1.488 1.9833 1.5623 1.4616 1.0043 1.983
5939 16
3 8 3 2 8 5
2.0069 5.0186 5.9769 8.0202 8.978 11.939
1.4818 1.8629 1.4921 1.4269 1.09 2.0569
5940 16
3 8 3 2 8 5
6.0335 9.0081 9.0072 10.99 11.98 12
1.4958 0.96839 1.499 1.5319 1.5702 2.0758
5941 16
3 8 3 2 8 5
5.98 9.0297 9.0663 10.997 11.798 11.898
1.6059 1.0278 1.5425 1.5688 1.5412 2.0097
5942 16
3 8 3 2 8 5
6.0846 9.0442 8.9914 10.97 11.797 11.949
1.4265 0.93866 1.5399 1.5115 1.4766 1.9967
5943 16
3 8 3 2 8 5
5.9801 9.0068 9.0153 10.991 12 11.997
1.4754 0.95574 1.5487 1.5517 1.4889 2.0336
5944 16
4 8 1 2 3 8
4.0785 4.977 5.984 8.1158 9.1021 11.954
2.4841 2.0319 2.0625 1.5338 1.5251 1.4555
5945 16
4 8 1 2 3 8
3.9379 4.9707 6.0012 7.9816 8.9923 12.102
2.585 2.025 1.9954 1.5162 1.426 1.4813
5946 16
4 8 1 2 3 8
3.9685 5.0847 5.993 8.0002 9.0123 12.02
2.4516 1.9618 1.9104 1.433 1.5089 1.5314
5947 16
4 8 1 2 3 8
4.0145 4.9758 5.9144 8.0338 8.9662 11.954
2.4642 2.1205 2.0011 1.5452 1.4765 1.4814
5948 16
5 4 3 8 3 5
2.9749 3.9526 5.9459 9.1081 8.9935 11.988
1.4368 2.5015 1.4557 0.9849 1.4607 1.945
5949 16
5 4 3 8 3 5
3.0759 3.9891 5.9984 8.9887 8.9879 12.009
1.4205 2.4595 1.4756 1.081 1.4536 2.0136
5950 16
5 4 3 8 3 5
3.0039 3.9418 5.991 8.965 9.0291 12.027
1.5542 2.4317 1.5322 1.0404 1.4832 1.9866
5951 16
5 4 3 8 3 5
3.0205 4.0714 6.0359 9.0238 9.0105 12.018
1.532 2.5592 1.4049 0.98027 1.5618 2.0093
5952 16
7 5 2 6 8 8
1.9982 3.0166 3.9832 7.5215 8.971 11.968
2.0312 1.5132 1.9389 1.494 0.99424 1.5283
5953 16
7 5 2 6 8 8
2.0411 3.0556 4.0235 7.4952 9.0023 12.004
2.0075 1.4951 1.8799 1.4722 0.96676 1.5236
5954 16
7 5 2 6 8 8
1.9257 2.9398 4.0293 7.4343 8.9545 11.941
1.9907 1.4444 2.0572 1.4376 1.0253 1.4376
5955 16
7 5 2 6 8 8
1.9864 2.8738 4.0478 7.5011 8.9164 11.973
2.0176 1.5104 1.9892 1.4915 0.91748 1.4673
5956 16
3 4 8 7 5 2
1.9911 4.0294 5.0569 6.0199 7.9458 10.926
1.5277 2.4646 1.9717 1.3826 2.0054 1.4943
5957 16
3 4 8 7 5 2
1.9434 4.0085 5.0007 6.0848 7.9731 11.159
1.5475 2.4631 2.0097 1.4913 2.0386 1.5667
5958 16
3 4 8 7 5 2
2.0805 3.9715 4.9949 5.9745 8.0105 10.96
1.5951 2.4858 1.9775 1.4867 2.0272 1.5235
5959 16
3 7 5 8 7 8 2 5
2.0257 2.108 3.0487 5.0463 6.0082 9.0116 10.989 11.957
1.5042 2.0023 1.5396 2.0579 1.4893 1.0116 1.5436 1.9735
5960 16
3 7 5 8 7 8 2 5
2.0424 2.127 2.9794 5.0888 5.9569 9.0434 11.015 11.953
1.5526 2.0436 1.4711 1.9052 1.4732 0.96761 1.5278 1.9943
5961 16
3 7 5 8 7 8 2 5
2.0602 2.0461 3.0682 4.926 5.9203 8.9975 10.966 12.01
1.5248 1.9772 1.6045 2.0101 1.4835 1.0155 1.4871 2.0867
5962 16
7 2 3 6 5 8 2 8
2.0735 3.9865 5.9785 7.4444 8.1401 9.0178 11.088 11.936
1.9346 2.0679 1.4545 1.4089 2.0353 1.0171 1.517 1.4933
5963 16
7 2 3 6 5 8 2 8
2.069 3.9986 6.0462 7.4597 8.1071 9.0315 11.082 11.936
1.9816 1.9301 1.505 1.4356 2.0053 0.99744 1.5337 1.5469
5964 16
7 2 3 6 5 8 2 8
2.0034 4.0285 6.0678 7.5848 7.9262 8.9562 11.027 11.928
2.0731 2.0985 1.5058 1.4547 2.0855 0.95721 1.5017 1.4483
