42
3571 16
3 2 6 1 8 1 4 7
0.73184 1.0201 2.8147 4.774 8.0803 10.171 12.806 13.632
1.7886 2.3155 1.9317 2.2147 1.5564 2.6134 2.9195 1.3095
3572 16
5 7 2 4
3.0157 3.9328 10.021 10.912
1.2415 2.197 1.1526 2.3536
3573 16
7 1 2 5 7 6 4 8
2.8255 3.4732 10.669 11.14 11.598 11.655 11.996 13.254
1.5864 2.221 2.9826 2.5095 2.4362 2.9995 1.0324 1.3103
3574 16
8 4 6 2
4.5502 10.443 12.501 12.785
1.6169 2.4108 2.1777 2.8074
3575 16
2 5 6 4 8 1 6
3.3131 3.8414 5.4352 7.6263 8.0051 9.9228 10.867
1.0259 2.9051 1.9444 1.6562 2.8281 2.7144 2.8284
3576 16
1 4 3 7
2.1319 3.8873 6.0049 5.9937
1.5777 2.5249 1.5276 1.4944
3577 16
1 4 3 7
1.9412 3.9922 5.9545 5.9931
1.4951 2.4689 1.5329 1.479
3578 16
1 4 3 7
1.8868 4.0222 6.0109 5.9899
1.4721 2.5677 1.5339 1.5198
3579 16
1 4 3 7
2.1074 4.0127 6.0633 5.9498
1.4314 2.5267 1.5412 1.4217
3580 16
2 6 2 8
4.0926 7.5542 7.8818 8.9931
1.9872 1.4438 1.6307 0.96119
3581 16
2 6 2 8
3.9962 7.5045 7.8564 9.0362
1.964 1.5539 1.4985 0.98242
3582 16
2 6 2 8
4.0047 7.4784 8.0039 9.0342
2.0828 1.4988 1.5473 0.98834
3583 16
2 6 2 8
3.9642 7.6051 8.0341 9.0618
1.9793 1.4151 1.5513 1.047
3584 16
3 8 3 2 8 5
1.961 4.9243 5.9561 7.9312 8.893 11.951
1.4348 1.9836 1.4853 1.487 1.0007 1.965
3585 16
3 8 3 2 8 5
1.9371 4.9612 5.9583 7.8898 9.0225 11.892
1.5802 2.0407 1.465 1.4717 1.0206 2.0086
3586 16
3 8 3 2 8 5
2.0052 5.049 5.9188 8.078 8.9062 11.944
1.4318 1.978 1.5289 1.4084 1.0779 1.9924
3587 16
3 8 3 2 8 5
2.0051 5.0638 5.9711 7.9565 8.9895 12.015
1.5252 1.968 1.549 1.4522 1.0078 1.9164
3588 16
3 8 3 2 8 5
6.0052 8.8999 8.9764 11.056 11.981 12.032
1.5641 0.97533 1.5669 1.5345 1.4722 1.9204
3589 16
3 8 3 2 8 5
5.9559 8.9865 8.9507 10.946 12.041 11.973
1.4755 0.96391 1.5265 1.5114 1.5608 1.9872
3590 16
3 8 3 2 8 5
5.9399 8.9679 9.0633 10.964 12.01 11.889
1.4934 0.99604 1.522 1.482 1.5086 2.0879
3591 16
3 8 3 2 8 5
6.0038 9.0375 8.9969 10.955 11.915 12.055
1.4887 0.98698 1.5328 1.4618 1.5556 1.9838
3592 16
4 8 1 2 3 8
4.0017 4.981 5.9942 7.9984 8.9672 12.079
2.5408 1.9501 1.96 1.5213 1.5027 1.496
3593 16
4 8 1 2 3 8
4.0028 5.0472 5.9214 8.0107 8.9891 11.944
2.5285 2.0128 2.0145 1.4618 1.5261 1.5173
3594 16
4 8 1 2 3 8
3.9525 5.0265 5.9436 8.0524 8.973 12.006
2.4929 2.0456 1.9618 1.4947 1.4898 1.6088
3595 16
4 8 1 2 3 8
4.0535 5.002 5.9294 8.0245 8.974 11.953
2.4482 1.9621 2.0412 1.4532 1.5359 1.6482
3596 16
5 4 3 8 3 5
2.9835 3.9256 6.0081 8.9878 9.0088 12.007
1.5051 2.4742 1.4432 1.0117 1.5844 2.0024
3597 16
5 4 3 8 3 5
2.9554 4.0366 5.953 9.0331 8.9582 11.969
1.4824 2.5185 1.3742 1.1106 1.5528 1.9989
3598 16
5 4 3 8 3 5
2.9857 3.9607 6.0446 9.0338 9.0556 12.128
1.4134 2.5462 1.4615 0.98686 1.5032 2.0243
3599 16
5 4 3 8 3 5
2.9791 4.0519 6.0495 8.9662 8.9758 12.017
1.3707 2.4448 1.5358 1.0039 1.5758 1.9789
3600 16
7 5 2 6 8 8
2.0148 3.011 4.0598 7.4851 9.0014 11.995
1.9976 1.592 1.9893 1.5207 0.98083 1.4786
3601 16
7 5 2 6 8 8
2.0052 2.9493 3.9723 7.4723 8.9651 12.018
2.0046 1.4937 1.9776 1.5145 1.0402 1.4909
3602 16
7 5 2 6 8 8
2.0054 3.0253 4.0521 7.5467 9.0942 11.958
2.0495 1.4976 1.9835 1.5647 1.0133 1.4357
3603 16
7 5 2 6 8 8
1.9581 3.0027 3.9259 7.4981 8.9388 12.012
2.0575 1.5237 2.0292 1.4495 1.0508 1.483
3604 16
3 4 8 7 5 2
1.9856 3.9765 5.0387 6.0193 7.9239 11.044
1.4318 2.5439 2.021 1.5192 2.1074 1.4673
3605 16
3 4 8 7 5 2
2.0401 4.0114 5.0377 6.0199 8.0004 10.962
1.586 2.4944 1.9746 1.5245 1.9804 1.4555
3606 16
3 4 8 7 5 2
1.9744 3.9582 5.0807 6.0599 7.9562 11.138
1.5682 2.472 1.9762 1.5286 2.0396 1.4868
3607 16
3 7 5 8 7 8 2 5
2.0067 1.9776 3.0147 4.9605 5.9936 9.0287 10.92 12.006
1.5326 1.988 1.5521 1.9651 1.5825 1.0259 1.5307 1.952
3608 16
3 7 5 8 7 8 2 5
2.0039 2.0346 3.0628 5.0457 6.0833 9.0152 11.036 12.016
1.4783 2.0956 1.5321 2.0282 1.5114 1.0092 1.4825 2.0274
3609 16
3 7 5 8 7 8 2 5
2.0443 1.9522 2.9545 5.0794 5.889 9.017 11.008 12.022
1.4308 2.0276 1.4563 2.0076 1.4407 1.0137 1.4556 1.9616
3610 16
7 2 3 6 5 8 2 8
1.9985 3.9538 6.0504 7.481 8.0263 9.0293 10.977 11.934
2.1052 1.9913 1.5841 1.554 2.0188 1.0156 1.4022 1.5036
3611 16
7 2 3 6 5 8 2 8
2.0867 3.9437 5.9899 7.4904 7.9053 9.007 11.037 12.054
1.9876 2.066 1.5067 1.5656 2.0139 1.0272 1.429 1.4976
3612 16
7 2 3 6 5 8 2 8
2.0034 4.0483 5.9706 7.4505 7.9809 8.9862 10.969 12.022
1.8587 2.0245 1.554 1.4932 1.8992 0.99164 1.5428 1.3771
