41
8033 16
7 5 6 3 7 2 2
2.5483 2.6861 3.5912 8.8348 11.545 11.742 13.967
1.4113 2.8779 1.5822 2.884 2.2992 1.5941 2.0244
8034 16
2 4 8 3
5.4644 7.7219 10.597 11.676
2.3483 1.8093 1.1264 2.865
8035 16
3 8 2 2 5 6
0.57118 1.6699 2.0879 4.3963 4.7814 8.7338
1.9978 1.6211 1.376 2.7835 1.8224 1.3967
8036 16
3 4 7 6 7
4.6516 5.0342 7.2879 11.08 13.181
2.3774 2.5532 1.4433 2.2866 2.2936
8037 16
7 8 6 2 8
3.7961 6.0449 6.9679 8.8555 13.851
1.6641 1.0182 2.5221 1.1076 1.9294
8038 16
1 4 3 7
1.9926 4.0208 5.999 6.0476
1.4665 2.5763 1.5193 1.5255
8039 16
1 4 3 7
2.0207 3.9672 6.0203 6.1114
1.4823 2.472 1.4916 1.4341
8040 16
1 4 3 7
1.971 3.9582 6.0057 6.0681
1.4895 2.5629 1.466 1.5585
8041 16
1 4 3 7
2.03 4.0039 5.9975 5.8988
1.482 2.5456 1.5583 1.4635
8042 16
2 6 2 8
3.9666 7.4849 8.0699 8.9605
2.0601 1.4531 1.444 0.87062
8043 16
2 6 2 8
4.0862 7.5137 7.9864 8.9827
2.0126 1.5745 1.4785 0.96127
8044 16
2 6 2 8
3.9484 7.4483 8.0387 9.0087
1.9958 1.4707 1.5649 0.9585
8045 16
2 6 2 8
3.9477 7.5296 7.9703 8.963
2.075 1.5574 1.4598 1.0503
8046 16
3 8 3 2 8 5
2.0417 4.9509 5.9742 7.951 9.0648 12.025
1.5024 1.9654 1.4784 1.4448 1.041 2.0151
8047 16
3 8 3 2 8 5
2.0209 4.9913 6.0925 8.0434 9.1042 11.975
1.5046 1.8945 1.6301 1.5144 1.0251 2.113
8048 16
3 8 3 2 8 5
2.0707 4.9952 5.9456 7.9654 8.9902 11.963
1.4944 2.0113 1.5917 1.4178 0.98986 1.959
8049 16
3 8 3 2 8 5
1.8845 5.0996 6.0594 8.1893 9.0572 12.064
1.4608 2.0166 1.4987 1.4973 1.1005 2.024
8050 16
3 8 3 2 8 5
5.9179 8.9441 9.0239 11.023 12.021 12.019
1.4901 0.943 1.4229 1.5921 1.6149 1.9799
8051 16
3 8 3 2 8 5
6.0667 9.0047 9.0012 11.083 11.932 12.022
1.5141 1.022 1.4296 1.5222 1.4413 1.9955
8052 16
3 8 3 2 8 5
6.0271 8.9981 9.0007 10.981 12.005 12.042
1.4914 0.927 1.528 1.5062 1.5155 2.0022
8053 16
3 8 3 2 8 5
5.9985 8.9459 9.0628 10.976 11.968 12.083
1.431 0.89355 1.541 1.5423 1.5013 2.0261
8054 16
4 8 1 2 3 8
4.0244 4.9766 5.9822 8.0179 8.9891 11.981
2.5286 1.9654 2.0665 1.5638 1.4479 1.554
8055 16
4 8 1 2 3 8
3.9863 4.932 5.9734 8.0545 8.9761 11.951
2.4989 1.9172 2.024 1.523 1.465 1.5912
8056 16
4 8 1 2 3 8
3.911 5.0129 5.9842 7.9977 8.9774 11.924
2.4331 1.981 2.0673 1.4588 1.4744 1.5033
8057 16
4 8 1 2 3 8
3.9427 4.968 5.9437 8.0229 9.0041 11.997
2.4271 1.9438 1.9963 1.4722 1.4925 1.4599
8058 16
5 4 3 8 3 5
2.9791 4.0026 6.0233 9.0441 8.9618 12.042
1.4763 2.4895 1.3919 0.95645 1.4823 2.0195
8059 16
5 4 3 8 3 5
3.0467 3.995 5.9804 8.9387 8.9914 12.009
1.4575 2.6448 1.5831 1.0498 1.4144 2.0679
8060 16
5 4 3 8 3 5
2.9042 4.0503 5.8895 9.0319 8.8988 12.01
1.4617 2.5325 1.4452 1.1133 1.5044 1.9989
8061 16
5 4 3 8 3 5
2.9447 3.9838 6.036 9.0656 9.0635 11.942
1.5062 2.5679 1.4868 1.0189 1.5578 1.9463
8062 16
7 5 2 6 8 8
1.9613 3.0182 3.9632 7.5864 9.003 11.891
1.9526 1.4675 2.0357 1.5087 0.99958 1.5415
8063 16
7 5 2 6 8 8
2.0539 2.9463 3.8764 7.4881 8.9888 12.076
1.9727 1.5057 2.0435 1.5191 0.95433 1.4765
8064 16
7 5 2 6 8 8
2.079 3.0095 3.9758 7.4694 8.9792 12.034
2.0137 1.476 1.9745 1.422 0.94899 1.4365
8065 16
3 4 8 7 5 2
2.0283 3.8832 4.9214 5.9785 8.0317 10.962
1.4777 2.486 2.0398 1.5224 2.1004 1.483
8066 16
3 4 8 7 5 2
1.996 4.0455 4.9694 5.9863 8.0488 10.928
1.517 2.4438 1.9642 1.5215 1.9212 1.5367
8067 16
3 4 8 7 5 2
2.0186 4.0246 4.9894 6.017 8.0769 11.054
1.4652 2.5233 1.9671 1.4886 1.964 1.577
8068 16
3 7 5 8 7 8 2 5
2.0198 1.9365 2.9794 5.0066 6.0385 9.0378 11.015 12.096
1.5123 1.9598 1.4389 2.0309 1.5138 1.0108 1.4464 2.0318
8069 16
3 7 5 8 7 8 2 5
1.9707 1.964 2.993 5.0365 5.9782 8.9458 10.954 11.94
1.5849 2.0504 1.5057 2.0001 1.5162 1.0223 1.3995 2.0554
8070 16
3 7 5 8 7 8 2 5
2.059 2.0056 3.0096 5.0521 6.0855 8.96 11.069 12.023
1.5203 1.9139 1.5172 1.889 1.4229 0.96599 1.4939 2.0225
8071 16
7 2 3 6 5 8 2 8
2.0285 3.984 5.9686 7.5707 8.0174 9.0217 11.019 11.953
1.9633 2.0072 1.6223 1.5164 1.9346 1.0424 1.5082 1.4113
8072 16
7 2 3 6 5 8 2 8
2.0083 4.037 5.9604 7.4831 7.9912 9.0068 11.088 11.996
1.9547 1.9246 1.5611 1.506 1.9957 0.95236 1.5404 1.4882
8073 16
7 2 3 6 5 8 2 8
2.0501 3.9168 5.9489 7.3585 8.0357 8.9232 11.008 12.005
2.0572 2.0665 1.5279 1.5122 2.0298 1.0543 1.6161 1.5455
