42
5251 16
1 7 8 2 6 5
2.7725 3.052 10.542 11.141 11.393 12.146
2.9741 2.1229 2.1058 1.3597 2.7356 2.6704
5252 16
7 2 3 8 5 6 2 4
2.7157 2.9398 12.316 12.669 13.055 13.772 13.874 13.921
2.9203 2.3856 2.28 1.9592 2.4382 1.0767 1.9755 2.0791
5253 16
1 3 5 4 8
1.1641 2.1431 3.7461 4.03 12.832
2.0544 2.5527 1.3382 1.7313 1.9517
5254 16
3 8 5 8 5
2.0281 3.2007 5.2886 9.7452 12.254
1.8009 2.2946 2.3463 2.759 2.4379
5255 16
8 6 3 8 2 5 6 4
2.2072 2.5344 6.1901 10.622 10.787 10.847 11.159 12.904
1.5518 2.3064 1.825 2.5307 2.318 1.5821 2.1608 2.5754
5256 16
1 4 3 7
1.993 3.9916 6.0767 6.0063
1.4402 2.5401 1.4819 1.4825
5257 16
1 4 3 7
2.0489 4.0538 5.9464 6.0069
1.5533 2.4779 1.5429 1.4374
5258 16
1 4 3 7
2.0067 3.9108 6.0278 6.0645
1.5133 2.4762 1.5554 1.405
5259 16
1 4 3 7
2.0686 3.9296 5.9811 6.0243
1.4954 2.5314 1.4481 1.4705
5260 16
2 6 2 8
3.8952 7.548 7.9953 8.9749
1.9991 1.464 1.4307 1.0462
5261 16
2 6 2 8
3.9927 7.4302 7.9869 8.9326
1.8722 1.5082 1.5724 1.0979
5262 16
2 6 2 8
3.9224 7.5209 8.1159 8.9636
1.9744 1.4958 1.5567 0.96559
5263 16
2 6 2 8
4.033 7.463 7.9059 8.9864
2.031 1.4462 1.4494 1.0647
5264 16
3 8 3 2 8 5
1.9336 4.9648 6.0372 7.9412 9.077 12.042
1.4084 1.9837 1.607 1.5182 1.0553 1.9978
5265 16
3 8 3 2 8 5
1.889 5.02 6.0247 7.9563 9.0187 12.02
1.489 1.9817 1.4693 1.5341 1.0471 2.0201
5266 16
3 8 3 2 8 5
1.8953 4.9579 5.9767 8.0288 8.9633 12.026
1.5543 2.0741 1.4198 1.4885 0.90974 2.0994
5267 16
3 8 3 2 8 5
2.0019 5.029 5.9285 8.1391 9.0065 12.068
1.46 2.0016 1.4893 1.5356 1.0283 1.9965
5268 16
3 8 3 2 8 5
5.9098 8.9855 8.9889 10.982 11.976 11.985
1.5233 0.94974 1.5332 1.6154 1.5487 1.9875
5269 16
3 8 3 2 8 5
5.9577 9.0067 8.9309 11.041 12.094 12.036
1.5273 0.94688 1.4466 1.4592 1.5111 1.9598
5270 16
3 8 3 2 8 5
6.0007 8.9978 9.0605 10.989 12.026 12.05
1.5306 1.048 1.4975 1.5504 1.4716 1.9147
5271 16
3 8 3 2 8 5
5.949 8.9809 9.0838 11.06 12.02 12.057
1.4995 1.0783 1.5188 1.4678 1.5918 1.9568
5272 16
4 8 1 2 3 8
4.0324 4.9219 5.8964 7.9944 8.9573 12.048
2.5315 2.0128 1.9567 1.487 1.5297 1.3838
5273 16
4 8 1 2 3 8
4.0445 5.0496 6.0397 8.064 8.9699 11.985
2.5235 1.9698 2.0167 1.5291 1.4704 1.3872
5274 16
4 8 1 2 3 8
4.0857 4.9839 5.9797 8.0138 8.991 12.004
2.4525 2.0015 2.0116 1.4204 1.5024 1.4034
5275 16
4 8 1 2 3 8
4.0533 4.9817 5.9955 7.9325 8.9326 11.997
2.4945 1.9201 2.0286 1.5358 1.5133 1.5447
5276 16
5 4 3 8 3 5
2.9819 3.9879 6.1046 9.0233 9.0412 12.015
1.4791 2.5308 1.4825 1.0558 1.6346 1.9074
5277 16
5 4 3 8 3 5
3.0362 4.0083 6.0568 9.0204 9.0015 11.957
1.5121 2.4484 1.4931 0.98873 1.4889 2.0457
5278 16
5 4 3 8 3 5
2.955 4.0349 6.0179 8.9803 8.9972 12.007
1.4325 2.5721 1.5199 1.0142 1.4454 2.0487
5279 16
5 4 3 8 3 5
3 3.9711 6.0186 9.0289 9.02 12.007
1.4971 2.4659 1.5328 1.0152 1.6079 1.9917
5280 16
7 5 2 6 8 8
1.966 3.064 3.9877 7.5262 8.9377 11.89
1.9379 1.4469 1.98 1.4973 1.044 1.5707
5281 16
7 5 2 6 8 8
1.9963 3.0033 3.9195 7.5 9.0066 11.9
2.008 1.4605 2.0392 1.5243 0.99139 1.5305
5282 16
7 5 2 6 8 8
2.0609 3.0239 4.0281 7.4021 9.0093 11.996
1.9486 1.4616 2.0067 1.516 1.0331 1.4955
5283 16
7 5 2 6 8 8
2.1145 3.0834 3.9936 7.4704 8.9741 12.055
1.9625 1.4715 2.0354 1.4524 1.1104 1.4785
5284 16
3 4 8 7 5 2
1.9824 3.9488 5.023 6.0229 7.9923 10.868
1.6159 2.5235 1.9663 1.5706 1.9425 1.5426
5285 16
3 4 8 7 5 2
2.1035 3.9944 5.0548 5.9695 8.1055 10.974
1.532 2.5334 1.9617 1.5267 2.0557 1.4351
5286 16
3 4 8 7 5 2
1.9575 4.0207 5.0721 6.023 7.9339 11.031
1.3937 2.4902 2.0803 1.4604 1.9287 1.4684
5287 16
3 7 5 8 7 8 2 5
1.9748 2.075 2.9543 5.017 6.0638 8.9694 11.021 12.109
1.4921 1.9295 1.4886 1.9083 1.5104 1.0265 1.5124 1.8637
5288 16
3 7 5 8 7 8 2 5
1.9744 2.0539 3.0657 4.9599 5.9783 8.9723 11.038 11.923
1.5103 2.0821 1.5343 2.0341 1.5231 0.9728 1.5221 1.9534
5289 16
3 7 5 8 7 8 2 5
1.951 1.9655 3.1035 5.0198 6.0736 9.01 10.962 11.873
1.5311 2.0924 1.4725 2.0793 1.4791 1.0373 1.5634 2.0827
5290 16
7 2 3 6 5 8 2 8
1.9922 4.0155 5.9523 7.5357 8.0167 8.9504 11.013 12.045
2.0168 2.0009 1.5175 1.5297 1.9439 0.98377 1.5056 1.4551
5291 16
7 2 3 6 5 8 2 8
1.9679 4.0673 6.0179 7.52 8.0436 8.9541 11.022 11.971
2.0228 1.9573 1.4422 1.4756 2.0263 1.0011 1.4913 1.5401
5292 16
7 2 3 6 5 8 2 8
1.9841 4.0068 6.04 7.537 8.0474 8.9774 10.895 12.032
1.9955 1.8977 1.3866 1.4555 1.9966 1.0824 1.438 1.547
