42
6553 16
7 3 5 2 1 5 8
1.3531 1.5793 2.3553 2.7439 8.0577 8.9085 10.518
2.7752 2.6473 1.7756 2.7953 2.0561 2.2399 2.2345
6554 16
2 7 3 8 3
5.2594 5.4905 6.3258 12.1 12.84
2.836 1.6628 1.1896 2.1298 1.4744
6555 16
4 8 7 3 1 7 1 4
2.079 2.6423 3.2988 6.9048 8.7928 9.6553 11.556 13.042
2.9011 1.6927 1.644 2.8617 1.4216 1.7738 1.3736 1.5425
6556 16
8 8 3 2
4.3371 11.006 12.575 14.664
1.1076 1.4936 1.1265 1.1887
6557 16
2 5 7 1 3
2.567 4.5608 7.2563 13.975 14.565
1.4184 2.8497 1.1432 1.1871 1.1409
6558 16
1 4 3 7
2.0296 4.0585 5.9814 6.0444
1.5661 2.415 1.5036 1.585
6559 16
1 4 3 7
2.0342 4.0314 5.9933 5.9929
1.4625 2.4016 1.561 1.5398
6560 16
1 4 3 7
1.9937 4.0253 5.9434 5.9595
1.4395 2.5459 1.4354 1.5473
6561 16
1 4 3 7
2.0331 4.0312 6.0864 6.0221
1.4735 2.4942 1.4819 1.4463
6562 16
2 6 2 8
3.9805 7.5859 8.0679 9.0463
1.9693 1.4688 1.5887 0.93806
6563 16
2 6 2 8
3.9859 7.5376 7.9212 9.032
1.9828 1.4077 1.5316 0.99075
6564 16
2 6 2 8
4.0119 7.4681 7.9981 9.0897
2.0446 1.47 1.5325 0.95822
6565 16
2 6 2 8
4.0281 7.5025 8.0577 9.0063
1.931 1.5437 1.5783 1.0226
6566 16
3 8 3 2 8 5
1.9796 4.9704 5.986 8.0603 8.9956 11.918
1.55 1.8279 1.5164 1.4985 0.90083 2.0461
6567 16
3 8 3 2 8 5
2.0164 5.0555 5.9584 8.0429 9.0311 12.056
1.5814 2.0575 1.4674 1.5262 0.98895 2.0829
6568 16
3 8 3 2 8 5
1.9958 4.9616 5.9848 8.0148 9.0066 11.992
1.5614 1.9813 1.49 1.4129 0.99261 2.0239
6569 16
3 8 3 2 8 5
2.0782 5.0508 6.0707 7.992 8.9862 12.02
1.4358 1.9152 1.4835 1.4563 1.008 1.968
6570 16
3 8 3 2 8 5
6.0272 9.0125 9.0562 11.036 11.94 12.003
1.4509 0.99692 1.479 1.4281 1.5835 1.9844
6571 16
3 8 3 2 8 5
6.0275 9.0067 9.1106 11.073 11.908 11.938
1.5042 1.0895 1.4601 1.4655 1.5314 2.0568
6572 16
3 8 3 2 8 5
5.9658 8.957 8.9664 11.035 12.026 11.985
1.4304 1.0592 1.4095 1.5382 1.4767 2.0182
6573 16
3 8 3 2 8 5
6.024 9.0166 8.9795 10.944 11.998 11.92
1.5526 0.94794 1.5159 1.5422 1.4252 2.0961
6574 16
4 8 1 2 3 8
4.0968 5.0474 5.9862 8.0612 9.035 11.953
2.5585 1.9531 2.0952 1.5578 1.4863 1.5227
6575 16
4 8 1 2 3 8
4.0108 4.95 6.0545 7.9983 8.9623 12.059
2.5763 1.9548 2.0692 1.5323 1.3918 1.5159
6576 16
4 8 1 2 3 8
4.0472 5.058 6.0096 7.9151 8.9757 11.986
2.4872 2.0427 1.9192 1.4659 1.5397 1.6359
6577 16
4 8 1 2 3 8
3.9393 4.9863 6.04 7.9564 9.0206 12.009
2.53 1.9095 2.0292 1.5837 1.4473 1.5048
6578 16
5 4 3 8 3 5
2.9972 4.0364 6.0536 9.0211 8.9661 11.989
1.4473 2.4723 1.4855 0.99641 1.4829 1.977
6579 16
5 4 3 8 3 5
2.9888 4.0937 6.0577 9.0463 8.9669 11.986
1.5067 2.4315 1.5249 1.0289 1.4189 2.0884
6580 16
5 4 3 8 3 5
2.994 3.9614 6.0196 9.0541 8.9994 11.953
1.5099 2.4138 1.4928 0.93975 1.4667 1.9624
6581 16
5 4 3 8 3 5
2.9888 4.0329 5.9348 8.9862 8.9386 12.122
1.5235 2.5123 1.4325 0.99412 1.4697 2.0461
6582 16
7 5 2 6 8 8
2.0503 2.9091 4.0228 7.6161 8.9971 11.976
1.9812 1.5431 1.9631 1.5211 1.1212 1.4459
6583 16
7 5 2 6 8 8
2.0244 2.9341 4.0909 7.375 9.0143 11.958
1.9903 1.5491 2.055 1.5866 0.90015 1.4638
6584 16
7 5 2 6 8 8
2.0259 2.9882 4.0497 7.4666 8.9781 12.085
1.9495 1.4486 2.0098 1.5129 0.94502 1.4959
6585 16
7 5 2 6 8 8
2.0177 3.0599 4.0387 7.5053 9.032 12.122
1.9276 1.4787 1.8923 1.4571 1.0415 1.4757
6586 16
3 4 8 7 5 2
2.103 4.0646 5.0846 5.9653 8.0417 10.949
1.4908 2.4496 2.0142 1.4724 2.0384 1.472
6587 16
3 4 8 7 5 2
2.0002 3.9912 4.9025 6.0134 7.9561 10.949
1.6042 2.5043 1.9584 1.6151 1.9661 1.4519
6588 16
3 4 8 7 5 2
2.0257 3.9438 4.9209 6.0889 8.0193 10.951
1.543 2.5237 2.0074 1.5959 2.0234 1.433
6589 16
3 7 5 8 7 8 2 5
1.904 1.9564 2.9237 4.9877 5.9686 9.0587 10.986 11.984
1.4547 2.004 1.4508 2.0014 1.5607 1.0619 1.4727 2.0022
6590 16
3 7 5 8 7 8 2 5
2.0357 1.9602 2.9982 5.0437 6.0617 9.0445 11.047 12.014
1.4904 2.0633 1.4713 2.0059 1.5462 0.99969 1.4875 2.0975
6591 16
3 7 5 8 7 8 2 5
2.0054 1.8866 3.0374 4.9676 5.9779 9.0345 10.905 11.973
1.4924 1.9139 1.5357 1.9707 1.4877 0.94477 1.5115 2.0519
6592 16
7 2 3 6 5 8 2 8
2.0132 3.9833 5.9549 7.5252 7.9798 9.0181 11.027 11.913
1.9668 2.0159 1.4605 1.6147 2.0174 1.0309 1.5157 1.5256
6593 16
7 2 3 6 5 8 2 8
2.0839 4.09 6.0392 7.452 8.0009 9.0069 10.951 11.982
1.9879 2.0463 1.5448 1.4903 2.0771 1.0308 1.5155 1.5585
6594 16
7 2 3 6 5 8 2 8
2.0796 4.053 6.0069 7.4957 7.9145 9.0608 10.987 11.962
2.0152 2.0258 1.4648 1.5926 1.9713 1.073 1.5727 1.4687
