42
1765 16
6 3 7 7 1 3 8
0.12228 0.58795 2.8841 5.4498 8.6111 9.9119 10.958
2.3638 2.4403 2.4886 1.347 2.69 1.9551 1.6414
1766 16
5 3 5 4 3 1
0.092562 3.7464 6.6608 8.0601 8.4214 8.6333
1.4965 1.1582 2.4492 2.4015 1.5342 2.1109
1767 16
1 4 6 6
0.94246 4.6631 5.2837 8.2789
1.3119 2.4219 2.5203 2.9429
1768 16
6 6 1 6
3.7857 8.5593 9.5091 13.454
1.2567 1.4913 2.755 1.0129
1769 16
6 1 2 4 5 4 8
0.075695 2.3113 2.4216 4.7024 6.4031 11.528 11.81
2.3233 2.8774 1.9718 2.7654 1.9941 1.1397 1.8832
1770 16
1 4 3 7
1.9105 4.0096 5.9857 6.0284
1.5826 2.3625 1.4676 1.5038
1771 16
1 4 3 7
2.0382 3.9731 5.9236 6.0052
1.472 2.4252 1.5399 1.4571
1772 16
1 4 3 7
2.0132 3.9929 6.0158 5.9287
1.5083 2.4578 1.5977 1.4771
1773 16
1 4 3 7
1.9639 3.9631 6.005 6.0309
1.4926 2.4838 1.5208 1.5501
1774 16
2 6 2 8
3.9473 7.5243 7.9743 8.9673
2.0174 1.4645 1.5245 0.9451
1775 16
2 6 2 8
3.9588 7.5462 7.9048 9.0487
1.9345 1.4658 1.478 1.0133
1776 16
2 6 2 8
3.9376 7.5538 8.0683 8.9217
2.0024 1.5839 1.3981 0.99088
1777 16
2 6 2 8
3.985 7.4581 8.0684 8.9817
1.9757 1.4439 1.5328 0.99837
1778 16
3 8 3 2 8 5
2.0201 4.975 5.9443 7.9704 8.9059 11.973
1.576 2.0175 1.5503 1.3867 1.018 1.9914
1779 16
3 8 3 2 8 5
1.967 4.9841 5.9577 8.1305 9.0938 11.982
1.4909 2.0236 1.4544 1.481 0.92928 1.9324
1780 16
3 8 3 2 8 5
1.9795 4.9527 6.0994 8.0784 9.0818 11.923
1.4551 1.9307 1.5414 1.4605 0.95526 1.9811
1781 16
3 8 3 2 8 5
1.9768 5.0732 5.9981 8.0393 9.0009 12.033
1.4353 2.0701 1.4578 1.526 0.98295 1.9892
1782 16
3 8 3 2 8 5
6.0481 8.935 9.0117 11.038 12.004 11.978
1.5758 0.98929 1.5165 1.405 1.4215 2.0375
1783 16
3 8 3 2 8 5
6.0169 9.0605 9.0694 11.03 12.008 12.025
1.5271 0.93229 1.4331 1.6011 1.4559 1.9917
1784 16
3 8 3 2 8 5
6.1034 8.871 8.9812 10.981 11.953 12.051
1.5061 0.99421 1.5111 1.5543 1.4898 2.0274
1785 16
3 8 3 2 8 5
6.0561 9.0075 8.9692 11.002 12.014 11.926
1.4543 0.96989 1.4279 1.4932 1.4943 2.0536
1786 16
4 8 1 2 3 8
3.9809 4.9553 6.0004 7.9922 8.9502 12.014
2.4374 2.0786 2.0273 1.4254 1.5075 1.4985
1787 16
4 8 1 2 3 8
3.9474 4.9885 5.9641 8.091 9.0415 11.984
2.4898 2.0732 1.928 1.5671 1.4826 1.5487
1788 16
4 8 1 2 3 8
4.0026 5.1545 5.9873 7.9783 8.9535 12.005
2.5328 1.9428 1.9723 1.5474 1.4692 1.5522
1789 16
4 8 1 2 3 8
3.9408 4.9949 6.0507 8.0531 8.9582 12.002
2.4901 1.9465 1.9744 1.5266 1.4919 1.477
1790 16
5 4 3 8 3 5
3.0174 4.0077 5.9851 8.9924 8.9689 12.018
1.5028 2.5103 1.4958 1.049 1.588 2.0463
1791 16
5 4 3 8 3 5
3.0004 3.9592 5.9033 9.0468 8.9297 12.003
1.4684 2.503 1.4473 1.0229 1.5557 2.0216
1792 16
5 4 3 8 3 5
2.9935 4.0533 5.9674 9.0738 9.0614 11.964
1.5595 2.5075 1.4704 1.0291 1.4805 1.9335
1793 16
5 4 3 8 3 5
3.0635 4.0687 5.9666 9.0175 9.0231 11.996
1.4563 2.4641 1.4618 0.98697 1.5308 1.999
1794 16
7 5 2 6 8 8
2.0128 2.9938 3.9485 7.5524 9.0958 11.946
1.9312 1.5072 2.0238 1.4577 1.0058 1.4416
1795 16
7 5 2 6 8 8
1.9704 2.9822 4.041 7.4665 9.0193 12.05
2.0029 1.475 2.093 1.5339 0.89416 1.5645
1796 16
7 5 2 6 8 8
1.9259 2.9448 4.0542 7.5166 9.0432 12
1.9894 1.5275 2.0132 1.5342 0.99524 1.4306
1797 16
7 5 2 6 8 8
1.9242 3.0316 4.0945 7.5472 8.9486 11.986
2.0174 1.4775 1.9539 1.5111 1.0718 1.4714
1798 16
3 4 8 7 5 2
1.9725 4.0086 5.0245 5.9445 8.0864 10.99
1.523 2.4901 1.9875 1.4671 1.9769 1.4791
1799 16
3 4 8 7 5 2
2.0334 3.8777 5.0031 6.0361 7.9994 10.976
1.5732 2.4731 1.9766 1.4472 1.9475 1.5201
1800 16
3 4 8 7 5 2
2.0041 4.0313 5.0562 6.0297 7.9549 11.014
1.4029 2.4988 1.9996 1.546 2.0224 1.48
1801 16
3 7 5 8 7 8 2 5
2.0081 1.9671 2.9738 5.039 5.9533 9.076 11.01 12.022
1.3759 2.1038 1.5023 2.0767 1.4795 1.0517 1.4445 1.952
1802 16
3 7 5 8 7 8 2 5
1.9329 2.0162 2.94 4.9915 5.9011 9.0048 10.972 11.981
1.4538 1.961 1.5606 2.1451 1.4652 1.0051 1.4707 2.0325
1803 16
3 7 5 8 7 8 2 5
2.0077 2.0176 2.9657 5.0646 6.046 8.9674 10.989 11.946
1.6023 2.0089 1.5665 2.0048 1.4636 1.0193 1.4981 2.0352
1804 16
7 2 3 6 5 8 2 8
1.9558 4.0244 6.0072 7.4905 8.0528 9.0089 11.002 12.017
2.12 1.9156 1.4758 1.4381 2.058 0.99438 1.4933 1.5583
1805 16
7 2 3 6 5 8 2 8
1.9804 4.0033 5.9921 7.4496 7.9302 8.981 11.042 12.006
2.0083 1.9713 1.5144 1.4638 1.9817 0.96151 1.4576 1.5392
1806 16
7 2 3 6 5 8 2 8
2.0241 4.039 5.99 7.4548 7.9605 8.9434 11.08 12.012
1.9982 2.1034 1.4066 1.4297 2.0078 1.022 1.4815 1.4287
