42
4999 16
6 2 1 8 6 8
0.89005 3.941 8.1593 9.2847 9.7398 11.916
1.4524 1.703 1.3832 1.4676 1.3914 1.3884
5000 16
8 4 1 2 1 5 4 6
2.2316 2.5598 5.4404 6.7963 7.9614 8.3251 9.3345 11.406
2.8866 2.314 1.8425 1.8862 1.5429 1.0275 1.1577 1.5218
5001 16
2 3 7 3 1 8 3
4.1582 4.3703 7.7802 10.508 12.105 12.424 13.931
1.5941 1.7762 2.9819 2.2544 1.2427 2.9348 1.0422
5002 16
1 2 3 3
5.4964 6.1915 7.6439 13.16
1.658 2.8447 2.516 1.3613
5003 16
6 1 8 2 8
3.9063 7.0876 10.573 11.658 13.982
2.8827 1.5628 1.7678 2.1176 1.0052
5004 16
1 4 3 7
2.0649 4.0634 6.04 6.06
1.565 2.4673 1.457 1.5132
5005 16
1 4 3 7
1.9765 3.9864 5.9965 6.0676
1.4642 2.528 1.5516 1.4408
5006 16
1 4 3 7
2.0006 3.9517 5.9871 6.0202
1.4783 2.5427 1.4643 1.5292
5007 16
1 4 3 7
2.1564 3.9941 5.9057 5.916
1.4352 2.5561 1.5278 1.5396
5008 16
2 6 2 8
3.9565 7.4875 7.9512 8.9382
2.0146 1.4476 1.5723 1.0078
5009 16
2 6 2 8
4.039 7.3929 7.9877 8.9798
2.0253 1.5264 1.5081 0.94178
5010 16
2 6 2 8
3.9903 7.5443 8.0065 8.9743
2.0119 1.491 1.4817 1.0877
5011 16
2 6 2 8
4.1032 7.511 7.9582 9.0174
1.9635 1.5379 1.5309 1.0243
5012 16
3 8 3 2 8 5
2.0473 5.0041 5.9962 8.0501 9.0013 12.089
1.5 1.9683 1.536 1.5031 1.0538 1.965
5013 16
3 8 3 2 8 5
2.0631 4.9608 6.0068 7.9646 9.0423 12.016
1.498 1.8905 1.4655 1.4898 1.0084 1.937
5014 16
3 8 3 2 8 5
1.9922 5.0428 5.866 8.0082 8.9707 12.011
1.419 1.9895 1.5561 1.4009 0.96891 2.0645
5015 16
3 8 3 2 8 5
2.0261 4.9984 5.9618 8.0548 9.0249 12.092
1.5122 1.9813 1.5285 1.4807 1.0599 1.9755
5016 16
3 8 3 2 8 5
6.0016 8.9608 8.9694 11.048 12.062 12.112
1.4998 0.98928 1.5094 1.4463 1.515 2.0813
5017 16
3 8 3 2 8 5
6.0327 8.9073 9.0428 10.954 12.036 11.996
1.4794 1.0651 1.4801 1.4628 1.4652 2.0267
5018 16
3 8 3 2 8 5
6.0042 8.9916 9.0691 10.992 11.984 11.982
1.5515 1.0618 1.5364 1.4744 1.5869 2.0485
5019 16
3 8 3 2 8 5
6.0284 8.9806 8.9509 10.969 11.96 11.967
1.4787 0.99824 1.4891 1.4963 1.5313 2.0204
5020 16
4 8 1 2 3 8
3.9969 4.9449 5.9964 7.9797 9.0407 12.022
2.4854 1.9446 1.9652 1.4672 1.5575 1.4975
5021 16
4 8 1 2 3 8
3.9712 4.9998 6.0111 8.048 8.9817 11.991
2.5019 2.0172 2.054 1.5367 1.4971 1.488
5022 16
4 8 1 2 3 8
3.9529 5.0225 6.0734 8.1032 9.0501 11.951
2.5504 1.9497 2.068 1.4541 1.4415 1.5616
5023 16
4 8 1 2 3 8
4.0573 4.9749 6.0127 7.9243 8.9604 12.016
2.5345 1.9855 2.0114 1.5242 1.3997 1.4204
5024 16
5 4 3 8 3 5
2.9327 3.994 6.0061 9.0029 9.0286 11.952
1.532 2.4302 1.5091 1.0365 1.4668 1.9798
5025 16
5 4 3 8 3 5
3.0019 4.0294 5.9783 8.9363 8.9601 11.966
1.4911 2.4869 1.469 1.0097 1.526 2.0446
5026 16
5 4 3 8 3 5
2.9959 4.0086 6.0279 9.0033 9.0227 11.969
1.4786 2.4657 1.5444 0.98587 1.5231 1.9818
5027 16
5 4 3 8 3 5
3.0273 4.0509 5.9721 8.9807 8.9828 11.969
1.5141 2.4665 1.4661 1.0398 1.4615 2.033
5028 16
7 5 2 6 8 8
1.9677 3.0577 3.9703 7.5432 8.9794 12.014
2.0195 1.4799 2.0259 1.5187 1.0005 1.4442
5029 16
7 5 2 6 8 8
2.0467 2.9626 4.0766 7.4512 9.051 11.987
2.0866 1.5457 1.9569 1.377 0.99586 1.5858
5030 16
7 5 2 6 8 8
1.9613 2.9817 3.9677 7.4731 8.9231 11.971
2.026 1.5162 1.9072 1.5386 1.0609 1.5586
5031 16
7 5 2 6 8 8
1.9535 3.0057 4.0225 7.4674 8.9797 12.045
1.9669 1.4467 1.9535 1.4867 0.9607 1.4731
5032 16
3 4 8 7 5 2
1.9624 3.9555 4.9312 5.9784 8.0472 10.946
1.3981 2.3662 1.996 1.5386 2.0315 1.6031
5033 16
3 4 8 7 5 2
2.0456 4.0105 4.8949 5.9585 7.9323 10.966
1.5251 2.456 2.0385 1.4394 1.9497 1.474
5034 16
3 4 8 7 5 2
2.0388 4.0617 4.9367 6.0428 7.9605 10.952
1.4841 2.4636 2.0179 1.4486 1.9897 1.4788
5035 16
3 7 5 8 7 8 2 5
1.9854 1.9387 2.9831 5.0134 6.0138 9.0962 11.011 11.952
1.4549 1.9954 1.4844 1.9718 1.529 1.0347 1.5564 1.9153
5036 16
3 7 5 8 7 8 2 5
2.0488 1.9783 2.9699 4.945 6.1014 8.957 10.978 12.042
1.4255 1.9604 1.4987 2.0085 1.4519 0.96921 1.497 1.971
5037 16
3 7 5 8 7 8 2 5
1.911 2.0705 2.9679 5.0786 5.9823 9.0301 11.036 11.946
1.5842 2.0112 1.5819 2.0165 1.4802 1.056 1.5439 1.9846
5038 16
7 2 3 6 5 8 2 8
2.0484 4.0068 6.0465 7.5541 7.9481 8.9561 11.008 11.951
1.9634 2.048 1.5025 1.4885 1.9594 0.92185 1.523 1.4817
5039 16
7 2 3 6 5 8 2 8
2.0702 4.0064 6.0006 7.4507 8.0483 8.933 10.971 12.033
1.9622 2.0369 1.5447 1.5091 1.967 1.0568 1.5472 1.5014
5040 16
7 2 3 6 5 8 2 8
2.0083 4.0163 5.9511 7.4841 8.0098 9.0483 11.03 11.983
2.0338 1.9902 1.5432 1.4746 2.015 0.99373 1.5753 1.5455
