41
7664 16
2 4 6 7
3.572 9.1557 9.899 12.538
1.0739 2.3977 2.6274 1.8386
7665 16
1 8 8 4
3.3784 3.9852 11.613 13.43
1.8585 1.9287 2.0158 1.7193
7666 16
8 4 6 8 1 8 5 3
2.499 3.2269 3.9417 5.4715 5.998 8.3062 10.224 10.236
1.5623 2.6009 1.441 1.3175 2.911 2.1139 2.5257 2.0162
7667 16
4 6 2 1 3 1 5
1.2425 2.1907 3.7501 4.5196 7.1651 8.0271 14.597
1.9646 2.9741 2.0387 2.8544 2.983 1.8536 1.2731
7668 16
6 2 5 3 4 5 7
0.89315 6.8422 7.8205 9.0812 12.077 12.441 14.152
1.3331 2.7582 2.9556 2.3661 2.9758 1.008 1.5263
7669 16
1 4 3 7
2.0322 3.9625 5.9448 6.0145
1.4629 2.5199 1.5006 1.5136
7670 16
1 4 3 7
1.9204 3.9413 6.0193 6.0792
1.4381 2.5457 1.5233 1.5807
7671 16
1 4 3 7
2.0165 3.962 6.0168 5.9676
1.4998 2.494 1.5053 1.5072
7672 16
1 4 3 7
1.9787 4.0511 5.9604 6.0101
1.5623 2.4729 1.4826 1.4608
7673 16
2 6 2 8
3.955 7.4522 7.9923 8.9749
1.9827 1.4986 1.4298 0.99888
7674 16
2 6 2 8
3.9291 7.4804 7.917 9.0377
1.9773 1.3988 1.4058 0.91193
7675 16
2 6 2 8
3.9864 7.4867 8.0697 8.9775
1.9046 1.5151 1.4069 1.0841
7676 16
2 6 2 8
3.9744 7.4823 8.0254 9.0609
2.001 1.5213 1.5648 1.0058
7677 16
3 8 3 2 8 5
1.9235 5.1282 5.947 8.0811 8.987 11.95
1.5516 1.9981 1.4784 1.4919 1.0279 1.9681
7678 16
3 8 3 2 8 5
1.986 5.0725 6.0163 8.0039 9.0755 11.971
1.4254 2.0026 1.6158 1.5361 0.96633 1.9157
7679 16
3 8 3 2 8 5
1.9094 4.9724 6.0152 8.0492 9.0434 12.031
1.5942 2.0055 1.4916 1.5471 0.99849 1.9683
7680 16
3 8 3 2 8 5
1.9378 4.9279 6.0619 7.9635 8.9286 12.033
1.5293 2.0007 1.5277 1.4142 0.99255 2.0513
7681 16
3 8 3 2 8 5
6.0242 9.0447 9.0784 11.034 11.969 11.992
1.4859 0.9139 1.4467 1.5277 1.4669 1.9458
7682 16
3 8 3 2 8 5
6.0739 8.9865 8.9462 11.102 11.983 11.966
1.497 0.98932 1.4906 1.4702 1.5172 2.0002
7683 16
3 8 3 2 8 5
5.924 9.0321 8.9939 10.949 12.008 12.042
1.5464 1.0384 1.6666 1.431 1.5648 2.0492
7684 16
3 8 3 2 8 5
5.9895 9.0481 8.9321 10.873 12.093 12.048
1.4756 1.0639 1.4626 1.4632 1.4815 1.9532
7685 16
4 8 1 2 3 8
4.0092 4.9383 6.0196 7.9874 8.9793 11.999
2.4812 2.0057 1.97 1.5277 1.4191 1.5163
7686 16
4 8 1 2 3 8
3.9489 4.9844 5.9629 7.962 9.0843 11.944
2.5033 2.0288 2.1125 1.5179 1.5078 1.4949
7687 16
4 8 1 2 3 8
3.9761 4.9617 5.9795 7.9835 8.9471 12.021
2.5236 1.9833 2.0608 1.4865 1.5148 1.5583
7688 16
4 8 1 2 3 8
4.058 5.0193 6.0389 8.0062 8.9771 12.043
2.4955 1.9833 2.0313 1.5596 1.4974 1.5146
7689 16
5 4 3 8 3 5
2.979 4.0411 6.0412 8.9864 8.9741 12.017
1.4802 2.4979 1.5915 1.0891 1.5206 2.0086
7690 16
5 4 3 8 3 5
3.0018 3.9958 5.991 9.0112 9.0244 12.037
1.517 2.4341 1.5476 0.9977 1.4759 1.9961
7691 16
5 4 3 8 3 5
2.9988 3.9755 6.0113 8.9968 9.0144 11.974
1.5031 2.5772 1.5652 0.94918 1.4781 2.032
7692 16
5 4 3 8 3 5
2.9919 4.0191 6.0085 9.0342 8.9953 11.968
1.4822 2.5456 1.5176 1.011 1.5237 1.9973
7693 16
7 5 2 6 8 8
2.1022 3.0566 3.9591 7.486 9.028 11.956
1.9545 1.465 1.9818 1.4484 0.95729 1.4581
7694 16
7 5 2 6 8 8
1.9368 3.0759 3.9945 7.4678 8.9925 12.049
1.9998 1.5017 1.961 1.4867 0.99348 1.4671
7695 16
7 5 2 6 8 8
2.0849 2.9461 4.0866 7.521 8.9354 12.018
2.0838 1.5567 1.9974 1.5041 0.98864 1.505
7696 16
3 4 8 7 5 2
2.0923 4.0508 4.9742 6.009 8.1191 10.962
1.4636 2.4891 2.0193 1.4589 2.1157 1.5023
7697 16
3 4 8 7 5 2
1.9168 4.0661 5.0155 5.9906 7.9989 10.971
1.5013 2.568 1.9948 1.5652 1.9984 1.5819
7698 16
3 4 8 7 5 2
1.9956 3.9539 5.0426 5.9848 8.0493 10.977
1.5682 2.4732 2.0299 1.4446 1.9999 1.5767
7699 16
3 7 5 8 7 8 2 5
2.0817 2.0183 2.9857 4.9865 6.0129 9.0389 11.081 11.98
1.436 2.0651 1.6105 1.9639 1.4475 1.0169 1.4096 2.0343
7700 16
3 7 5 8 7 8 2 5
2.0341 1.9963 2.9665 4.9726 5.9972 8.9732 11.075 12.02
1.45 2.0221 1.5381 1.9972 1.4569 1.0383 1.455 1.9791
7701 16
3 7 5 8 7 8 2 5
2.0186 2.0217 3.0528 5.0105 6.0136 8.9841 10.953 11.966
1.4782 1.9408 1.4528 2.011 1.5009 1.0155 1.5225 1.9738
7702 16
7 2 3 6 5 8 2 8
1.9554 3.9042 6.019 7.4251 7.9951 9.048 11.011 12.024
2.0488 2.0332 1.4826 1.5541 2.0735 1.0515 1.58 1.524
7703 16
7 2 3 6 5 8 2 8
1.9571 4.07 6.0222 7.6069 7.96 9.0266 11.018 11.917
2.0487 2.0103 1.5582 1.5435 2.0147 0.9741 1.5882 1.4203
7704 16
7 2 3 6 5 8 2 8
2.0471 3.9507 5.9824 7.4554 7.9299 8.9097 11.009 11.994
2.0189 2.0897 1.4784 1.4731 1.926 0.98315 1.5352 1.5121
