42
2311 16
7 6 8 1 3 5 4 1
0.35739 1.1614 1.4261 1.6908 1.7878 5.2903 8.8414 13.163
1.6118 2.3664 2.2642 1.5221 2.1108 1.0651 1.4758 2.2413
2312 16
6 2 4 5 3 7 1
2.5815 3.4251 5.908 8.3952 9.4034 9.9283 10.371
2.6664 1.2583 1.8862 1.9089 1.2423 1.6089 2.2088
2313 16
2 8 5 3 4 2
1.4348 11.144 11.204 11.901 12.682 12.718
1.8392 2.4832 1.8529 1.9789 2.2216 1.9899
2314 16
2 6 7 4
4.6742 12.121 12.698 13.995
2.7028 1.5731 1.5831 1.2607
2315 16
6 3 4 7 1 2 4 4
1.4299 3.0217 3.9248 4.3135 4.7029 9.3074 10.152 13.171
2.81 1.4097 2.0529 2.5713 2.115 1.4351 2.4354 2.815
2316 16
1 4 3 7
2.0991 4.0009 6.0308 5.997
1.4969 2.4402 1.5224 1.5018
2317 16
1 4 3 7
1.9251 3.9242 5.9536 5.9935
1.5737 2.52 1.5015 1.4996
2318 16
1 4 3 7
1.9706 3.9858 5.9852 6.0008
1.3994 2.4412 1.4951 1.5507
2319 16
1 4 3 7
1.8785 4.044 5.9249 6.0089
1.4584 2.4542 1.4367 1.5673
2320 16
2 6 2 8
3.9089 7.5141 7.9687 8.9797
1.9707 1.4252 1.4199 1.0085
2321 16
2 6 2 8
4.0429 7.5116 8.0223 9.0488
1.9315 1.5041 1.3985 0.93381
2322 16
2 6 2 8
4.0319 7.4625 7.9864 8.9194
1.9983 1.517 1.4344 1.0034
2323 16
2 6 2 8
4.0407 7.5279 7.9662 8.926
1.9906 1.5939 1.4929 1.0384
2324 16
3 8 3 2 8 5
1.9433 4.9816 6.0057 7.9956 8.9421 11.996
1.4112 1.9669 1.5845 1.5023 1.0269 2.0126
2325 16
3 8 3 2 8 5
1.9839 5.0704 6.024 8.071 8.8665 11.999
1.5298 2.0587 1.4452 1.4749 0.97551 2.014
2326 16
3 8 3 2 8 5
1.9698 4.9928 5.9485 7.9812 8.9976 11.974
1.5055 1.9329 1.4387 1.5536 1.0034 1.946
2327 16
3 8 3 2 8 5
1.9883 4.9982 5.9885 7.9817 9.0121 12.013
1.4931 2.055 1.5045 1.5087 1.0557 2.0405
2328 16
3 8 3 2 8 5
5.9724 8.9299 9.0049 11.037 11.984 11.942
1.4859 0.91638 1.4429 1.5167 1.5454 1.9504
2329 16
3 8 3 2 8 5
6.0734 9.0334 8.9912 10.987 11.921 12.01
1.5068 0.9984 1.5298 1.4811 1.4643 1.9514
2330 16
3 8 3 2 8 5
5.913 9.014 9.0459 10.993 12.018 12.138
1.4865 1.0323 1.5707 1.4617 1.5315 2.0148
2331 16
3 8 3 2 8 5
5.9252 9.023 9.0192 11.059 11.983 12.002
1.5132 0.96055 1.4987 1.4783 1.5573 1.9821
2332 16
4 8 1 2 3 8
4.0229 5.049 6.0179 7.9906 8.9931 11.964
2.5479 2.0079 1.9579 1.5323 1.4937 1.4357
2333 16
4 8 1 2 3 8
4.0156 4.9582 5.991 7.9774 9.0386 11.92
2.5509 1.9514 1.9431 1.436 1.5346 1.5129
2334 16
4 8 1 2 3 8
4.061 4.9159 5.961 7.9804 9.0221 11.95
2.591 1.9685 1.9366 1.4722 1.5374 1.5334
2335 16
4 8 1 2 3 8
3.9788 4.9556 5.9167 8.0448 9.0033 11.947
2.4902 2.0594 2.0214 1.472 1.4617 1.6031
2336 16
5 4 3 8 3 5
3.0461 3.9725 5.9983 8.9692 8.9267 12.027
1.5453 2.4568 1.4636 0.972 1.5555 2.0435
2337 16
5 4 3 8 3 5
2.8928 4.013 5.964 9.0198 9.043 12.08
1.5267 2.4917 1.54 1.0217 1.4511 1.9618
2338 16
5 4 3 8 3 5
2.9952 3.9055 6.0153 9.0231 8.9881 12.018
1.5962 2.4458 1.4966 0.9831 1.4906 2.0642
2339 16
5 4 3 8 3 5
2.9801 4.064 5.9963 8.9747 8.9315 11.996
1.6276 2.5903 1.5174 0.99511 1.4946 1.9803
2340 16
7 5 2 6 8 8
1.9897 3.0078 4.0155 7.4583 9.0596 12.007
2.0334 1.5607 2.0914 1.5314 0.98903 1.5064
2341 16
7 5 2 6 8 8
1.9579 2.917 4.0172 7.6181 8.9842 11.947
2.0322 1.4861 1.9645 1.4906 1.0068 1.469
2342 16
7 5 2 6 8 8
2.041 3.0373 4.0046 7.5278 8.9816 12.035
2.1133 1.5657 2.0119 1.5812 0.97337 1.4311
2343 16
7 5 2 6 8 8
2.0348 2.9957 4.0246 7.5742 8.9373 11.96
1.8913 1.5032 2.0039 1.5517 0.9541 1.4989
2344 16
3 4 8 7 5 2
2.0332 3.9537 4.9875 5.9272 8.0792 11.019
1.5039 2.4511 2.0243 1.5307 1.9979 1.4609
2345 16
3 4 8 7 5 2
1.8996 3.9854 5.0646 6.0179 8.0259 10.996
1.4251 2.4937 1.9365 1.4682 1.9669 1.4858
2346 16
3 4 8 7 5 2
2.0469 4.0878 5.0526 5.9093 8.0221 10.995
1.4834 2.5187 2.0262 1.5587 1.9597 1.4325
2347 16
3 7 5 8 7 8 2 5
1.9899 1.9085 2.9138 5.0317 6.0683 9.0431 10.934 12.026
1.4995 2.0257 1.5122 1.983 1.4956 1.0048 1.5407 2.0238
2348 16
3 7 5 8 7 8 2 5
2.0193 1.9394 2.972 5.0587 6.0836 8.9412 11.012 11.946
1.5209 1.9787 1.5536 1.9841 1.4874 0.9341 1.5095 1.9926
2349 16
3 7 5 8 7 8 2 5
2.0083 1.9589 3.0114 4.9864 6.0557 8.9861 10.977 11.949
1.4427 1.9293 1.4411 1.9897 1.5016 0.99401 1.4918 1.9914
2350 16
7 2 3 6 5 8 2 8
2.0618 4.0577 5.9345 7.5284 7.9909 8.9566 11.031 12.085
1.9396 1.9026 1.4838 1.564 1.9993 1.0151 1.5286 1.5462
2351 16
7 2 3 6 5 8 2 8
2.0142 4.0263 6.0411 7.52 7.9286 8.9955 10.985 11.949
2.0104 2.0417 1.5227 1.4645 1.9717 1.0318 1.5284 1.4193
2352 16
7 2 3 6 5 8 2 8
1.9861 3.9335 6.0334 7.5529 8.0009 9.0008 10.93 12.006
1.9286 1.983 1.494 1.5155 2.0043 0.98861 1.5141 1.5598
