42
4285 16
5 4 7 8 4 7 6 5
0.53847 1.5605 1.87 8.3237 8.6205 9.7814 10.375 11.327
2.8981 2.8649 2.1059 1.8154 1.7282 2.7925 1.7804 2.2037
4286 16
8 5 6 7 2 1 4
0.7846 3.6454 5.5301 5.8653 7.1706 7.3241 8.7084
1.1155 1.362 1.0547 2.4888 1.2815 2.2449 1.9225
4287 16
8 4 7 2 8 2 2
0.98875 3.0417 3.2115 4.4012 6.3807 10.436 11.733
2.949 1.0979 1.6912 1.6704 1.5023 1.213 2.6399
4288 16
6 6 4 2 7
1.2137 6.3143 8.5485 12.816 12.881
1.177 1.5985 2.8772 1.3952 1.462
4289 16
2 6 8 7
0.83437 2.2862 8.038 9.2892
2.0698 1.747 2.2005 1.463
4290 16
1 4 3 7
2.0308 4.076 5.9304 6.042
1.49 2.5546 1.4932 1.5887
4291 16
1 4 3 7
2.0752 3.9928 5.9421 5.9574
1.471 2.4988 1.4879 1.5124
4292 16
1 4 3 7
1.9289 3.9956 6.0636 6.0778
1.5032 2.5432 1.4561 1.4891
4293 16
1 4 3 7
1.9113 4.1031 5.9576 6.1153
1.5079 2.4117 1.3592 1.5647
4294 16
2 6 2 8
3.9822 7.5667 7.9398 9.0051
2.0316 1.5069 1.447 1.0204
4295 16
2 6 2 8
3.9991 7.5449 7.9968 8.9889
2.0038 1.4847 1.4995 0.97557
4296 16
2 6 2 8
3.9941 7.4457 8.0127 8.9962
1.9893 1.5108 1.4282 0.92752
4297 16
2 6 2 8
4.0398 7.4951 7.9441 8.99
2.0481 1.5653 1.5081 1.0231
4298 16
3 8 3 2 8 5
1.9669 5.0178 6.0154 7.8914 9.0114 12.011
1.5771 1.9887 1.5016 1.5105 1.0155 1.9546
4299 16
3 8 3 2 8 5
1.9587 5.0094 5.9937 7.971 8.9641 12.013
1.5184 2.0619 1.4741 1.4589 0.97191 2.0598
4300 16
3 8 3 2 8 5
2.0072 5.0852 6.0049 7.9696 9.0397 12.012
1.4534 2.0621 1.5364 1.4953 0.9721 2.0054
4301 16
3 8 3 2 8 5
1.9181 5.0182 5.8606 7.9483 8.9674 12.033
1.5105 2.0473 1.4997 1.4385 0.92891 2.0376
4302 16
3 8 3 2 8 5
6.0272 9.0593 8.9767 11.004 12.062 12.092
1.5416 1.0683 1.5074 1.4994 1.5389 2.0693
4303 16
3 8 3 2 8 5
5.9568 9.0699 8.9559 11.115 11.903 12.01
1.5582 0.97969 1.5331 1.5079 1.4785 1.8649
4304 16
3 8 3 2 8 5
5.9851 9.0253 8.9564 11.08 12.017 12.032
1.5178 0.92967 1.5831 1.4985 1.459 2.0239
4305 16
3 8 3 2 8 5
5.9468 8.9714 8.9165 10.991 12.019 11.957
1.4063 0.92341 1.5584 1.5461 1.558 2.0405
4306 16
4 8 1 2 3 8
4.0466 4.991 6.07 7.9618 8.9706 12.057
2.4674 1.9785 2.0422 1.5739 1.5603 1.4434
4307 16
4 8 1 2 3 8
3.9872 4.9841 5.9385 7.9759 9.0679 11.997
2.5191 2.0035 2.0146 1.5726 1.5565 1.4336
4308 16
4 8 1 2 3 8
4.0148 5.0072 5.9382 8.0384 9.021 11.923
2.5187 1.9588 2.0295 1.5173 1.4797 1.4611
4309 16
4 8 1 2 3 8
3.9704 5.0492 6.0356 8.0112 8.9912 11.997
2.4555 1.974 1.9361 1.5231 1.4735 1.4852
4310 16
5 4 3 8 3 5
3.0087 3.9261 5.9288 8.9537 9.0171 12.071
1.5135 2.5117 1.4933 1.0364 1.4729 1.9927
4311 16
5 4 3 8 3 5
3.0205 4.0605 6.0069 8.9855 9.0135 12.05
1.5359 2.4384 1.5294 0.91372 1.4658 1.9831
4312 16
5 4 3 8 3 5
3.0362 4.0029 5.9929 9.0387 9.0577 12.052
1.5643 2.4184 1.5157 0.94862 1.4843 1.8903
4313 16
5 4 3 8 3 5
3.0561 3.9431 6.0223 8.9541 8.9594 12.065
1.5279 2.5555 1.6013 1.0004 1.4822 2.0062
4314 16
7 5 2 6 8 8
1.9828 2.9491 3.9195 7.5274 9.1053 12.01
2.0328 1.4668 1.997 1.5041 1.0477 1.4588
4315 16
7 5 2 6 8 8
2.0174 3.0866 4.0136 7.5247 8.9947 11.996
1.9932 1.3805 2.0399 1.54 1.0019 1.4709
4316 16
7 5 2 6 8 8
2.0404 3.0364 4.0203 7.4509 8.8828 12.002
2.0278 1.5474 1.9529 1.5174 0.9868 1.4546
4317 16
7 5 2 6 8 8
2.0431 3.0358 4.01 7.4713 8.9806 11.948
1.9743 1.5872 1.9428 1.4402 0.95427 1.4887
4318 16
3 4 8 7 5 2
2.076 4.041 4.9808 6.0494 8.1128 10.921
1.5283 2.4749 2.066 1.4719 2.0757 1.4927
4319 16
3 4 8 7 5 2
1.96 3.9607 5.0422 5.9538 7.9434 11.085
1.4584 2.4397 2.046 1.4628 2.0516 1.5086
4320 16
3 4 8 7 5 2
2.039 4.0614 4.9693 6.0243 7.9594 11.054
1.6267 2.5531 2.0325 1.501 2.1066 1.4013
4321 16
3 7 5 8 7 8 2 5
2.0613 2.044 3.073 5.0333 6.0078 8.8847 10.994 11.945
1.4396 2.002 1.4633 2.041 1.4521 0.94863 1.5322 2.0487
4322 16
3 7 5 8 7 8 2 5
1.9957 1.9988 3.0111 4.984 6.0308 9.0602 11.038 11.934
1.5349 2.0315 1.4758 2.0121 1.4572 0.96899 1.4126 1.999
4323 16
3 7 5 8 7 8 2 5
1.9998 2.0526 2.9367 4.9484 5.9648 8.9578 11.006 12.018
1.533 2.0359 1.4871 1.9327 1.6124 1.059 1.4236 2.0474
4324 16
7 2 3 6 5 8 2 8
2.0448 4.0783 6.0825 7.528 7.9818 8.9567 11.039 11.922
2.0309 2.0819 1.5077 1.457 1.9303 1.0018 1.4918 1.5028
4325 16
7 2 3 6 5 8 2 8
1.9968 3.9579 6.0049 7.5358 7.9793 8.9902 11.037 12.007
1.9921 2.0682 1.5102 1.4795 1.9151 0.97517 1.5005 1.5949
4326 16
7 2 3 6 5 8 2 8
2.0291 4.0302 5.9583 7.4721 7.9964 8.9718 11.091 11.961
2.0522 2.0234 1.5293 1.4832 2.0274 0.96643 1.4519 1.5801
