42
3235 16
6 2 4 2 2
2.5147 3.5689 4.0416 7.3349 11.467
1.4536 2.8375 2.0174 2.8125 2.7749
3236 16
3 5 8 4 7 4 3
4.3679 6.0375 6.6076 6.685 10.096 10.675 14.599
1.1278 2.5182 2.8276 1.2839 2.5039 2.4665 1.0834
3237 16
3 4 2 6
4.6139 9.4256 9.7366 10.958
2.1485 2.2765 2.7392 2.1444
3238 16
6 8 6 1 2 5 3
1.218 2.2474 5.6297 5.984 7.1258 9.6998 13.89
2.0553 2.3831 2.0754 2.0159 2.7533 2.4341 1.0784
3239 16
2 3 5 1 3 5
6.6828 7.3403 9.3809 9.4576 11.244 11.65
2.8609 2.325 1.6243 2.7103 1.3742 1.1624
3240 16
1 4 3 7
2.014 3.9755 6.0476 5.9747
1.581 2.5867 1.4451 1.5131
3241 16
1 4 3 7
1.92 4.0777 5.9027 5.9444
1.4888 2.4754 1.5405 1.5005
3242 16
1 4 3 7
1.9275 3.9519 5.9629 6.0461
1.4937 2.5878 1.466 1.4931
3243 16
1 4 3 7
2.0204 3.9139 6.0213 5.9464
1.458 2.5288 1.5033 1.4345
3244 16
2 6 2 8
4.0321 7.4994 8.0251 9.0507
1.924 1.4867 1.445 0.98623
3245 16
2 6 2 8
4.0247 7.4734 8.0639 8.9536
2.0289 1.4624 1.3968 1.0339
3246 16
2 6 2 8
4.0875 7.5016 7.9104 8.9814
2.0135 1.4712 1.4909 0.98345
3247 16
2 6 2 8
4.0193 7.5178 8.0414 8.9911
1.9194 1.45 1.5495 1.0086
3248 16
3 8 3 2 8 5
1.9945 4.9515 6.0065 8.0208 8.995 12.034
1.4621 2.0033 1.47 1.5405 0.99681 1.9263
3249 16
3 8 3 2 8 5
2.1009 5.0033 5.9916 8.011 8.9615 11.986
1.4565 2.1016 1.3782 1.472 1.0219 2.0447
3250 16
3 8 3 2 8 5
1.979 4.9848 6.0798 8.0417 8.9037 12.012
1.5325 1.9349 1.528 1.5167 1.0787 1.9943
3251 16
3 8 3 2 8 5
2.0818 5.0108 6.0608 7.9298 9.0392 11.998
1.4959 1.996 1.5359 1.5395 0.98786 1.8435
3252 16
3 8 3 2 8 5
5.986 9.0031 8.877 11 12.044 11.967
1.5062 1.0024 1.6027 1.4642 1.4827 2.0315
3253 16
3 8 3 2 8 5
6.0788 8.9283 9.1206 11.073 11.971 11.93
1.4302 1.0863 1.4684 1.5493 1.4803 1.8917
3254 16
3 8 3 2 8 5
5.9353 8.9954 9.0135 11.063 11.886 12
1.6211 1.1086 1.4693 1.4427 1.4838 1.9603
3255 16
3 8 3 2 8 5
5.9725 8.9572 8.9979 10.969 11.934 11.962
1.527 1.0434 1.5276 1.5687 1.5029 2.1155
3256 16
4 8 1 2 3 8
4.0068 4.9399 5.992 8.027 8.9594 12.057
2.4775 2.053 2.0412 1.4659 1.5003 1.5244
3257 16
4 8 1 2 3 8
3.9966 5.0065 5.9949 7.9733 9.003 12.014
2.4448 2.0871 2.098 1.4735 1.5201 1.5241
3258 16
4 8 1 2 3 8
4.01 5.0531 5.9887 8.0686 8.9509 11.913
2.5504 1.9045 1.9675 1.4942 1.3959 1.5181
3259 16
4 8 1 2 3 8
3.9336 4.9902 6.0029 7.981 9.0586 12.02
2.5655 2.0061 2.0144 1.4313 1.5147 1.5453
3260 16
5 4 3 8 3 5
3.0546 3.9683 6.0354 9.0501 9.0071 12.05
1.4717 2.5197 1.4449 0.98266 1.5013 1.911
3261 16
5 4 3 8 3 5
3.0199 4.04 5.9572 8.9646 8.8691 11.939
1.4689 2.5314 1.4551 1.0282 1.564 2.0204
3262 16
5 4 3 8 3 5
3.0025 4.0284 6.0355 8.9832 9.0001 11.89
1.4708 2.5304 1.4741 1.0506 1.4549 1.9982
3263 16
5 4 3 8 3 5
2.9802 4.0166 5.9907 9.0518 8.9786 12.008
1.5158 2.5902 1.5296 0.89006 1.5142 2.0145
3264 16
7 5 2 6 8 8
1.9797 3.004 4.0268 7.6077 8.9639 12.078
1.9174 1.4732 1.9671 1.5614 1.0319 1.4954
3265 16
7 5 2 6 8 8
2.1462 3.0086 4.0878 7.5185 8.9218 11.941
1.9409 1.5028 2.028 1.4853 1.0253 1.5291
3266 16
7 5 2 6 8 8
1.9625 2.9553 3.9966 7.5464 9.0099 11.968
2.0172 1.5406 2.0364 1.5774 0.95501 1.5646
3267 16
7 5 2 6 8 8
2.0517 3.0383 4.0114 7.4644 8.9459 11.967
1.9534 1.5177 2.0815 1.5423 1.024 1.4588
3268 16
3 4 8 7 5 2
2.014 3.8718 4.999 6.0281 8.0595 10.911
1.5031 2.4923 2.005 1.4724 1.9942 1.4764
3269 16
3 4 8 7 5 2
1.9548 3.968 5.0339 5.9891 8.0573 10.923
1.5852 2.4892 2.0155 1.5245 1.9886 1.4048
3270 16
3 4 8 7 5 2
1.9271 3.9757 4.9386 5.9974 8.0078 11.047
1.4991 2.4946 2.0137 1.5142 1.9849 1.5629
3271 16
3 7 5 8 7 8 2 5
1.9853 2.014 3.0323 5.0234 6.0423 8.9646 11.076 12.026
1.522 2.0898 1.5405 2.0077 1.5427 0.95867 1.4609 2.018
3272 16
3 7 5 8 7 8 2 5
1.9983 2.0178 3.0328 4.8964 5.9585 9.0279 11.097 12.001
1.4861 1.9566 1.468 2.032 1.5056 0.89644 1.4713 2.0622
3273 16
3 7 5 8 7 8 2 5
2.0034 2.024 2.9841 4.9487 5.9707 8.9259 10.973 12.006
1.4573 1.9979 1.6088 1.9439 1.5234 1.1007 1.5387 2.0258
3274 16
7 2 3 6 5 8 2 8
2.0549 3.9478 6.0513 7.516 7.9825 8.9152 10.881 12.05
1.9461 2.021 1.5595 1.5666 1.9939 0.98554 1.63 1.558
3275 16
7 2 3 6 5 8 2 8
1.9645 3.9788 6.0284 7.5102 8.0028 8.9888 11.054 12.031
2.0202 1.9874 1.499 1.5424 1.9799 1.0314 1.5304 1.4568
3276 16
7 2 3 6 5 8 2 8
2.0279 4.0555 5.9318 7.597 7.983 9.0168 11.021 12.053
1.9859 2.0517 1.481 1.5829 2.0307 0.95228 1.4709 1.5277
