41
8771 16
2 8 5 4 3 3 2
0.53839 0.94135 3.0264 3.2698 9.1925 12.585 12.966
2.6846 2.6682 2.8876 2.3662 1.953 2.4259 2.6396
8772 16
8 4 2 1 1 3 2
1.572 2.6396 3.7916 5.9872 9.4071 9.8621 13.19
1.4499 1.1237 1.8522 2.9157 1.816 2.2341 2.0726
8773 16
6 5 3 1
1.7432 2.4737 2.9844 7.5633
1.9398 2.7381 2.8052 2.864
8774 16
3 7 7 1 8 3 4
0.72933 0.87492 6.6791 7.5446 9.5184 9.8726 11.213
1.547 1.2189 1.7009 2.6312 2.7349 2.855 2.2907
8775 16
7 4 2 5 3
3.8963 7.3637 7.6591 7.9748 10.348
2.2473 1.0456 1.6725 2.9505 2.9166
8776 16
1 4 3 7
1.921 3.942 5.9211 6.0245
1.4408 2.4947 1.5036 1.5342
8777 16
1 4 3 7
2.101 4.0365 5.9063 6.088
1.5063 2.5179 1.5709 1.4608
8778 16
1 4 3 7
2.0336 4.0327 6.0622 6.0352
1.5678 2.441 1.5013 1.4778
8779 16
1 4 3 7
2.0472 4.0102 5.9394 6.0349
1.5039 2.5716 1.5206 1.6587
8780 16
2 6 2 8
3.8989 7.5313 8.1644 8.9815
1.9731 1.4838 1.4409 0.97384
8781 16
2 6 2 8
3.93 7.5732 7.9317 9.0166
1.9912 1.4501 1.4459 0.97238
8782 16
2 6 2 8
4.0691 7.5331 7.9857 8.8894
1.9698 1.5425 1.5283 1.0356
8783 16
2 6 2 8
3.9549 7.5035 8.033 8.9777
1.9309 1.4692 1.489 1.0269
8784 16
3 8 3 2 8 5
1.9119 4.949 5.9912 7.9393 9.0123 11.919
1.419 2.1667 1.4633 1.4161 0.9002 1.9824
8785 16
3 8 3 2 8 5
1.9984 5.0851 5.9979 8.0884 8.9777 12.064
1.4566 2.0537 1.5641 1.5265 1.0367 2.0567
8786 16
3 8 3 2 8 5
2.0078 5.0986 6.0257 7.9185 9.0391 11.974
1.4618 1.9973 1.4908 1.5104 1.0268 2.0479
8787 16
3 8 3 2 8 5
2.0105 5.0491 5.9006 7.9777 8.911 12.043
1.5372 1.956 1.4811 1.497 0.91006 1.9999
8788 16
3 8 3 2 8 5
6.0434 9.0442 8.9976 10.959 12.006 12.004
1.4887 0.97817 1.4346 1.483 1.5532 1.9524
8789 16
3 8 3 2 8 5
6.0679 8.8837 8.9714 11.015 11.925 11.976
1.5237 1.0524 1.5187 1.4222 1.5529 1.9708
8790 16
3 8 3 2 8 5
5.9583 9.087 8.9222 10.913 11.986 11.961
1.4992 1.0074 1.4248 1.4123 1.5152 1.9887
8791 16
3 8 3 2 8 5
5.9724 9.0363 9.0656 10.99 12.002 12.009
1.533 0.94081 1.5154 1.5543 1.4536 1.8937
8792 16
4 8 1 2 3 8
4.0277 4.8769 5.9899 7.9592 8.9899 12.019
2.4732 1.9483 2.0509 1.4945 1.5371 1.4455
8793 16
4 8 1 2 3 8
4.0028 4.9384 5.9224 7.9894 8.9758 11.937
2.5002 1.9625 1.9879 1.5929 1.4817 1.4522
8794 16
4 8 1 2 3 8
4.0112 5.0007 5.8102 7.9758 9.0484 12.038
2.5399 1.991 2.0341 1.3779 1.4555 1.5492
8795 16
4 8 1 2 3 8
4.0336 5.0259 6.0245 7.9867 8.9792 11.956
2.5951 2.0382 2.0186 1.4772 1.4815 1.4443
8796 16
5 4 3 8 3 5
2.9743 3.9769 5.9898 9.0051 9.0255 12.046
1.4496 2.4626 1.391 0.91197 1.5412 1.9118
8797 16
5 4 3 8 3 5
3.0403 4.086 6.0837 9.0742 9.0133 11.995
1.5436 2.4666 1.5378 0.98109 1.4973 1.9657
8798 16
5 4 3 8 3 5
3.12 4.0345 5.9757 8.9434 8.9302 12.038
1.5176 2.5609 1.4697 0.9183 1.5529 1.9272
8799 16
5 4 3 8 3 5
2.9988 3.9565 6.0383 9.0437 8.9731 11.945
1.4891 2.4503 1.463 1.0295 1.4975 1.9666
8800 16
7 5 2 6 8 8
1.9867 2.9144 4.0209 7.5119 8.9847 12.046
2.0265 1.4973 2.0038 1.5101 0.96616 1.5341
8801 16
7 5 2 6 8 8
2.0151 3.0227 3.9686 7.5538 9.0894 11.948
2.0441 1.4714 1.9227 1.508 0.9716 1.4953
8802 16
7 5 2 6 8 8
2.0514 2.9651 4.0196 7.4871 8.9329 12.032
1.9139 1.3972 2.0355 1.5941 0.97569 1.5035
8803 16
3 4 8 7 5 2
1.9949 3.9995 4.9885 5.9598 8.0698 10.94
1.5547 2.4951 2.0058 1.4603 2.0318 1.4887
8804 16
3 4 8 7 5 2
2.0065 3.9854 4.9392 6.0135 8.0483 10.934
1.4975 2.4683 1.9441 1.5311 1.9766 1.5112
8805 16
3 4 8 7 5 2
1.9924 4.0233 4.9659 5.9954 7.9741 11.045
1.5529 2.468 1.9968 1.5215 2.0118 1.538
8806 16
3 7 5 8 7 8 2 5
2.0757 1.9424 3.0761 4.9275 5.9427 9.0245 11.018 11.906
1.5409 2.0326 1.5057 1.9919 1.4786 1.0729 1.4247 1.9857
8807 16
3 7 5 8 7 8 2 5
1.9118 1.974 2.9819 4.9128 6.0768 9.0168 10.986 12.06
1.5107 2.0259 1.4325 1.9282 1.5203 1.0385 1.4775 2.0463
8808 16
3 7 5 8 7 8 2 5
2.0531 2.0176 3.0212 5.0168 5.9244 8.941 11.051 12.018
1.4443 1.9992 1.5204 1.9391 1.4839 0.98338 1.551 2.0463
8809 16
7 2 3 6 5 8 2 8
2.0184 4.0241 6.0927 7.4506 8.0981 9.0215 10.976 12.004
1.9526 1.928 1.6284 1.4908 2.0352 1.0614 1.5422 1.6144
8810 16
7 2 3 6 5 8 2 8
1.9779 3.9441 6.0195 7.6157 8.0238 8.9981 11.013 11.939
2.0023 1.9512 1.4868 1.4676 1.9304 1.0221 1.5176 1.4085
8811 16
7 2 3 6 5 8 2 8
1.9562 3.9296 5.9924 7.4583 7.9264 8.9708 11.041 12.018
1.9899 2.1119 1.5144 1.5303 1.9096 0.94637 1.5337 1.5105
