42
3277 16
2 7 1 6 3 7 4
0.60442 0.77889 0.92136 9.9341 11.104 12.309 13.449
2.1483 2.5483 2.4091 2.7802 1.2355 1.8412 1.3056
3278 16
7 5 8 3 2 4 5 7
0.0051671 0.58414 3.037 3.8689 4.7237 5.3235 5.6984 9.9358
2.6965 1.1182 2.1809 1.1576 2.6799 2.0288 1.7379 1.0214
3279 16
5 1 8 4
3.5773 5.1786 9.4615 9.5898
1.6944 1.0623 2.1758 2.9267
3280 16
6 8 8 5 2 7 8 1
2.0069 4.5979 6.9449 7.2286 8.584 12.319 13.126 13.53
1.521 1.1975 2.2123 1.2002 2.2115 2.8653 2.642 1.6938
3281 16
1 2 3 2 4
1.3461 3.51 6.6489 7.8231 11.626
1.8611 1.1755 2.0925 2.7943 1.831
3282 16
1 4 3 7
2.06 4.113 6.0017 5.98
1.5801 2.5834 1.4877 1.4837
3283 16
1 4 3 7
2.1045 4.0227 6.0328 5.9912
1.4959 2.5278 1.441 1.5312
3284 16
1 4 3 7
2.0534 4.0222 6.0104 6.0544
1.4634 2.5256 1.5792 1.6149
3285 16
1 4 3 7
2.0709 4.0925 5.9737 6.0619
1.4443 2.3872 1.5356 1.5241
3286 16
2 6 2 8
3.9769 7.5578 7.937 9.0177
2.0451 1.539 1.4858 0.96846
3287 16
2 6 2 8
3.9856 7.4901 7.9934 9.0296
1.982 1.4857 1.503 1.0525
3288 16
2 6 2 8
4.0674 7.5317 8.0149 9.0904
1.9508 1.4645 1.4495 1.1387
3289 16
2 6 2 8
3.9496 7.5545 7.9507 8.9754
1.9799 1.5098 1.4128 1.0037
3290 16
3 8 3 2 8 5
1.9766 5.0048 6.0007 7.9467 9.0753 11.98
1.5639 1.9231 1.4889 1.4935 1.0617 1.9723
3291 16
3 8 3 2 8 5
1.9745 5.0503 6.0496 7.9203 8.9295 11.943
1.4854 2.0137 1.4873 1.5919 1.0013 2.0221
3292 16
3 8 3 2 8 5
1.9305 4.9807 6.0645 7.9783 8.8693 12.024
1.4976 2.0427 1.5065 1.4569 1.0335 1.9452
3293 16
3 8 3 2 8 5
2.0447 4.9451 6.1115 7.9654 8.984 11.972
1.4435 1.9706 1.5076 1.4427 0.9888 1.953
3294 16
3 8 3 2 8 5
5.975 8.9465 8.9731 11.096 11.988 11.953
1.5478 1.0276 1.6025 1.5493 1.4544 2.0753
3295 16
3 8 3 2 8 5
6.0438 8.9716 9.0303 11.02 12.013 11.949
1.5676 0.93918 1.553 1.525 1.4975 2.0349
3296 16
3 8 3 2 8 5
5.995 8.9789 8.932 11.056 12.105 11.997
1.4828 1.0754 1.535 1.4307 1.5458 2.1424
3297 16
3 8 3 2 8 5
5.9461 8.9719 8.9309 11.007 12.043 12.073
1.5179 1.0218 1.5257 1.5402 1.4769 2.0285
3298 16
4 8 1 2 3 8
3.9952 4.9997 6.144 7.9731 8.9403 12.038
2.5075 1.9163 2.1002 1.4634 1.5927 1.5271
3299 16
4 8 1 2 3 8
3.9959 4.9636 5.979 8.0505 8.9806 11.933
2.5592 2.008 2.0426 1.5115 1.4276 1.4181
3300 16
4 8 1 2 3 8
3.96 4.9783 5.9781 8.0239 9.0179 11.984
2.49 1.994 1.9943 1.4707 1.5486 1.4863
3301 16
4 8 1 2 3 8
3.9941 4.9647 5.9835 7.9226 9.0773 11.921
2.4927 1.9456 2.039 1.4585 1.5094 1.4305
3302 16
5 4 3 8 3 5
3.0007 3.9456 5.9593 9.0398 9.0391 11.993
1.5013 2.4947 1.4244 1.0111 1.5202 1.9967
3303 16
5 4 3 8 3 5
2.9665 4.0012 6.055 9.1267 9.0304 11.971
1.5353 2.5442 1.5163 1.0136 1.5034 1.9761
3304 16
5 4 3 8 3 5
2.9403 4.0547 5.9496 9.0993 8.98 11.904
1.4687 2.5414 1.4382 1.0814 1.5503 2.03
3305 16
5 4 3 8 3 5
2.9578 3.9627 6.0589 8.9388 8.9949 11.954
1.5272 2.5555 1.4622 1.0405 1.4781 2.0644
3306 16
7 5 2 6 8 8
2.1135 3.0282 3.9192 7.5057 8.9738 12.016
2.0073 1.4911 2.0827 1.5101 0.96318 1.5066
3307 16
7 5 2 6 8 8
1.9875 2.8942 3.9982 7.507 8.9668 11.897
2.0643 1.42 1.9587 1.5064 0.92963 1.466
3308 16
7 5 2 6 8 8
1.9854 2.9859 3.9516 7.4409 8.9399 11.973
2.1373 1.4271 2.0216 1.5773 1.0325 1.4958
3309 16
7 5 2 6 8 8
1.9236 3.0262 3.9905 7.532 8.9372 12.092
2.0182 1.5394 2.0156 1.4282 0.98969 1.474
3310 16
3 4 8 7 5 2
2.0097 4.0265 5.0131 5.9915 8.0257 10.918
1.567 2.5043 1.9242 1.5452 1.9719 1.5344
3311 16
3 4 8 7 5 2
2.0144 4.0097 4.9913 6.042 7.9381 10.985
1.4166 2.5718 2.0745 1.471 2.0593 1.5157
3312 16
3 4 8 7 5 2
2.0017 3.9181 5.0418 5.9837 8.0138 10.947
1.5094 2.5345 2.0396 1.5289 2.0163 1.5129
3313 16
3 7 5 8 7 8 2 5
2.0474 2.0179 3.0111 5.0193 6.1345 9.0654 10.988 12.017
1.5109 1.9892 1.4715 2.0315 1.4248 0.9494 1.4227 2.0223
3314 16
3 7 5 8 7 8 2 5
2.0521 1.9301 3.0037 4.9414 5.9921 8.9578 11.06 12.031
1.4715 1.9971 1.5163 1.9492 1.4594 1.0006 1.5391 1.961
3315 16
3 7 5 8 7 8 2 5
1.9086 2.1011 2.9886 4.9934 6.0448 9.0035 11.006 12.013
1.5902 2.0158 1.4638 1.9205 1.4518 0.95736 1.4971 2.0145
3316 16
7 2 3 6 5 8 2 8
2.0075 4.0398 6.0712 7.4131 7.9261 8.9347 11.048 12.089
1.9299 2.1057 1.4717 1.5141 2.0838 1.0149 1.5342 1.5481
3317 16
7 2 3 6 5 8 2 8
2.0802 4.0409 6.0429 7.4978 8.0162 9.0281 10.997 11.957
2.0142 1.9884 1.4393 1.5168 2.0755 1.1158 1.4636 1.4366
3318 16
7 2 3 6 5 8 2 8
1.9869 3.9885 6.0172 7.5409 7.9618 9.0482 10.938 11.936
2.0321 2.0276 1.4557 1.4772 1.9468 1.0227 1.4051 1.5484
