42
589 16
5 8 2 6 4 2 8
4.4326 4.6713 5.3996 10.424 11.68 12.026 12.436
2.4012 2.1915 1.6057 2.3396 2.2189 1.2767 2.9513
590 16
1 4 7 2 2 1 2 1
2.1101 2.3906 2.8614 3.7249 7.6796 8.1136 10.437 10.891
1.799 2.0631 2.4245 2.4278 1.6958 1.5902 1.5555 2.8278
591 16
5 2 8 1 7 8 4
1.7639 1.899 4.1644 5.1376 5.719 10.707 11.71
1.6507 2.7037 2.9745 2.1816 2.7605 1.5815 2.2914
592 16
4 5 6 5 3
0.36377 3.7662 4.3394 9.4209 11.192
2.4861 1.492 2.5301 1.1852 2.2119
593 16
3 5 1 5 7 7
3.8101 5.0991 9.129 9.4612 9.9071 12.095
1.6642 2.9632 1.9249 2.9654 2.0442 2.5135
594 16
1 4 3 7
1.9632 4.065 5.988 5.9501
1.5327 2.5327 1.4573 1.5576
595 16
1 4 3 7
2.0826 3.9274 6.0333 5.9464
1.5011 2.4553 1.6163 1.4701
596 16
1 4 3 7
2.0106 3.9506 6.0627 6.0519
1.5988 2.5281 1.5661 1.496
597 16
1 4 3 7
1.9986 3.9872 5.9733 6.0623
1.4783 2.4925 1.5506 1.6009
598 16
2 6 2 8
3.9084 7.5059 7.9585 9.0229
2.0713 1.4617 1.4608 1.0803
599 16
2 6 2 8
3.9206 7.4698 8.084 9.0261
1.9142 1.5245 1.55 0.91275
600 16
2 6 2 8
3.9531 7.4791 7.9429 9.0002
2.0316 1.4224 1.3598 0.99395
601 16
2 6 2 8
4.0526 7.5306 8.0472 9.0533
1.951 1.4671 1.4584 1.0127
602 16
3 8 3 2 8 5
2.0763 4.9699 5.9866 8.0068 9.0012 11.948
1.454 1.9485 1.4769 1.4922 0.86596 2.0903
603 16
3 8 3 2 8 5
1.9863 5.0616 6.0162 8.0159 8.9764 12.019
1.5554 1.9715 1.5175 1.5004 1.0665 1.8971
604 16
3 8 3 2 8 5
1.9642 4.9999 6.018 7.9615 9.0785 12.083
1.4414 2.0001 1.5532 1.5433 0.91594 2.0223
605 16
3 8 3 2 8 5
2.0326 4.9426 6.1248 7.9795 9.0122 12.01
1.4663 2.055 1.5148 1.4151 1.0132 2.017
606 16
3 8 3 2 8 5
5.9724 8.9618 9.0965 11.024 11.958 12.056
1.4131 0.98492 1.5276 1.4936 1.4871 2.0005
607 16
3 8 3 2 8 5
5.9416 8.9905 9.0816 10.974 12.031 11.999
1.5352 0.89464 1.6119 1.4928 1.5067 2.0166
608 16
3 8 3 2 8 5
5.9339 9.0676 8.995 10.997 11.982 11.979
1.5461 1.0069 1.5532 1.429 1.5777 1.9678
609 16
3 8 3 2 8 5
5.9602 8.8718 8.9146 10.977 11.975 11.971
1.5349 1.0532 1.4108 1.4656 1.4841 2.0215
610 16
4 8 1 2 3 8
3.9561 4.9755 6.0211 7.9719 9.0695 12.023
2.5498 2.0327 2.0341 1.4755 1.3339 1.5185
611 16
4 8 1 2 3 8
4.071 5.0421 6.0021 8.0958 9.0962 12.007
2.4657 1.9221 1.9306 1.4977 1.5055 1.5711
612 16
4 8 1 2 3 8
3.993 5.0486 5.9882 7.9248 8.9603 11.961
2.4699 1.9279 2.0038 1.4282 1.5885 1.5409
613 16
4 8 1 2 3 8
3.9486 4.9592 5.9948 8.0175 8.9412 11.911
2.5859 2.073 1.9071 1.4952 1.5184 1.5379
614 16
5 4 3 8 3 5
2.9484 4.0042 5.9224 9.0299 8.9359 12.001
1.5184 2.4698 1.4278 0.9973 1.4837 2.0355
615 16
5 4 3 8 3 5
3.038 4.0933 6.011 9.0376 8.9524 12.01
1.5452 2.5691 1.4698 1.0895 1.6002 2.1097
616 16
5 4 3 8 3 5
2.997 3.9812 5.9682 8.9496 8.9774 12.019
1.5245 2.4356 1.5242 0.96661 1.5523 2.0009
617 16
5 4 3 8 3 5
2.9981 3.9109 5.9349 9.0617 8.9291 12.029
1.5659 2.5363 1.4856 1.0474 1.5039 2.0167
618 16
7 5 2 6 8 8
2.0505 3.0251 3.9362 7.4743 9.0456 12.088
2.0726 1.542 2.0385 1.5526 1.09 1.4743
619 16
7 5 2 6 8 8
1.9847 2.9898 3.9603 7.491 8.9755 11.946
1.9989 1.4471 1.9739 1.4977 1.0869 1.5019
620 16
7 5 2 6 8 8
1.9233 3.0016 3.9401 7.4789 8.9876 11.948
1.995 1.4336 2.0481 1.4231 1.0315 1.5001
621 16
7 5 2 6 8 8
2.0044 2.9113 3.9892 7.5123 9.0269 11.973
2.0178 1.4908 2.0141 1.4901 1.0022 1.5393
622 16
3 4 8 7 5 2
1.9424 4.0879 4.9027 6.021 7.9224 10.948
1.5361 2.5485 2.0077 1.5072 1.9311 1.4066
623 16
3 4 8 7 5 2
2.0237 3.9459 5.0562 5.9375 7.925 10.904
1.5168 2.5193 1.971 1.4925 2.0193 1.5828
624 16
3 4 8 7 5 2
1.988 3.9714 5.0824 6.0394 8.0198 10.96
1.4999 2.5027 2.0666 1.506 1.9809 1.5325
625 16
3 7 5 8 7 8 2 5
2.0088 2.0021 3.0286 4.915 5.992 9.0462 11.001 11.981
1.4768 1.9115 1.5268 2.0584 1.5275 0.97739 1.4631 1.9585
626 16
3 7 5 8 7 8 2 5
1.9682 2.0279 2.947 4.9805 6.0064 8.927 10.974 11.83
1.5134 1.9809 1.4885 2.0323 1.549 0.98258 1.4822 1.9757
627 16
3 7 5 8 7 8 2 5
1.9371 1.98 2.9834 5.0241 5.9675 9.0206 11.001 11.954
1.5168 2.0834 1.4532 1.9552 1.493 1.0232 1.6015 2.0114
628 16
7 2 3 6 5 8 2 8
2.0628 4.0055 6.033 7.5762 7.9798 9.0259 10.95 11.948
1.9585 1.9257 1.5098 1.5445 1.9429 0.91993 1.485 1.6509
629 16
7 2 3 6 5 8 2 8
2.0207 4.0232 5.9511 7.5915 7.9862 8.9994 10.996 12.043
2.0687 2.0139 1.3855 1.4469 2.1018 0.95981 1.3652 1.4185
630 16
7 2 3 6 5 8 2 8
2.0492 3.9241 6.0022 7.5507 7.9871 9.057 10.995 11.961
2.0815 1.9903 1.4951 1.5558 1.9406 0.99114 1.4528 1.5364
