41
8115 16
1 2 1 5 2
8.118 8.8425 11.535 12.933 13.646
2.5337 1.1273 1.7814 2.473 1.7938
8116 16
3 5 8 2 7 5
1.8079 5.8105 7.7732 7.8066 9.1587 10.22
2.7345 2.1136 1.698 2.8112 1.1661 2.9058
8117 16
3 2 7 6 5 8
5.2578 5.3377 5.4065 6.0247 6.888 14.016
2.7916 2.6623 2.2661 2.6206 1.2743 1.3993
8118 16
6 7 3 4 6 8
1.9115 2.0284 2.4129 3.8823 5.2634 11.108
2.9145 1.5698 1.5284 2.6747 2.8956 2.6432
8119 16
3 5 3 5
4.2687 5.0128 9.1177 12.486
1.7144 2.636 2.7703 1.6591
8120 16
1 4 3 7
1.9092 3.9154 6.0269 6.0254
1.4317 2.5036 1.5184 1.4281
8121 16
1 4 3 7
1.9324 4.0236 6.0118 5.9992
1.3419 2.4476 1.5163 1.5209
8122 16
1 4 3 7
1.9898 3.9602 5.9626 6.025
1.536 2.5553 1.3897 1.5236
8123 16
1 4 3 7
2.0192 4.0256 5.9389 5.9465
1.4323 2.5109 1.495 1.5471
8124 16
2 6 2 8
4.0976 7.5639 8.012 9.0435
1.9819 1.4498 1.6011 0.95969
8125 16
2 6 2 8
4.0077 7.5339 8.0079 8.9267
2.0629 1.4976 1.4804 0.92283
8126 16
2 6 2 8
3.9772 7.5081 8.0371 9.0415
2.038 1.4357 1.4507 1.084
8127 16
2 6 2 8
3.9558 7.4334 7.8906 9.0912
2.0044 1.531 1.6038 0.97055
8128 16
3 8 3 2 8 5
2.0011 5.0396 5.9571 8.1053 8.946 12.05
1.4699 1.926 1.5565 1.5492 1.0041 2.0782
8129 16
3 8 3 2 8 5
2.0269 4.9901 5.9682 7.985 8.9721 12.01
1.5724 2.0728 1.5311 1.4646 0.97201 2.0475
8130 16
3 8 3 2 8 5
2.0041 4.9652 5.9964 8.1368 8.9994 12.039
1.4315 1.8946 1.5045 1.5041 0.92613 1.9925
8131 16
3 8 3 2 8 5
2.0655 4.9967 5.9955 7.9469 9.0305 12.111
1.5561 2.0382 1.4394 1.4949 0.98742 2.0399
8132 16
3 8 3 2 8 5
5.94 9.0469 9.0118 11.009 12.057 12.117
1.5062 1.1204 1.5657 1.4933 1.569 2.0095
8133 16
3 8 3 2 8 5
5.9512 8.9269 9.1084 11.013 11.991 12.071
1.4829 0.9871 1.6356 1.4237 1.4985 2.0058
8134 16
3 8 3 2 8 5
5.961 8.9652 8.9502 11.077 11.917 11.893
1.5236 0.98696 1.5095 1.4169 1.511 1.9281
8135 16
3 8 3 2 8 5
6.007 9.0326 9.0064 10.99 12.002 11.986
1.5019 1.0105 1.4711 1.495 1.4756 2.0215
8136 16
4 8 1 2 3 8
3.8572 5.0048 5.875 8.0171 9.0381 12.01
2.5529 1.9934 2.0729 1.482 1.4865 1.4966
8137 16
4 8 1 2 3 8
4.0174 4.9645 5.9131 8.0664 9.0136 11.931
2.509 2.011 2.0121 1.4701 1.382 1.4876
8138 16
4 8 1 2 3 8
3.9511 5.0709 6.0302 7.9678 9.0539 12.04
2.517 1.9755 1.9506 1.5583 1.5414 1.537
8139 16
4 8 1 2 3 8
4.0623 5.0412 5.9495 8.0252 8.9841 12.008
2.3821 1.993 2.0007 1.5951 1.3915 1.461
8140 16
5 4 3 8 3 5
3.0172 3.9649 6.0252 9.0466 9.0972 12.039
1.5104 2.5073 1.5228 0.97495 1.4772 1.9983
8141 16
5 4 3 8 3 5
2.9558 3.907 5.9731 9.0138 9.0192 11.96
1.5267 2.492 1.5672 0.98478 1.5146 1.9083
8142 16
5 4 3 8 3 5
2.9002 3.9129 6.0305 8.917 9.0023 11.99
1.3836 2.455 1.4732 1.044 1.5913 1.9602
8143 16
5 4 3 8 3 5
2.9859 3.954 6.0513 8.9575 9.0174 12.096
1.5285 2.5407 1.4938 0.95478 1.4727 2.0313
8144 16
7 5 2 6 8 8
2.1015 3.0292 3.9399 7.5208 9.0234 12.056
2.0473 1.4759 2.0073 1.5783 1.0198 1.4959
8145 16
7 5 2 6 8 8
2.0639 3.0558 3.9867 7.5309 8.8909 11.917
2.0314 1.628 1.9899 1.5673 0.90231 1.4772
8146 16
7 5 2 6 8 8
2.0315 2.9247 4.0026 7.5806 9.0633 11.989
1.9251 1.5174 1.9986 1.4993 1.029 1.5679
8147 16
3 4 8 7 5 2
2.0121 4.0794 5.0477 5.9601 7.9378 11.027
1.5084 2.4769 1.9522 1.3849 1.9735 1.5132
8148 16
3 4 8 7 5 2
2.0949 4.0923 5.0389 5.9539 7.9971 11.056
1.5021 2.5278 2.0222 1.4839 1.9412 1.4675
8149 16
3 4 8 7 5 2
1.9541 4.0256 4.9564 5.9898 8.0009 10.995
1.4581 2.4785 2.0568 1.573 2.0784 1.4885
8150 16
3 7 5 8 7 8 2 5
2.0474 2.0097 2.9039 5.0236 5.9641 8.9444 10.963 12.07
1.4393 1.9751 1.4239 1.9815 1.5475 0.99516 1.4796 2.0049
8151 16
3 7 5 8 7 8 2 5
1.9304 2.016 3.0045 5.0374 5.9961 8.9791 11.022 11.944
1.6273 2.0515 1.4961 2.0633 1.408 0.98562 1.5355 2.0492
8152 16
3 7 5 8 7 8 2 5
2.044 2.0078 2.9769 4.943 6.0002 9.0324 10.909 12.016
1.5156 1.9388 1.5246 2.0222 1.5316 1.0001 1.6221 2.0696
8153 16
7 2 3 6 5 8 2 8
1.9427 4.1164 5.9576 7.5538 7.9191 8.9903 11.03 12.08
1.9864 1.99 1.4823 1.6314 1.9805 0.98912 1.5768 1.5593
8154 16
7 2 3 6 5 8 2 8
1.9922 4.005 5.8682 7.5091 8.0148 9.0264 10.997 11.97
1.994 2.0098 1.518 1.5255 1.9884 1.0911 1.4731 1.5538
8155 16
7 2 3 6 5 8 2 8
2.0569 3.9311 5.9696 7.5003 7.963 9.0223 11.022 12.079
2.0774 2.0585 1.5687 1.4611 2.0034 0.99108 1.4187 1.4512
