42
421 16
5 2 8 2 2 8 5
0.45432 3.5706 4.8912 5.2666 8.2036 10.026 11.773
2.3012 1.3292 1.3688 2.0506 2.1823 1.5969 1.8571
422 16
7 3 2 6 7 8
0.36347 1.1881 3.294 4.0981 7.6353 13.091
1.7639 1.3425 1.4868 1.1055 2.4015 2.67
423 16
4 2 5 7 5 2
1.4669 1.6694 6.9088 8.3136 8.7389 10.085
1.485 2.8849 1.6008 1.7891 1.0586 2.1739
424 16
4 1 2 1 7
2.7345 2.9723 3.705 7.1489 13.638
1.6241 2.306 2.9474 1.0801 1.0833
425 16
5 5 1 6
8.8071 12.432 13.285 14.376
1.0301 1.6946 1.0896 1.3387
426 16
1 4 3 7
1.9395 4.0576 6.0645 5.9872
1.4454 2.4488 1.6058 1.5077
427 16
1 4 3 7
2.006 4.1082 6.0645 6.0325
1.5268 2.53 1.5017 1.4316
428 16
1 4 3 7
1.9467 4.0355 5.9596 6.0144
1.5754 2.5206 1.5129 1.4695
429 16
1 4 3 7
2.0029 4.0575 5.9741 6.0203
1.4775 2.4642 1.5251 1.6137
430 16
2 6 2 8
4.0419 7.465 8.0551 9.0084
2.0225 1.537 1.5585 0.97484
431 16
2 6 2 8
4.0271 7.4799 8.0031 8.9888
1.9749 1.4791 1.5092 0.96459
432 16
2 6 2 8
3.9205 7.5127 8.0387 9.06
2.0843 1.4769 1.4925 0.9343
433 16
2 6 2 8
3.9624 7.5267 7.9457 8.9412
1.9879 1.418 1.4967 0.96982
434 16
3 8 3 2 8 5
1.9456 5.0319 6.0091 8.0187 8.993 11.979
1.5352 2.0738 1.5594 1.5193 1.0198 2.0312
435 16
3 8 3 2 8 5
2.0107 4.9351 5.9149 7.9978 9.0194 12.014
1.5093 1.9646 1.4605 1.6201 0.95858 1.9476
436 16
3 8 3 2 8 5
1.9804 4.9477 6.0287 7.9756 9.0604 12.005
1.5964 1.9492 1.4889 1.5806 1.0241 2.0032
437 16
3 8 3 2 8 5
2.0129 4.9514 5.9377 7.9972 9.0427 11.926
1.4651 2.0332 1.486 1.5246 0.97523 2.0361
438 16
3 8 3 2 8 5
6.0036 8.9745 8.995 10.999 11.869 11.996
1.6042 0.90515 1.513 1.5569 1.4583 1.9926
439 16
3 8 3 2 8 5
5.8975 9.0269 9.0299 10.98 12.036 11.961
1.5667 1.077 1.574 1.5141 1.4418 1.9973
440 16
3 8 3 2 8 5
5.9511 8.9322 9.0855 10.994 11.977 12.059
1.4731 1.0482 1.5641 1.5216 1.5028 2.0365
441 16
3 8 3 2 8 5
5.9656 8.9534 9.0426 11.026 12.062 11.998
1.4871 0.99699 1.4591 1.5475 1.5499 2.0379
442 16
4 8 1 2 3 8
3.944 4.9042 5.9124 7.8976 8.9039 12.032
2.4894 2.0341 1.9779 1.4983 1.5137 1.516
443 16
4 8 1 2 3 8
3.9952 4.9745 6.0206 8.0153 8.9881 11.908
2.5848 1.9343 1.9846 1.5812 1.5077 1.5235
444 16
4 8 1 2 3 8
3.9706 4.8831 6.0264 7.9805 9.0257 11.979
2.5137 2.0687 2.0468 1.4512 1.4723 1.5578
445 16
4 8 1 2 3 8
4.0109 4.9793 6.0417 7.9547 9.0999 11.929
2.4213 1.9643 2.0327 1.5398 1.5233 1.4142
446 16
5 4 3 8 3 5
3.0109 3.9388 5.9655 8.9353 8.9891 11.934
1.4736 2.4658 1.5177 0.96677 1.5205 1.9916
447 16
5 4 3 8 3 5
3.0161 3.9447 6.0788 8.8463 9.0029 11.982
1.5776 2.4424 1.4549 0.97369 1.5708 2.0307
448 16
5 4 3 8 3 5
3.0678 4.0481 5.9675 8.9489 9.0331 12.053
1.4425 2.5974 1.5046 0.92953 1.6234 2.0016
449 16
5 4 3 8 3 5
3.0859 3.9335 6.0401 9.0359 9.0147 11.941
1.5457 2.4015 1.5333 0.98742 1.5693 2.0296
450 16
7 5 2 6 8 8
2.0141 3.038 3.9005 7.4181 8.9174 12.064
2.0607 1.5577 2.0573 1.5029 1.0629 1.5138
451 16
7 5 2 6 8 8
2.0098 2.9649 4.0418 7.5732 9.0181 11.996
1.9915 1.4408 1.9596 1.5034 1.0767 1.4865
452 16
7 5 2 6 8 8
1.9987 2.9245 4.0396 7.5422 8.9212 11.956
2.0071 1.5738 2.0205 1.5201 1.0359 1.4675
453 16
7 5 2 6 8 8
1.9405 2.944 4.0607 7.5226 8.9597 12.018
2.0391 1.4707 1.9182 1.4636 1.0166 1.4615
454 16
3 4 8 7 5 2
2.0601 4.0572 5.0839 5.9531 8.0224 10.949
1.5623 2.4604 1.9785 1.5401 2.048 1.5046
455 16
3 4 8 7 5 2
1.9174 3.938 5.0097 6.0431 7.9848 10.963
1.4288 2.5084 1.9319 1.38 1.9232 1.4922
456 16
3 4 8 7 5 2
2.0638 4.0128 5.0005 5.9766 8.0756 10.991
1.452 2.5427 1.9631 1.4773 1.9777 1.4598
457 16
3 7 5 8 7 8 2 5
2.0335 1.9594 3.0457 4.9722 5.9926 8.9622 11.044 11.968
1.4767 2.0119 1.4431 2.0355 1.4102 1.1235 1.5319 1.9488
458 16
3 7 5 8 7 8 2 5
2.0445 2.087 2.9493 4.9926 5.9407 8.9761 10.992 11.904
1.5827 1.9781 1.4771 2.0102 1.4562 0.90046 1.411 2.0949
459 16
3 7 5 8 7 8 2 5
1.8374 1.9966 3.0106 4.8884 5.9375 8.9764 11.003 12.041
1.4978 2.1131 1.5796 2.0053 1.4474 1.0124 1.5232 1.9771
460 16
7 2 3 6 5 8 2 8
1.9904 4.0014 5.9791 7.5851 7.9558 9.0241 11.18 12.016
2.0217 2.0276 1.5281 1.4915 1.9424 0.97985 1.5039 1.5171
461 16
7 2 3 6 5 8 2 8
2.0318 3.979 6.076 7.551 8.0049 8.9946 11.004 12.014
1.9891 2.0224 1.5442 1.5801 2.0215 1.0065 1.4972 1.5237
462 16
7 2 3 6 5 8 2 8
1.9737 3.9575 6.0299 7.5703 8.099 9.021 11.007 12.042
2.0361 2.0749 1.5706 1.444 2.0241 0.99722 1.5203 1.4483
