42
1387 16
6 2 4 8 7
0.88138 1.0847 4.2295 5.3617 12.793
2.4196 2.8597 1.3967 2.5824 1.9291
1388 16
4 8 6 7 6 1 7
2.8638 3.718 5.6383 6.9843 8.8089 9.3206 12.433
2.993 2.0904 2.7051 2.9274 2.8725 1.675 2.3968
1389 16
4 2 4 2 3 6
0.90576 6.1185 6.9879 9.7137 10.693 12.541
1.1162 1.8924 1.5291 2.0651 2.1861 2.908
1390 16
8 3 1 4 6 4
0.34441 1.4099 1.4549 2.9546 3.9956 5.8071
1.807 2.58 2.6663 1.1762 2.7919 1.8809
1391 16
1 6 2 7 8
0.69158 1.4557 2.119 3.0639 12.474
1.7645 2.148 2.5546 1.0081 1.2403
1392 16
1 4 3 7
2.0022 4.0504 5.9754 6.0779
1.451 2.5586 1.6726 1.3869
1393 16
1 4 3 7
2.0363 3.9933 5.9542 5.9598
1.4903 2.4854 1.5581 1.4858
1394 16
1 4 3 7
2.0276 4.0491 6.0721 5.9981
1.6102 2.5733 1.5612 1.4825
1395 16
1 4 3 7
1.9849 4.0782 6.0707 6.0815
1.4849 2.426 1.5375 1.4758
1396 16
2 6 2 8
3.8621 7.5554 7.9877 8.9603
2.1596 1.4804 1.4712 1.0681
1397 16
2 6 2 8
4.0381 7.5335 7.9894 8.9134
1.9406 1.4919 1.516 0.97373
1398 16
2 6 2 8
3.9085 7.5366 7.9841 9.0527
1.9798 1.4667 1.5011 1.0101
1399 16
2 6 2 8
4.0595 7.489 7.9906 9.0394
1.9848 1.5101 1.5183 1.0381
1400 16
3 8 3 2 8 5
2.0326 4.9997 6.043 7.9845 8.9058 12.009
1.4521 1.9607 1.5314 1.5159 0.966 1.9613
1401 16
3 8 3 2 8 5
2.0208 5.0017 5.9322 8.0559 8.9628 11.949
1.5572 2.0298 1.4789 1.4363 1.0277 2.0205
1402 16
3 8 3 2 8 5
1.9068 4.9489 5.9812 8.0226 8.9558 12.073
1.4173 2.0276 1.4938 1.5051 0.99884 2.0138
1403 16
3 8 3 2 8 5
1.9522 5.0282 6.048 8.0245 9.0796 11.958
1.4648 1.9722 1.4869 1.4666 1.0504 1.9361
1404 16
3 8 3 2 8 5
6.0369 9.0148 8.942 11.057 11.979 11.935
1.4828 1.0214 1.4431 1.5356 1.4913 2.0695
1405 16
3 8 3 2 8 5
5.9236 8.9691 9.0298 10.954 11.965 12.004
1.4485 1.0885 1.5116 1.5153 1.5142 2.0224
1406 16
3 8 3 2 8 5
6.039 9.1126 8.948 10.962 11.997 11.943
1.5507 0.95951 1.4278 1.5525 1.5688 1.9747
1407 16
3 8 3 2 8 5
6.0152 8.9361 8.977 11.137 12.056 12.032
1.4958 0.96982 1.4945 1.5298 1.513 2.064
1408 16
4 8 1 2 3 8
4.0928 4.9692 6.0468 7.9716 8.9045 11.992
2.4775 2.0262 1.9751 1.4226 1.5725 1.5342
1409 16
4 8 1 2 3 8
4.0502 4.868 5.9889 7.9714 8.9405 11.934
2.5759 1.9184 1.9674 1.4685 1.5201 1.5174
1410 16
4 8 1 2 3 8
4.0091 5.0236 5.9891 7.9269 9.0797 11.947
2.5037 1.9803 1.9404 1.5574 1.5444 1.5593
1411 16
4 8 1 2 3 8
4.0161 4.9431 6.0633 7.9458 8.9489 11.936
2.4988 1.9177 2.0366 1.4738 1.4713 1.5435
1412 16
5 4 3 8 3 5
3.012 4.0607 5.8879 8.9653 8.974 11.961
1.4827 2.4091 1.5352 1.0358 1.5676 2.0971
1413 16
5 4 3 8 3 5
3.0912 3.9761 6.0249 8.941 9.0492 11.973
1.5604 2.5234 1.4044 0.99054 1.4742 2.0169
1414 16
5 4 3 8 3 5
3.0492 4.0159 6.0868 8.9946 8.9818 11.985
1.4939 2.5524 1.4445 0.95412 1.5307 1.9619
1415 16
5 4 3 8 3 5
2.9231 4.0641 6.0419 8.9846 8.9855 11.995
1.5416 2.4788 1.4944 1.0791 1.4991 2.1193
1416 16
7 5 2 6 8 8
2.08 2.995 4.0125 7.5255 9.0048 11.985
1.9098 1.5042 2.0008 1.4803 1.0101 1.4817
1417 16
7 5 2 6 8 8
2.018 2.9703 4.0001 7.5322 8.9901 11.987
1.9894 1.5357 2.0268 1.4876 0.95174 1.5338
1418 16
7 5 2 6 8 8
2.018 3.0027 3.9613 7.5855 8.9701 11.959
2.0259 1.4461 2.0581 1.4352 1.0187 1.4128
1419 16
7 5 2 6 8 8
1.9605 2.9885 3.9604 7.5465 9.0371 11.999
2.112 1.5294 2.0636 1.4967 1.0721 1.6352
1420 16
3 4 8 7 5 2
2.0335 3.9054 5.078 6.0236 7.8913 10.878
1.4986 2.5176 1.9968 1.5175 2.0177 1.5157
1421 16
3 4 8 7 5 2
2.01 3.9566 5.0066 6.0648 7.9712 10.988
1.5199 2.467 2.0078 1.4701 1.9153 1.4782
1422 16
3 4 8 7 5 2
1.9563 3.9566 4.9274 5.8964 7.9708 11.009
1.5302 2.5385 2.0101 1.4801 2.0269 1.4375
1423 16
3 7 5 8 7 8 2 5
2.0145 1.9656 3.0261 4.9965 6.0275 9.0474 11.049 11.925
1.4875 1.9678 1.4893 2.0017 1.5507 1.0346 1.5309 1.995
1424 16
3 7 5 8 7 8 2 5
1.9959 2.0589 2.899 4.9766 6.0566 9.0556 11.018 12.014
1.4916 2.0166 1.4951 2.0279 1.4825 0.96445 1.5493 2.0269
1425 16
3 7 5 8 7 8 2 5
2.0396 1.9833 3.0281 5.0477 6.0482 9.0245 10.994 12.006
1.5078 2.0231 1.5401 2.0435 1.4933 0.99085 1.4916 2.0115
1426 16
7 2 3 6 5 8 2 8
1.9695 4.1007 5.9256 7.4113 7.9304 8.9958 11.036 12.02
2.0517 1.9806 1.5116 1.5317 2.026 0.97683 1.5322 1.5681
1427 16
7 2 3 6 5 8 2 8
1.9037 4.0365 6.037 7.4796 7.986 9.018 10.989 12.113
1.9439 1.9814 1.4949 1.5021 2.117 0.94907 1.4774 1.4569
1428 16
7 2 3 6 5 8 2 8
2.017 3.9138 6.028 7.4855 8.0629 9.0476 10.978 11.992
1.9624 2.0846 1.461 1.5312 2.0396 1.0177 1.4975 1.4696
