42
1891 16
6 6 8 4 7
2.1968 8.047 8.7426 9.7482 13.527
2.7572 1.3609 2.4468 1.8634 1.6989
1892 16
3 4 1 3
3.7754 9.3041 10.1 14.524
1.7548 2.4775 1.5766 1.4452
1893 16
6 8 1 2 8 5 7
0.5721 3.4781 5.2119 6.0338 8.2012 8.8668 13.229
1.8341 2.0464 1.7583 1.8617 1.2423 2.5812 2.1579
1894 16
2 5 1 4 6 2 4
1.5397 2.5775 8.1545 8.7996 8.9129 11.107 11.676
2.0534 1.8123 2.2417 2.414 2.4047 2.1544 1.3875
1895 16
8 4 7 4 2 1 5
1.1704 3.1544 3.2549 6.7221 6.8693 8.3626 10.539
2.7612 2.5427 2.9681 1.7825 1.4615 2.8389 2.4167
1896 16
1 4 3 7
2.0647 4.0407 5.9857 6.0345
1.4362 2.483 1.5679 1.5396
1897 16
1 4 3 7
1.9215 3.9922 6.0304 5.9827
1.4669 2.5018 1.5599 1.4492
1898 16
1 4 3 7
1.9491 4.0096 5.9895 5.9757
1.5552 2.4023 1.5553 1.5452
1899 16
1 4 3 7
1.9944 3.9803 5.9677 5.9389
1.6203 2.5994 1.4911 1.4913
1900 16
2 6 2 8
3.9889 7.4378 7.9825 8.9403
2.0638 1.5538 1.5081 0.9848
1901 16
2 6 2 8
3.946 7.4469 7.9188 8.9052
1.9584 1.4489 1.5277 1.07
1902 16
2 6 2 8
3.9453 7.5687 8.0077 9.1039
1.9019 1.5035 1.4082 0.99254
1903 16
2 6 2 8
3.946 7.506 8.1051 8.9632
1.9136 1.5274 1.5043 1.0199
1904 16
3 8 3 2 8 5
2.0048 4.9904 6.0029 8.0574 9.088 11.951
1.5878 2.0336 1.4746 1.5183 1.0088 1.9751
1905 16
3 8 3 2 8 5
1.9461 5.0277 5.9776 7.9598 8.9864 11.963
1.4481 2.0534 1.5018 1.4627 0.93458 2.1066
1906 16
3 8 3 2 8 5
1.9668 4.9561 6.0732 7.9813 8.9403 11.924
1.4987 2.0984 1.4891 1.5867 1.0422 2.0559
1907 16
3 8 3 2 8 5
2.0701 4.9773 5.95 8.0254 9.085 12.029
1.4425 1.9941 1.4989 1.5442 1.1313 2.0348
1908 16
3 8 3 2 8 5
6.0767 9.0044 8.995 11.011 11.897 12.034
1.4262 0.93254 1.5887 1.4395 1.4329 1.9608
1909 16
3 8 3 2 8 5
6.0201 8.9288 8.9463 11.006 12.011 12.064
1.544 1.0839 1.5569 1.603 1.4868 1.9685
1910 16
3 8 3 2 8 5
5.9923 8.9904 8.9622 10.953 11.952 12.038
1.5068 0.96051 1.5069 1.4697 1.4354 2.0143
1911 16
3 8 3 2 8 5
5.9646 8.9451 8.9731 11.055 11.968 12.032
1.4442 0.99985 1.5363 1.5231 1.5127 1.9422
1912 16
4 8 1 2 3 8
3.9917 5.0123 5.9608 8.0169 8.9417 11.955
2.5337 2.0076 1.9541 1.3805 1.4969 1.4619
1913 16
4 8 1 2 3 8
3.9426 4.9259 5.9226 8.0542 9.0597 11.999
2.4978 1.9724 2.043 1.4437 1.57 1.5216
1914 16
4 8 1 2 3 8
3.9938 5.0551 6.0121 7.9684 9.0755 12.044
2.5037 2.025 2.0886 1.63 1.5556 1.4936
1915 16
4 8 1 2 3 8
4.0054 5.012 5.9473 7.8982 9.0345 12.035
2.5644 1.975 1.9874 1.4175 1.5577 1.4836
1916 16
5 4 3 8 3 5
2.9366 4.001 5.9973 9.0703 8.9113 12.095
1.4801 2.4423 1.4266 0.96495 1.6059 1.8941
1917 16
5 4 3 8 3 5
3.0668 3.959 5.9829 9.0358 9.0424 12.048
1.4071 2.4503 1.5247 1.0271 1.6321 1.9468
1918 16
5 4 3 8 3 5
3.0536 3.9279 6.0187 8.9993 8.9899 11.966
1.3685 2.4897 1.4134 1.0978 1.5304 1.9111
1919 16
5 4 3 8 3 5
2.9329 3.9948 5.8596 9.0146 8.9667 12.03
1.5219 2.5473 1.4241 1.0585 1.5584 2.0499
1920 16
7 5 2 6 8 8
1.9712 2.9584 3.933 7.639 8.9611 11.997
2.0181 1.4654 1.9167 1.5249 0.9951 1.4607
1921 16
7 5 2 6 8 8
1.9625 2.9484 3.8895 7.5363 8.9038 11.996
1.8988 1.5296 1.9952 1.5514 1.0342 1.5708
1922 16
7 5 2 6 8 8
1.9689 2.999 3.9655 7.4538 8.9321 12.033
2.0144 1.4948 1.9676 1.5394 1.0474 1.5326
1923 16
7 5 2 6 8 8
2.0339 2.8554 3.9971 7.4805 9.0422 12.015
1.996 1.5443 2.0009 1.4896 0.94905 1.4896
1924 16
3 4 8 7 5 2
2.001 3.9789 4.9133 6.0066 7.9897 10.956
1.5099 2.5544 1.9853 1.4845 2.0432 1.4957
1925 16
3 4 8 7 5 2
1.9329 4.0872 5.0322 6.0121 7.9892 11.036
1.4726 2.5331 1.9803 1.4841 1.9051 1.4036
1926 16
3 4 8 7 5 2
1.9896 3.9484 5.0009 5.9951 7.9948 10.961
1.4481 2.6452 2.0257 1.52 1.9284 1.5038
1927 16
3 7 5 8 7 8 2 5
2.0619 2.0025 2.9789 5.0389 6.0142 8.9343 11.049 11.896
1.4289 2.0263 1.5966 1.9768 1.4969 0.98021 1.4973 1.9846
1928 16
3 7 5 8 7 8 2 5
1.9328 1.9871 3.0468 5.118 6.1256 9.0253 10.987 12.043
1.561 2.0787 1.411 2.1017 1.5653 1.0377 1.5263 1.9761
1929 16
3 7 5 8 7 8 2 5
2.0281 2.0251 2.9785 4.9719 5.974 8.9294 11.012 12
1.3988 1.9478 1.5343 2.0117 1.572 1.0011 1.5119 2.0587
1930 16
7 2 3 6 5 8 2 8
1.9775 3.9464 5.9769 7.5229 8.0175 8.9124 10.888 11.923
1.9958 2.0361 1.5144 1.4692 1.9872 1.0343 1.5407 1.5578
1931 16
7 2 3 6 5 8 2 8
2.0028 3.8566 6.006 7.4119 7.9656 8.9404 10.9 12.045
1.9444 1.9802 1.5281 1.4304 1.9715 1.0377 1.4959 1.4928
1932 16
7 2 3 6 5 8 2 8
2.0623 4.0885 5.9663 7.4914 7.9235 9.0348 10.981 12.01
2.0137 1.9093 1.5094 1.4948 2.0184 1.0878 1.5059 1.5639
