42
1093 16
3 8 5 4 1 2 1 4
2.3132 2.8344 3.8729 4.7556 6.4919 9.0333 9.0901 10.849
1.3166 1.3689 2.4495 1.1901 1.5373 1.1728 2.9451 1.8762
1094 16
4 7 6 6 6 2 3 2
0.61048 1.2208 1.743 7.1426 8.5574 9.9222 10.954 13.392
2.1126 1.5375 1.9231 1.4013 2.5518 1.2765 2.8518 2.2669
1095 16
7 1 8 7 3 1
1.7971 2.7417 4.3511 5.9684 6.6067 9.6876
2.1226 1.8909 2.3416 1.6624 1.9075 2.4802
1096 16
2 7 1 5 5 3
1.4115 4.9405 9.7272 11.115 13.668 13.719
1.8138 1.4174 1.6943 1.3057 1.4111 1.7481
1097 16
8 2 6 7 3 8
1.1446 2.98 4.1879 5.8278 8.9034 11.994
1.8765 1.9947 2.9973 2.1441 1.9109 2.0112
1098 16
1 4 3 7
1.9595 4.0155 5.9562 6.0185
1.5317 2.468 1.4729 1.6075
1099 16
1 4 3 7
2.0671 4.0076 6.0139 5.9864
1.4754 2.5562 1.51 1.5119
1100 16
1 4 3 7
2.012 4.0139 6.0276 5.9395
1.5143 2.4694 1.4433 1.4697
1101 16
1 4 3 7
2.015 4.018 5.9812 5.916
1.5291 2.4853 1.5118 1.4067
1102 16
2 6 2 8
3.9992 7.5388 7.9751 9.0335
1.9678 1.5091 1.432 1.0088
1103 16
2 6 2 8
4.0629 7.4186 8.0437 8.9407
1.9985 1.4311 1.3959 0.95197
1104 16
2 6 2 8
4.073 7.5002 7.9868 8.9752
1.9206 1.5212 1.51 1.0077
1105 16
2 6 2 8
4.0084 7.4645 8.0336 9.0363
2.0298 1.4876 1.5022 1.0854
1106 16
3 8 3 2 8 5
1.9673 4.9221 6.0915 7.9925 9.028 11.964
1.54 2.0528 1.4659 1.4837 1.0173 2.0781
1107 16
3 8 3 2 8 5
1.9862 4.9723 6.0273 7.9812 9.075 11.996
1.4495 2.0875 1.547 1.5204 1.0077 2.0019
1108 16
3 8 3 2 8 5
2.0742 4.9941 5.9983 8.0461 9.0812 11.944
1.4745 1.9032 1.4461 1.518 1.0338 1.989
1109 16
3 8 3 2 8 5
2.0641 5.1052 6.0973 8.0571 9.0186 11.966
1.4706 1.9991 1.4704 1.3891 0.93994 2.1073
1110 16
3 8 3 2 8 5
6.0268 8.9956 9.0003 11 11.956 11.992
1.4764 1.0751 1.5817 1.4382 1.5044 1.964
1111 16
3 8 3 2 8 5
6.0245 9.0268 8.9979 11.087 12.035 12.001
1.494 1.0035 1.4796 1.4814 1.5374 1.9642
1112 16
3 8 3 2 8 5
5.9883 9.0183 9.0793 11.109 12.028 12.043
1.4542 1.1299 1.4666 1.5751 1.5162 2.0699
1113 16
3 8 3 2 8 5
5.9848 9.044 9.0228 11.07 12.042 12.008
1.4733 0.927 1.5637 1.4442 1.4661 1.9626
1114 16
4 8 1 2 3 8
3.9892 4.9815 6.0182 8.0351 9.0058 11.938
2.6189 2.0193 1.9314 1.4548 1.4794 1.5226
1115 16
4 8 1 2 3 8
4.0232 5.0097 6.0157 7.9781 8.9393 11.99
2.4695 2.0657 2.1152 1.482 1.5295 1.474
1116 16
4 8 1 2 3 8
4.0121 5.0137 5.9266 8.0511 9.1252 11.963
2.513 1.9985 2.0195 1.5456 1.4518 1.5059
1117 16
4 8 1 2 3 8
4.0591 5.0401 5.9599 7.9758 8.9166 11.982
2.5252 1.991 2.0821 1.5899 1.4522 1.5238
1118 16
5 4 3 8 3 5
2.9269 3.9726 5.9936 8.9791 8.9906 12.027
1.4536 2.4506 1.5342 0.95651 1.5377 1.9566
1119 16
5 4 3 8 3 5
3.0808 3.9869 5.9732 9.013 9.1157 12.014
1.4592 2.5346 1.504 1.0287 1.5571 1.9619
1120 16
5 4 3 8 3 5
2.9707 3.9474 6.0615 9.0026 8.9715 12.078
1.5347 2.4819 1.5352 0.99279 1.5729 1.9915
1121 16
5 4 3 8 3 5
2.9678 3.9567 6.0134 8.9209 9.0166 11.92
1.5134 2.5103 1.4132 1.0308 1.4954 2.0112
1122 16
7 5 2 6 8 8
2.0627 2.9312 4.0256 7.5217 9.0016 12.005
2.0117 1.5131 2.028 1.4603 0.99799 1.4608
1123 16
7 5 2 6 8 8
2.0505 2.9952 3.9555 7.4692 8.9632 11.929
1.9138 1.4677 2.0565 1.4268 1.0204 1.4604
1124 16
7 5 2 6 8 8
2.0529 2.9276 4.0134 7.478 9.0222 11.912
1.9992 1.5425 1.9277 1.4888 0.99488 1.4361
1125 16
7 5 2 6 8 8
2.0142 2.999 3.97 7.5145 8.9038 11.949
1.9541 1.4841 2.04 1.4299 0.9112 1.4654
1126 16
3 4 8 7 5 2
1.9907 4.0521 5.0013 6.0211 7.9861 11.002
1.4741 2.4497 1.9537 1.5853 1.966 1.4689
1127 16
3 4 8 7 5 2
1.9695 3.9859 4.9825 5.9622 7.9106 11.039
1.3755 2.4011 2.0347 1.4893 2.0045 1.529
1128 16
3 4 8 7 5 2
2.0224 4.0377 5.0185 5.9525 8.089 11.064
1.4114 2.443 2.0737 1.4929 2.0307 1.4447
1129 16
3 7 5 8 7 8 2 5
1.9809 2.0152 2.9351 5.0257 6.0317 8.9571 10.987 12.044
1.4753 1.9712 1.5011 1.9893 1.4947 0.91636 1.4799 1.9917
1130 16
3 7 5 8 7 8 2 5
2.0402 1.9901 3.0135 4.8807 6.0158 8.9669 11.08 11.925
1.5141 2.0034 1.461 2.0379 1.388 1.0512 1.5148 1.9575
1131 16
3 7 5 8 7 8 2 5
2.0269 1.9857 2.912 4.9681 6.023 9.0737 11.048 11.967
1.4983 2.001 1.4574 1.937 1.5305 0.9799 1.4695 1.9667
1132 16
7 2 3 6 5 8 2 8
2.005 4.0363 6.0757 7.431 8.0203 9.0552 11.001 12.002
1.9888 1.923 1.4996 1.5088 1.8896 0.99373 1.5891 1.5513
1133 16
7 2 3 6 5 8 2 8
1.9835 3.8953 6.0034 7.4525 7.9774 8.9947 11 12.04
2.047 2.0486 1.4222 1.4513 1.9412 1.0006 1.5485 1.4438
1134 16
7 2 3 6 5 8 2 8
1.9989 3.9438 6.0181 7.5092 8.0165 8.9909 10.92 12.058
1.9235 1.9174 1.471 1.4249 1.99 0.98618 1.4571 1.4728
