42
1429 16
4 3 5 5
2.3637 3.2172 3.5044 9.8008
2.963 1.2556 2.2347 1.3572
1430 16
1 3 7 1 5
1.5274 4.6994 6.8315 7.6096 8.4342
2.2728 2.3873 2.3648 1.8231 2.7368
1431 16
5 4 5 1 4 3 3
2.1681 2.5313 5.7739 9.2497 10.355 10.36 13.216
2.3541 2.4989 2.5477 2.2224 1.6129 1.2427 1.9325
1432 16
6 4 8 2
0.53727 3.7513 11.247 13.702
2.9633 1.2875 1.1628 1.9523
1433 16
1 5 8 1 4 2 8 6
0.24294 1.6598 2.0495 5.5695 10.273 10.334 10.747 14.371
1.2521 2.0572 2.7969 2.0622 2.353 2.9918 1.2388 1.5303
1434 16
1 4 3 7
1.958 3.8737 6.0029 5.9825
1.5337 2.4669 1.5013 1.4712
1435 16
1 4 3 7
1.9463 3.9642 5.9614 6.0332
1.4683 2.5363 1.4622 1.4611
1436 16
1 4 3 7
1.9642 4.0635 5.9529 6.0883
1.5871 2.4325 1.5005 1.4483
1437 16
1 4 3 7
2.0092 3.9795 5.9202 6.0374
1.3932 2.4723 1.4213 1.5294
1438 16
2 6 2 8
4.0018 7.424 7.9724 9.0558
1.9982 1.5472 1.4964 0.96617
1439 16
2 6 2 8
3.982 7.5636 7.984 9.0084
2.0202 1.4265 1.539 0.97298
1440 16
2 6 2 8
3.9884 7.4978 7.9752 9.0383
1.9611 1.4441 1.5403 0.98081
1441 16
2 6 2 8
3.8449 7.5512 8.0157 9.0071
1.913 1.6462 1.542 0.9917
1442 16
3 8 3 2 8 5
1.9888 5.0238 6.002 8.0625 9.0482 11.901
1.4422 1.8909 1.487 1.5087 0.9648 1.9917
1443 16
3 8 3 2 8 5
2.0359 5.011 5.959 7.9892 8.9745 12.019
1.5663 2.1023 1.4512 1.5502 0.98655 2.0269
1444 16
3 8 3 2 8 5
2.0525 4.95 6.0687 7.9407 8.955 12.065
1.4615 1.8637 1.5601 1.5772 0.97053 2.0173
1445 16
3 8 3 2 8 5
1.9438 5.0242 5.8671 7.9578 8.9929 12.101
1.4525 2.0122 1.5884 1.5348 1.0712 2.0431
1446 16
3 8 3 2 8 5
6.0272 9.0203 8.991 10.996 12.016 11.949
1.5027 1.0826 1.5135 1.4468 1.4433 2.0758
1447 16
3 8 3 2 8 5
6.0364 9.0114 9.0473 10.929 11.979 11.93
1.5396 1.0083 1.4837 1.5129 1.5032 1.9786
1448 16
3 8 3 2 8 5
5.9302 8.9715 9.041 11.027 11.882 12.078
1.5162 0.98819 1.4946 1.5381 1.5023 2.0184
1449 16
3 8 3 2 8 5
6.0249 8.9866 8.9706 10.866 11.981 12
1.551 1.0622 1.5617 1.4263 1.4918 2.0922
1450 16
4 8 1 2 3 8
3.9559 5.0046 6.007 7.9662 8.9083 11.999
2.5088 1.95 2.0328 1.5163 1.5523 1.5185
1451 16
4 8 1 2 3 8
3.9837 5.0542 5.9905 7.9729 9.1028 11.973
2.4938 1.9317 1.8923 1.4894 1.5143 1.5538
1452 16
4 8 1 2 3 8
3.9877 4.9538 5.8765 8.0518 8.9568 11.999
2.5386 2.0745 1.9455 1.4459 1.443 1.5302
1453 16
4 8 1 2 3 8
3.9396 5.0332 6.0039 8.0258 8.9452 11.931
2.503 2.0085 2.0149 1.4213 1.5085 1.4892
1454 16
5 4 3 8 3 5
3.0257 4.0454 6.032 9.0138 9.0283 12.075
1.4629 2.5661 1.4334 1.0729 1.5177 1.9926
1455 16
5 4 3 8 3 5
2.9197 3.9927 5.9899 8.9246 9.0063 11.963
1.5343 2.5222 1.4671 1.0429 1.4258 2.0677
1456 16
5 4 3 8 3 5
2.9897 4.0224 5.9272 8.9556 8.9874 12.015
1.4718 2.4281 1.4984 0.97476 1.5462 1.9561
1457 16
5 4 3 8 3 5
3.0477 4.0456 6.0403 9.0236 8.9704 12.135
1.5514 2.4836 1.5015 0.95246 1.5306 2.0187
1458 16
7 5 2 6 8 8
1.9689 3.0162 3.9729 7.5056 8.9375 11.965
2.0134 1.5275 2.1061 1.5144 0.99521 1.4596
1459 16
7 5 2 6 8 8
2.0565 3.0393 3.9866 7.5449 8.8748 11.987
2.0663 1.4359 2.0291 1.4144 0.94388 1.5035
1460 16
7 5 2 6 8 8
1.9727 2.9801 4.0455 7.4874 9.0934 11.987
2.0312 1.4349 2.0102 1.3965 0.97979 1.5423
1461 16
7 5 2 6 8 8
1.9593 3.017 4.0009 7.5259 9.0937 12.094
1.9041 1.4447 2.0993 1.5183 1.0101 1.5793
1462 16
3 4 8 7 5 2
2.0242 4.0034 4.9827 6.0879 8.0875 10.952
1.5271 2.5191 2.0146 1.5007 2.0324 1.5157
1463 16
3 4 8 7 5 2
1.9347 4.0189 5.0212 6.0713 8.0664 11.072
1.4375 2.4813 2.0961 1.4183 2.0115 1.4944
1464 16
3 4 8 7 5 2
2.0355 3.92 4.9888 6.0604 8.0726 10.983
1.5013 2.5214 2.0262 1.5493 1.9665 1.4292
1465 16
3 7 5 8 7 8 2 5
2.0678 2.0167 2.9736 4.9261 6.06 9.0162 11.014 11.987
1.5761 2.029 1.4547 2.0056 1.5969 0.9448 1.4955 2.0253
1466 16
3 7 5 8 7 8 2 5
1.9965 1.9972 3.0679 5.0706 5.9365 9.0553 10.977 11.93
1.4145 1.9246 1.4897 2.075 1.4668 1.0098 1.5187 2.0573
1467 16
3 7 5 8 7 8 2 5
2.056 1.966 2.92 4.8856 5.9855 8.9993 11.05 11.957
1.5027 1.9729 1.4014 2.04 1.5685 0.96452 1.4891 2.0037
1468 16
7 2 3 6 5 8 2 8
2.0044 3.9859 5.9958 7.558 8.0302 9.0256 11.048 11.963
1.9817 1.9954 1.4275 1.546 2.0504 1.187 1.5229 1.6237
1469 16
7 2 3 6 5 8 2 8
1.9493 3.9753 5.9695 7.4218 7.997 8.9965 10.992 12.006
1.9896 2.0232 1.4802 1.5368 1.9608 0.97943 1.5255 1.545
1470 16
7 2 3 6 5 8 2 8
1.9982 4.0183 6.0214 7.5047 7.952 9.0372 10.95 11.986
1.997 2.0874 1.4665 1.5185 1.9632 1.0121 1.4594 1.4594
