41
8361 16
1 5 1 8 4 5 1 3
0.13266 0.38336 7.3066 8.5041 9.9399 12.692 13.371 14.18
2.9467 2.5813 1.2711 2.8462 1.5781 1.957 2.5534 1.6741
8362 16
7 2 5 4 4 5 1 6
1.9937 2.7914 3.1762 4.9193 8.0543 9.8408 11.22 13.926
2.0001 1.8735 2.3844 2.2572 2.3715 2.0094 2.3148 1.6199
8363 16
5 7 1 8 3
1.6408 2.046 5.4437 8.1929 8.8317
2.356 2.1556 2.9542 2.9138 2.8598
8364 16
1 6 4 6 5
2.1223 2.5564 4.0618 5.9355 6.5604
2.4823 1.8537 2.1651 2.0422 2.1385
8365 16
7 6 8 5 8 3 6
0.57343 1.5524 3.8732 4.2553 7.8033 8.282 14.941
2.5747 2.7275 1.6276 1.0799 1.2239 1.12 1.0017
8366 16
1 4 3 7
1.9873 4.0551 5.8891 5.9857
1.5498 2.5155 1.5386 1.5152
8367 16
1 4 3 7
2.0857 4.0191 5.9772 5.9726
1.4479 2.5412 1.4728 1.4528
8368 16
1 4 3 7
2.0249 3.9257 5.9688 6.0119
1.4664 2.4648 1.5037 1.5317
8369 16
1 4 3 7
2.0263 3.9531 6.0418 6.0089
1.5406 2.4793 1.4589 1.5143
8370 16
2 6 2 8
4.0123 7.5118 8.0482 9.0193
1.8883 1.3971 1.5968 0.92962
8371 16
2 6 2 8
4.0557 7.5376 8.0436 9.014
2.023 1.5626 1.4821 0.91372
8372 16
2 6 2 8
4.0379 7.427 8.0144 8.99
2.0785 1.4994 1.4768 1.0282
8373 16
2 6 2 8
4.0016 7.5029 7.9977 8.9628
1.993 1.4866 1.5776 1.0392
8374 16
3 8 3 2 8 5
1.9727 5.0472 6.1176 7.9733 9.0155 12.046
1.5017 1.9407 1.5426 1.4472 0.97998 1.9483
8375 16
3 8 3 2 8 5
1.9331 4.9502 5.9193 7.9924 9.0568 12.02
1.485 2.033 1.574 1.5647 1.0058 1.977
8376 16
3 8 3 2 8 5
1.8984 4.8502 5.9238 7.9802 8.9444 11.997
1.4142 2.0333 1.5777 1.5819 0.97611 2.0883
8377 16
3 8 3 2 8 5
2.18 5.0147 5.9978 8.0026 8.9731 11.987
1.4929 1.9893 1.5464 1.5221 0.97959 2.0405
8378 16
3 8 3 2 8 5
5.9929 8.9433 8.9771 11.081 12.089 11.987
1.452 0.94843 1.4885 1.4572 1.4311 2.0593
8379 16
3 8 3 2 8 5
5.9974 8.9886 8.9759 11.01 11.969 11.869
1.3892 1.1136 1.5175 1.5543 1.4751 1.9947
8380 16
3 8 3 2 8 5
6.0126 9.0168 8.9291 11.064 12.055 12.121
1.4894 1.0083 1.5172 1.5022 1.4956 2.0342
8381 16
3 8 3 2 8 5
5.9002 8.9696 9.0401 10.985 11.949 11.96
1.4668 0.99928 1.5563 1.5757 1.4425 2.0206
8382 16
4 8 1 2 3 8
3.9798 5.0975 5.9148 8.0325 8.9548 11.949
2.486 2.0356 2.039 1.4308 1.5335 1.4969
8383 16
4 8 1 2 3 8
4.041 5.0195 5.9165 8.0174 8.9553 12.104
2.4646 2.0464 2.0196 1.5314 1.5314 1.4848
8384 16
4 8 1 2 3 8
3.9369 4.9973 5.9439 8.0504 9.077 11.925
2.4444 1.918 2.0777 1.4936 1.4 1.5868
8385 16
4 8 1 2 3 8
4.0991 4.9127 5.906 8.024 9.0545 11.87
2.4776 1.9782 1.8714 1.5235 1.5381 1.4674
8386 16
5 4 3 8 3 5
2.9561 3.9532 5.9286 8.9973 8.9667 12.019
1.3718 2.5401 1.4763 0.98465 1.4396 1.9163
8387 16
5 4 3 8 3 5
2.9867 3.9972 6.0547 9.0138 9.0725 11.958
1.5378 2.5914 1.4301 0.96599 1.4845 1.9591
8388 16
5 4 3 8 3 5
2.9884 4.0758 5.9735 9.034 9.0035 12.044
1.453 2.5272 1.4422 1.0038 1.4665 2.0739
8389 16
5 4 3 8 3 5
2.9456 3.9209 6.019 8.9712 9.0194 12.058
1.4128 2.5932 1.4613 1.0333 1.4778 1.9786
8390 16
7 5 2 6 8 8
2.0836 2.9817 4.0756 7.4886 9.0118 12.081
2.0686 1.4758 2.1081 1.4377 0.99652 1.4911
8391 16
7 5 2 6 8 8
2.0072 3.012 3.9461 7.5181 8.9738 11.966
1.9076 1.4094 2.1242 1.4886 0.94646 1.5736
8392 16
7 5 2 6 8 8
2.0141 3.0021 3.9989 7.4341 8.9755 11.978
2.0091 1.4763 2.0387 1.4419 0.94637 1.5306
8393 16
3 4 8 7 5 2
1.9446 4.0654 5.0138 5.9828 7.9295 11.025
1.5671 2.5032 2.0146 1.5545 2.0033 1.5043
8394 16
3 4 8 7 5 2
2.031 4.0732 5.0069 6.0333 7.9534 10.982
1.5283 2.4186 1.9334 1.4825 2.0581 1.4398
8395 16
3 4 8 7 5 2
2.0876 4.0323 4.9799 5.9726 8.0256 11.065
1.557 2.5255 2.0125 1.4988 2.0552 1.4864
8396 16
3 7 5 8 7 8 2 5
2.0526 2.0045 3.0945 5.0708 6.0834 8.8881 11.029 11.919
1.5556 2.0412 1.4988 2.0537 1.4389 1.0265 1.5895 2.0597
8397 16
3 7 5 8 7 8 2 5
1.9912 1.9437 3.0873 5.0768 5.9241 8.951 10.943 12.022
1.471 2.0432 1.4878 2.0974 1.5065 1.0027 1.4396 1.9266
8398 16
3 7 5 8 7 8 2 5
1.939 2.0054 3.011 4.9699 5.9966 8.9791 10.918 12.036
1.5403 2.0479 1.525 2.0874 1.4842 1.0252 1.527 1.9668
8399 16
7 2 3 6 5 8 2 8
1.9587 4.0471 5.9851 7.6159 8.0333 8.9493 11.022 11.954
1.9808 1.8956 1.4322 1.4908 2.0224 1.0509 1.4778 1.4522
8400 16
7 2 3 6 5 8 2 8
1.9727 4.108 5.9877 7.4367 7.9631 8.9165 11.004 11.95
1.9496 1.9663 1.4957 1.5354 1.9197 1.0072 1.5327 1.4246
8401 16
7 2 3 6 5 8 2 8
1.962 3.9829 6.095 7.4637 7.9697 9.0442 10.988 11.989
2.0365 2.0646 1.5285 1.4817 2.0591 1.0499 1.5004 1.4284
