42
5419 16
2 3 4 2 6 4 8
0.37798 0.93284 4.9117 5.0798 13.203 13.51 13.515
2.0078 1.0571 2.1639 2.8728 2.6644 1.7417 1.8025
5420 16
8 6 2 3 7 5 1
1.4664 1.5063 5.539 6.5607 11.752 12.59 14.478
2.6595 1.0086 1.5459 2.3838 2.8791 1.489 1.2988
5421 16
2 4 8 5 7 2
6.3249 9.0199 9.3129 10.087 12.526 14.077
2.5374 1.7533 2.9556 1.368 2.1034 1.6303
5422 16
4 4 3 5 7 1 6 2
3.8897 5.6217 6.0397 7.4567 10.607 12.361 13.768 14.749
1.4924 1.2076 2.8306 2.4093 2.8248 1.9826 2.1945 1.0972
5423 16
7 8 2 5
0.86116 1.4995 2.4106 3.5808
1.9454 1.5845 2.2899 2.9719
5424 16
1 4 3 7
1.9181 4.0199 5.9886 6.0229
1.5069 2.4964 1.5133 1.4747
5425 16
1 4 3 7
2.035 3.9862 5.9908 6.0333
1.4571 2.5643 1.5158 1.5066
5426 16
1 4 3 7
2.1039 3.9247 6.0039 6.0143
1.5528 2.4921 1.4122 1.4634
5427 16
1 4 3 7
2.0585 3.998 6.017 6.0541
1.5323 2.4331 1.4524 1.5143
5428 16
2 6 2 8
4.057 7.4684 7.993 8.9272
1.9899 1.5489 1.5067 0.97861
5429 16
2 6 2 8
3.9801 7.4677 7.9708 9.0379
1.9915 1.5208 1.479 0.95144
5430 16
2 6 2 8
3.8888 7.4991 7.9496 9.0076
1.9213 1.4649 1.5675 1.0492
5431 16
2 6 2 8
3.9294 7.4812 7.9008 8.9226
2.0609 1.5035 1.4748 0.98336
5432 16
3 8 3 2 8 5
2.0329 4.989 6.0054 7.9363 8.9216 12.007
1.4704 1.9838 1.4687 1.4893 1.0214 1.9353
5433 16
3 8 3 2 8 5
2.0188 4.9549 5.994 8.0376 8.971 11.985
1.4804 2.0876 1.438 1.4267 1.051 2.0808
5434 16
3 8 3 2 8 5
2.0369 4.9646 5.9835 8.0178 9.0408 12.056
1.6144 1.9307 1.471 1.535 0.95199 2.0503
5435 16
3 8 3 2 8 5
1.9602 5.0126 5.9597 8.0457 9.0279 12.018
1.5449 1.9564 1.522 1.5033 1.0447 1.972
5436 16
3 8 3 2 8 5
5.9528 8.9799 8.9846 11.103 11.859 11.941
1.5508 0.99726 1.5479 1.4792 1.4623 1.9438
5437 16
3 8 3 2 8 5
5.9019 8.9891 8.9413 11.064 11.931 11.996
1.497 1.0264 1.4355 1.4396 1.4976 2.0249
5438 16
3 8 3 2 8 5
6.0193 8.9338 8.9915 10.969 11.944 11.935
1.4294 1.0176 1.4657 1.5159 1.4422 2.0316
5439 16
3 8 3 2 8 5
6.0511 9.0077 8.96 10.996 11.992 11.956
1.4894 0.96162 1.4748 1.449 1.4514 1.8898
5440 16
4 8 1 2 3 8
4.0364 4.9522 5.9647 8.0335 8.9581 11.874
2.4796 1.9868 1.9779 1.5428 1.3793 1.4799
5441 16
4 8 1 2 3 8
3.9449 5.0718 6.0647 7.9805 9.0099 12.018
2.465 2.025 2.0595 1.4383 1.5837 1.5517
5442 16
4 8 1 2 3 8
3.9075 5.0938 6.0901 7.9732 8.9135 11.914
2.4657 2.0536 2.0019 1.5261 1.4723 1.4808
5443 16
4 8 1 2 3 8
4.0125 5.0252 5.9994 8.035 8.9482 12.056
2.5431 2.0225 1.9942 1.5384 1.5473 1.4574
5444 16
5 4 3 8 3 5
2.9759 3.9858 6.0499 8.9888 8.9936 11.869
1.5292 2.5073 1.4386 1.0352 1.5411 1.9581
5445 16
5 4 3 8 3 5
2.9648 3.9915 5.9401 9.0451 9.0834 11.962
1.5101 2.511 1.5231 0.95743 1.4531 1.9232
5446 16
5 4 3 8 3 5
2.9561 4.057 6.0811 8.9921 8.9301 12.103
1.6416 2.549 1.4489 0.98603 1.5481 2.0559
5447 16
5 4 3 8 3 5
3.0582 3.9336 5.9896 8.9661 8.9907 11.932
1.5397 2.5125 1.526 0.94842 1.5041 1.9953
5448 16
7 5 2 6 8 8
1.9675 2.993 3.9708 7.4401 8.9769 11.959
2.0468 1.5234 2.0143 1.5625 1.0549 1.4992
5449 16
7 5 2 6 8 8
1.9619 3.0471 4.0411 7.6024 9.0183 12.049
2.0242 1.5148 1.99 1.4658 1.0557 1.5092
5450 16
7 5 2 6 8 8
2.04 2.903 3.9868 7.5401 8.9741 11.875
1.9904 1.554 1.9399 1.3429 0.98979 1.4767
5451 16
7 5 2 6 8 8
2.0491 2.956 4.0765 7.4447 8.9501 11.991
1.9445 1.5741 2.0078 1.4715 0.91302 1.563
5452 16
3 4 8 7 5 2
1.9654 4.0058 4.9984 5.9695 8.0034 10.973
1.4267 2.4674 2.0283 1.4505 2.0285 1.4806
5453 16
3 4 8 7 5 2
1.9875 3.9257 4.9923 6.0604 7.9953 11.045
1.5557 2.4625 1.9742 1.5081 1.9494 1.5181
5454 16
3 4 8 7 5 2
2.0016 3.842 5.0677 5.9496 7.8992 11.048
1.5406 2.4694 1.9927 1.5306 1.9771 1.5834
5455 16
3 7 5 8 7 8 2 5
2.0134 2.0742 3.0623 5.0502 5.9678 8.9537 10.926 12.071
1.499 1.9744 1.5381 1.9429 1.5084 1.039 1.5301 1.9881
5456 16
3 7 5 8 7 8 2 5
1.9608 1.9621 3.0223 4.901 5.9531 9.0224 11.008 11.985
1.4644 1.9872 1.4519 1.9153 1.4258 1.0475 1.5083 1.9408
5457 16
3 7 5 8 7 8 2 5
2.0075 2.0049 2.9504 4.9933 5.9972 9.0078 10.902 11.973
1.4682 2.0046 1.4642 1.9933 1.4559 0.98218 1.5426 1.9663
5458 16
7 2 3 6 5 8 2 8
2.0484 3.9757 6.0196 7.5613 8.0192 8.9355 11.035 12.017
1.9662 1.9493 1.4259 1.5502 1.9578 1.0908 1.466 1.5579
5459 16
7 2 3 6 5 8 2 8
1.9984 3.9848 6.0154 7.4904 8.0531 9.0786 10.91 11.986
2.0033 1.9623 1.5131 1.5792 1.879 0.95743 1.465 1.4541
5460 16
7 2 3 6 5 8 2 8
1.9671 4.0815 5.8823 7.4411 8.0396 8.9234 11.099 11.975
2.0695 2.0278 1.59 1.4643 1.9636 1.0544 1.4634 1.4533
