41
6762 16
1 6 8 7 6
1.6305 5.8255 8.4377 11.394 12.287
1.0504 2.2156 2.7863 1.2336 2.5282
6763 16
2 4 1 1 4
1.115 3.4776 3.969 9.7375 11.244
1.7227 2.1563 2.2705 1.9506 1.2869
6764 16
4 5 8 1 4 6 3
0.9525 2.9451 3.759 3.7662 4.7107 5.2577 5.4675
2.4228 2.1639 2.1583 2.2078 2.6083 2.7091 1.4546
6765 16
5 8 4 6
4.9861 6.8426 8.8752 10.889
1.2181 1.9565 1.7326 1.8169
6766 16
1 5 3 2 4 5 6
0.51707 0.9988 1.6459 1.8392 3.2366 5.2594 9.6144
2.6916 2.5508 1.9625 1.3487 2.0077 1.2688 1.7479
6767 16
1 4 3 7
2.0681 4.0367 6.033 5.9322
1.5006 2.4736 1.5065 1.5636
6768 16
1 4 3 7
1.9628 4.0785 5.9189 5.9585
1.5188 2.5265 1.5772 1.4463
6769 16
1 4 3 7
1.9392 4.018 6.0044 5.9193
1.4937 2.4411 1.4987 1.5599
6770 16
1 4 3 7
2.022 3.9712 6.0335 6.042
1.4593 2.4589 1.5422 1.4497
6771 16
2 6 2 8
4.0445 7.4959 7.991 8.9972
2.007 1.4801 1.46 0.96843
6772 16
2 6 2 8
4.117 7.4866 7.9662 9.0083
1.9996 1.5485 1.5315 0.93795
6773 16
2 6 2 8
4.0732 7.5361 7.9658 8.9056
2.0039 1.564 1.4925 1.0569
6774 16
2 6 2 8
4.0492 7.5017 8.0052 8.9925
1.9517 1.4988 1.4713 1.0593
6775 16
3 8 3 2 8 5
1.9636 4.9925 6.0402 8.0032 9.0232 12.018
1.5218 1.8882 1.6105 1.4943 0.94795 2.0408
6776 16
3 8 3 2 8 5
2.0521 4.9953 6.0034 8.0435 9.0846 12.002
1.5164 2.0009 1.5749 1.5734 0.88045 1.9224
6777 16
3 8 3 2 8 5
2.0324 5.0246 6.033 8.0111 9.0063 11.978
1.5355 2.0684 1.5388 1.4442 0.86341 2.0307
6778 16
3 8 3 2 8 5
2.0034 4.976 5.9982 7.9877 8.9774 12.01
1.3942 2.0517 1.4747 1.4809 1.1271 2.0377
6779 16
3 8 3 2 8 5
5.9728 8.9205 8.962 10.983 11.983 11.986
1.5287 0.94748 1.55 1.4547 1.5166 2.0802
6780 16
3 8 3 2 8 5
6.0181 8.9536 9.0072 10.974 12.034 11.907
1.4707 0.94478 1.5711 1.5373 1.4218 1.9554
6781 16
3 8 3 2 8 5
6.0141 9.0261 8.9887 10.932 11.968 11.978
1.4583 0.97693 1.4741 1.543 1.4658 2.081
6782 16
3 8 3 2 8 5
5.946 9.061 9.0242 10.998 12.037 11.892
1.5052 0.93837 1.5237 1.4884 1.4703 2.0063
6783 16
4 8 1 2 3 8
3.9861 5.0226 6.0274 7.9486 9.0443 12.108
2.5149 2.049 2.0371 1.4083 1.4768 1.4489
6784 16
4 8 1 2 3 8
3.9791 5.0671 5.8371 8.0526 8.9628 12.051
2.5105 1.9418 1.9502 1.5409 1.4839 1.4171
6785 16
4 8 1 2 3 8
3.8606 4.9846 5.9921 7.896 9.0242 12.021
2.4971 2.0035 1.9643 1.4588 1.4857 1.4841
6786 16
4 8 1 2 3 8
4.0068 4.9618 5.9669 8.0515 9.0492 11.923
2.566 1.9357 2.007 1.5048 1.5879 1.4968
6787 16
5 4 3 8 3 5
3.0131 3.9788 5.9725 9.0186 9.0362 11.99
1.4919 2.4445 1.5287 0.94639 1.4696 1.958
6788 16
5 4 3 8 3 5
2.9742 3.989 6.0033 9.0111 8.9892 12.031
1.4537 2.4833 1.52 0.91097 1.5537 1.9853
6789 16
5 4 3 8 3 5
3.0416 3.9861 6.0123 9.0315 8.9219 12.046
1.4822 2.5782 1.4863 0.95756 1.4924 2.0194
6790 16
5 4 3 8 3 5
2.9518 4.0873 6.0207 8.9818 9.0643 11.94
1.5127 2.4301 1.4448 1.0109 1.4455 1.9903
6791 16
7 5 2 6 8 8
1.9755 3.132 4 7.5076 9.0298 12.026
1.8597 1.3724 1.9692 1.4305 0.95183 1.5389
6792 16
7 5 2 6 8 8
2.082 2.9607 3.951 7.3309 8.9929 11.979
1.8937 1.4548 2.0548 1.5121 0.98784 1.427
6793 16
7 5 2 6 8 8
1.9072 3.0085 3.9667 7.3887 8.9533 12.052
2.098 1.5089 1.9718 1.4351 1.1187 1.5387
6794 16
3 4 8 7 5 2
2.0009 4.0083 5.0348 5.9522 8.0884 10.921
1.464 2.4853 1.9409 1.4765 1.9606 1.5004
6795 16
3 4 8 7 5 2
2.0205 4.0652 4.9755 6.0116 8.0198 11
1.5165 2.4601 1.9114 1.4542 1.9638 1.5247
6796 16
3 4 8 7 5 2
2.0126 4.0383 5.0219 5.9772 8.0322 11.06
1.4608 2.4326 2 1.5618 2.0115 1.4458
6797 16
3 7 5 8 7 8 2 5
2.0047 1.9516 2.9641 5.0295 5.9887 9.012 11.012 12.067
1.5111 2.0446 1.4783 1.9961 1.4805 0.97604 1.427 1.9763
6798 16
3 7 5 8 7 8 2 5
2.0969 2.0155 3.0014 4.9852 5.9535 8.9577 10.97 12.129
1.5639 2.0094 1.4759 2.0638 1.5226 0.99455 1.4549 1.9875
6799 16
3 7 5 8 7 8 2 5
1.9792 1.9213 2.991 4.9945 6 8.9337 10.994 12.015
1.5071 1.9662 1.5037 2.0278 1.4226 0.98032 1.503 1.9677
6800 16
7 2 3 6 5 8 2 8
1.9931 4.0229 5.9759 7.4292 8.0888 9.0516 11.041 11.945
2.0534 2.0304 1.497 1.5336 2 1.0227 1.4475 1.4961
6801 16
7 2 3 6 5 8 2 8
2.0053 4.0121 6.0346 7.56 8.0213 9.0434 10.983 12.013
2.0285 1.9692 1.4027 1.4853 2.0411 0.97977 1.4862 1.508
6802 16
7 2 3 6 5 8 2 8
2.0063 3.9482 5.9855 7.518 8.0084 9.0463 11.009 12.103
1.9806 1.9889 1.5495 1.5449 1.96 1.0432 1.5606 1.4576
